"No.","Time","Source","Destination","Protocol","Length","Info"
"1","0.000000","10.8.0.1","ec2-44-236-35-201.us-west-2.compute.amazonaws.com","TCP","74","41990  >  443 [SYN] Seq=0 Win=65535 Len=0 MSS=1460 SACK_PERM=1 TSval=2466295140 TSecr=0 WS=1024"
"2","0.011164","ec2-44-236-35-201.us-west-2.compute.amazonaws.com","10.8.0.1","TCP","54","443  >  41990 [SYN, ACK] Seq=0 Ack=1 Win=65535 Len=0"
"3","0.011203","10.8.0.1","ec2-44-236-35-201.us-west-2.compute.amazonaws.com","TCP","54","41990  >  443 [ACK] Seq=1 Ack=1 Win=65535 Len=0"
"4","0.064712","10.8.0.1","ec2-44-236-35-201.us-west-2.compute.amazonaws.com","TLSv1.2","571","Client Hello"
"5","0.064808","ec2-44-236-35-201.us-west-2.compute.amazonaws.com","10.8.0.1","TCP","54","443  >  41990 [ACK] Seq=1 Ack=518 Win=65535 Len=0"
"6","0.248915","ec2-44-236-35-201.us-west-2.compute.amazonaws.com","10.8.0.1","TLSv1.2","2810","Server Hello"
"7","0.299437","10.8.0.1","ec2-44-236-35-201.us-west-2.compute.amazonaws.com","TCP","54","41990  >  443 [ACK] Seq=518 Ack=2757 Win=65535 Len=0"
"8","0.299630","ec2-44-236-35-201.us-west-2.compute.amazonaws.com","10.8.0.1","TCP","2810","443  >  41990 [PSH, ACK] Seq=2757 Ack=518 Win=65535 Len=2756 [TCP segment of a reassembled PDU]"
"9","0.350006","10.8.0.1","ec2-44-236-35-201.us-west-2.compute.amazonaws.com","TCP","54","41990  >  443 [ACK] Seq=518 Ack=5513 Win=65535 Len=0"
"10","0.350228","ec2-44-236-35-201.us-west-2.compute.amazonaws.com","10.8.0.1","TLSv1.2","780","Certificate, Server Key Exchange, Server Hello Done"
"11","0.400545","10.8.0.1","ec2-44-236-35-201.us-west-2.compute.amazonaws.com","TCP","54","41990  >  443 [ACK] Seq=518 Ack=6239 Win=65535 Len=0"
"12","0.701891","10.8.0.1","ec2-44-236-35-201.us-west-2.compute.amazonaws.com","TLSv1.2","180","Client Key Exchange, Change Cipher Spec, Encrypted Handshake Message"
"13","0.702042","ec2-44-236-35-201.us-west-2.compute.amazonaws.com","10.8.0.1","TCP","54","443  >  41990 [ACK] Seq=6239 Ack=644 Win=65535 Len=0"
"14","0.816983","ec2-44-236-35-201.us-west-2.compute.amazonaws.com","10.8.0.1","TLSv1.2","312","New Session Ticket, Change Cipher Spec, Encrypted Handshake Message"
"15","0.867141","10.8.0.1","ec2-44-236-35-201.us-west-2.compute.amazonaws.com","TCP","54","41990  >  443 [ACK] Seq=644 Ack=6497 Win=65535 Len=0"
"16","0.867205","10.8.0.1","ec2-44-236-35-201.us-west-2.compute.amazonaws.com","TCP","590","41990  >  443 [ACK] Seq=644 Ack=6497 Win=65535 Len=536 [TCP segment of a reassembled PDU]"
"17","0.867338","ec2-44-236-35-201.us-west-2.compute.amazonaws.com","10.8.0.1","TCP","54","443  >  41990 [ACK] Seq=6497 Ack=1180 Win=65535 Len=0"
"18","0.867350","10.8.0.1","ec2-44-236-35-201.us-west-2.compute.amazonaws.com","TCP","590","41990  >  443 [PSH, ACK] Seq=1180 Ack=6497 Win=65535 Len=536 [TCP segment of a reassembled PDU]"
"19","0.867369","ec2-44-236-35-201.us-west-2.compute.amazonaws.com","10.8.0.1","TCP","54","443  >  41990 [ACK] Seq=6497 Ack=1716 Win=65535 Len=0"
"20","0.867377","10.8.0.1","ec2-44-236-35-201.us-west-2.compute.amazonaws.com","TCP","590","41990  >  443 [ACK] Seq=1716 Ack=6497 Win=65535 Len=536 [TCP segment of a reassembled PDU]"
"21","0.867390","ec2-44-236-35-201.us-west-2.compute.amazonaws.com","10.8.0.1","TCP","54","443  >  41990 [ACK] Seq=6497 Ack=2252 Win=65535 Len=0"
"22","0.867444","10.8.0.1","ec2-44-236-35-201.us-west-2.compute.amazonaws.com","TCP","590","41990  >  443 [PSH, ACK] Seq=2252 Ack=6497 Win=65535 Len=536 [TCP segment of a reassembled PDU]"
"23","0.867460","ec2-44-236-35-201.us-west-2.compute.amazonaws.com","10.8.0.1","TCP","54","443  >  41990 [ACK] Seq=6497 Ack=2788 Win=65535 Len=0"
"24","0.867466","10.8.0.1","ec2-44-236-35-201.us-west-2.compute.amazonaws.com","TCP","590","41990  >  443 [ACK] Seq=2788 Ack=6497 Win=65535 Len=536 [TCP segment of a reassembled PDU]"
"25","0.867479","ec2-44-236-35-201.us-west-2.compute.amazonaws.com","10.8.0.1","TCP","54","443  >  41990 [ACK] Seq=6497 Ack=3324 Win=65535 Len=0"
"26","0.867488","10.8.0.1","ec2-44-236-35-201.us-west-2.compute.amazonaws.com","TCP","590","41990  >  443 [PSH, ACK] Seq=3324 Ack=6497 Win=65535 Len=536 [TCP segment of a reassembled PDU]"
"27","0.867514","ec2-44-236-35-201.us-west-2.compute.amazonaws.com","10.8.0.1","TCP","54","443  >  41990 [ACK] Seq=6497 Ack=3860 Win=65535 Len=0"
"28","0.867528","10.8.0.1","ec2-44-236-35-201.us-west-2.compute.amazonaws.com","TCP","590","41990  >  443 [ACK] Seq=3860 Ack=6497 Win=65535 Len=536 [TCP segment of a reassembled PDU]"
"29","0.867545","ec2-44-236-35-201.us-west-2.compute.amazonaws.com","10.8.0.1","TCP","54","443  >  41990 [ACK] Seq=6497 Ack=4396 Win=65535 Len=0"
"30","0.867553","10.8.0.1","ec2-44-236-35-201.us-west-2.compute.amazonaws.com","TCP","590","41990  >  443 [PSH, ACK] Seq=4396 Ack=6497 Win=65535 Len=536 [TCP segment of a reassembled PDU]"
"31","0.867573","ec2-44-236-35-201.us-west-2.compute.amazonaws.com","10.8.0.1","TCP","54","443  >  41990 [ACK] Seq=6497 Ack=4932 Win=65535 Len=0"
"32","0.867580","10.8.0.1","ec2-44-236-35-201.us-west-2.compute.amazonaws.com","TCP","590","41990  >  443 [ACK] Seq=4932 Ack=6497 Win=65535 Len=536 [TCP segment of a reassembled PDU]"
"33","0.867598","ec2-44-236-35-201.us-west-2.compute.amazonaws.com","10.8.0.1","TCP","54","443  >  41990 [ACK] Seq=6497 Ack=5468 Win=65535 Len=0"
"34","0.867605","10.8.0.1","ec2-44-236-35-201.us-west-2.compute.amazonaws.com","TCP","590","41990  >  443 [PSH, ACK] Seq=5468 Ack=6497 Win=65535 Len=536 [TCP segment of a reassembled PDU]"
"35","0.867633","ec2-44-236-35-201.us-west-2.compute.amazonaws.com","10.8.0.1","TCP","54","443  >  41990 [ACK] Seq=6497 Ack=6004 Win=65535 Len=0"
"36","0.867639","10.8.0.1","ec2-44-236-35-201.us-west-2.compute.amazonaws.com","TLSv1.2","439","Application Data"
"37","0.867657","ec2-44-236-35-201.us-west-2.compute.amazonaws.com","10.8.0.1","TCP","54","443  >  41990 [ACK] Seq=6497 Ack=6389 Win=65535 Len=0"
"38","0.899626","10.8.0.1","40.70.161.7","TCP","74","56522  >  443 [SYN] Seq=0 Win=65535 Len=0 MSS=1460 SACK_PERM=1 TSval=523994451 TSecr=0 WS=1024"
"39","0.901285","40.70.161.7","10.8.0.1","TCP","54","443  >  56522 [SYN, ACK] Seq=0 Ack=1 Win=65535 Len=0"
"40","0.901316","10.8.0.1","40.70.161.7","TCP","54","56522  >  443 [ACK] Seq=1 Ack=1 Win=65535 Len=0"
"41","0.940854","10.8.0.1","40.70.161.7","TLSv1.2","571","Client Hello"
"42","0.940941","40.70.161.7","10.8.0.1","TCP","54","443  >  56522 [ACK] Seq=1 Ack=518 Win=65535 Len=0"
"43","1.155943","40.70.161.7","10.8.0.1","TLSv1.2","4188","Server Hello"
"44","1.206196","10.8.0.1","40.70.161.7","TCP","54","56522  >  443 [ACK] Seq=518 Ack=4135 Win=65535 Len=0"
"45","1.206448","ec2-44-236-35-201.us-west-2.compute.amazonaws.com","10.8.0.1","TCP","1502","443  >  41990 [PSH, ACK] Seq=6497 Ack=6389 Win=65535 Len=1448 [TCP segment of a reassembled PDU]"
"46","1.206550","40.70.161.7","10.8.0.1","TLSv1.2","977","Certificate, Server Key Exchange, Server Hello Done"
"47","1.206567","10.8.0.1","ec2-44-236-35-201.us-west-2.compute.amazonaws.com","TCP","54","41990  >  443 [ACK] Seq=6389 Ack=7945 Win=65535 Len=0"
"48","1.206586","10.8.0.1","40.70.161.7","TCP","54","56522  >  443 [ACK] Seq=518 Ack=5058 Win=65535 Len=0"
"49","1.225727","ec2-44-236-35-201.us-west-2.compute.amazonaws.com","10.8.0.1","TLSv1.2","968","Application Data"
"50","1.276088","10.8.0.1","ec2-44-236-35-201.us-west-2.compute.amazonaws.com","TCP","54","41990  >  443 [ACK] Seq=6389 Ack=8859 Win=65535 Len=0"
"51","1.276145","10.8.0.1","40.70.161.7","TLSv1.2","180","Client Key Exchange, Change Cipher Spec, Encrypted Handshake Message"
"52","1.276295","40.70.161.7","10.8.0.1","TCP","54","443  >  56522 [ACK] Seq=5058 Ack=644 Win=65535 Len=0"
"53","1.326553","10.8.0.1","ns1.backplanedns.org","NTP","90","NTP Version 3, client"
"54","2.334117","10.8.0.1","13.69.109.130","TCP","74","60460  >  443 [SYN] Seq=0 Win=65535 Len=0 MSS=1460 SACK_PERM=1 TSval=1107771188 TSecr=0 WS=1024"
"55","2.337149","13.69.109.130","10.8.0.1","TCP","54","443  >  60460 [SYN, ACK] Seq=0 Ack=1 Win=65535 Len=0"
"56","2.337218","40.70.161.7","10.8.0.1","TLSv1.2","312","New Session Ticket, Change Cipher Spec, Encrypted Handshake Message"
"57","2.337231","10.8.0.1","13.69.109.130","TCP","54","60460  >  443 [ACK] Seq=1 Ack=1 Win=65535 Len=0"
"58","2.337237","10.8.0.1","40.70.161.7","TCP","54","56522  >  443 [ACK] Seq=644 Ack=5316 Win=65535 Len=0"
"59","2.340405","10.8.0.1","13.69.109.130","TLSv1.2","571","Client Hello"
"60","2.340456","13.69.109.130","10.8.0.1","TCP","54","443  >  60460 [ACK] Seq=1 Ack=518 Win=65535 Len=0"
"61","2.343013","10.8.0.1","40.70.161.7","TCP","590","56522  >  443 [ACK] Seq=644 Ack=5316 Win=65535 Len=536 [TCP segment of a reassembled PDU]"
"62","2.343070","40.70.161.7","10.8.0.1","TCP","54","443  >  56522 [ACK] Seq=5316 Ack=1180 Win=65535 Len=0"
"63","2.343080","10.8.0.1","40.70.161.7","TCP","590","56522  >  443 [ACK] Seq=1180 Ack=5316 Win=65535 Len=536 [TCP segment of a reassembled PDU]"
"64","2.343099","40.70.161.7","10.8.0.1","TCP","54","443  >  56522 [ACK] Seq=5316 Ack=1716 Win=65535 Len=0"
"65","2.343106","10.8.0.1","40.70.161.7","TLSv1.2","316","Application Data"
"66","2.343121","40.70.161.7","10.8.0.1","TCP","54","443  >  56522 [ACK] Seq=5316 Ack=1978 Win=65535 Len=0"
"67","2.704120","13.69.109.130","10.8.0.1","TCP","4188","443  >  60460 [PSH, ACK] Seq=1 Ack=518 Win=65535 Len=4134 [TCP segment of a reassembled PDU]"
"68","2.754337","10.8.0.1","13.69.109.130","TCP","54","60460  >  443 [ACK] Seq=518 Ack=4135 Win=65535 Len=0"
"69","2.755677","13.69.109.130","10.8.0.1","TCP","1432","443  >  60460 [PSH, ACK] Seq=4135 Ack=518 Win=65535 Len=1378 [TCP segment of a reassembled PDU]"
"70","2.805913","10.8.0.1","13.69.109.130","TCP","54","60460  >  443 [ACK] Seq=518 Ack=5513 Win=65535 Len=0"
"71","2.806183","40.70.161.7","10.8.0.1","TLSv1.2","371","Application Data"
"72","2.806319","13.69.109.130","10.8.0.1","TLSv1.2","717","Server Hello, Certificate, Certificate Status, Server Key Exchange, Server Hello Done"
"73","2.806350","10.8.0.1","40.70.161.7","TCP","54","56522  >  443 [ACK] Seq=1978 Ack=5633 Win=65535 Len=0"
"74","2.806376","10.8.0.1","13.69.109.130","TCP","54","60460  >  443 [ACK] Seq=518 Ack=6176 Win=65535 Len=0"
"75","2.846257","10.8.0.1","13.69.109.130","TLSv1.2","212","Client Key Exchange, Change Cipher Spec, Encrypted Handshake Message"
"76","2.846370","13.69.109.130","10.8.0.1","TCP","54","443  >  60460 [ACK] Seq=6176 Ack=676 Win=65535 Len=0"
"77","3.018523","13.69.109.130","10.8.0.1","TLSv1.2","105","Change Cipher Spec, Encrypted Handshake Message"
"78","3.068741","10.8.0.1","13.69.109.130","TCP","54","60460  >  443 [ACK] Seq=676 Ack=6227 Win=65535 Len=0"
"79","3.068808","10.8.0.1","13.69.109.130","TCP","590","60460  >  443 [ACK] Seq=676 Ack=6227 Win=65535 Len=536 [TCP segment of a reassembled PDU]"
"80","3.068946","13.69.109.130","10.8.0.1","TCP","54","443  >  60460 [ACK] Seq=6227 Ack=1212 Win=65535 Len=0"
"81","3.068969","10.8.0.1","13.69.109.130","TCP","590","60460  >  443 [PSH, ACK] Seq=1212 Ack=6227 Win=65535 Len=536 [TCP segment of a reassembled PDU]"
"82","3.069023","13.69.109.130","10.8.0.1","TCP","54","443  >  60460 [ACK] Seq=6227 Ack=1748 Win=65535 Len=0"
"83","3.069040","10.8.0.1","13.69.109.130","TLSv1.2","412","Application Data"
"84","3.069120","13.69.109.130","10.8.0.1","TCP","54","443  >  60460 [ACK] Seq=6227 Ack=2106 Win=65535 Len=0"
"85","3.420886","13.69.109.130","10.8.0.1","TLSv1.2","462","Application Data"
"86","3.471123","10.8.0.1","13.69.109.130","TCP","54","60460  >  443 [ACK] Seq=2106 Ack=6635 Win=65535 Len=0"
"87","4.279455","10.8.0.1","edge-star-shv-01-ort2.facebook.com","TCP","74","42074  >  443 [SYN] Seq=0 Win=65535 Len=0 MSS=1460 SACK_PERM=1 TSval=1358972976 TSecr=0 WS=1024"
"88","4.282518","edge-star-shv-01-ort2.facebook.com","10.8.0.1","TCP","54","443  >  42074 [SYN, ACK] Seq=0 Ack=1 Win=65535 Len=0"
"89","4.282573","10.8.0.1","edge-star-shv-01-ort2.facebook.com","TCP","54","42074  >  443 [ACK] Seq=1 Ack=1 Win=65535 Len=0"
"90","4.285205","10.8.0.1","edge-star-mini-shv-01-msp1.facebook.com","TCP","74","34938  >  443 [SYN] Seq=0 Win=65535 Len=0 MSS=1460 SACK_PERM=1 TSval=2703923538 TSecr=0 WS=1024"
"91","4.286866","edge-star-mini-shv-01-msp1.facebook.com","10.8.0.1","TCP","54","443  >  34938 [SYN, ACK] Seq=0 Ack=1 Win=65535 Len=0"
"92","4.286895","10.8.0.1","edge-star-mini-shv-01-msp1.facebook.com","TCP","54","34938  >  443 [ACK] Seq=1 Ack=1 Win=65535 Len=0"
"93","4.318186","10.8.0.1","edge-star-shv-01-ort2.facebook.com","QUIC","1274","Initial, DCID=04b76753e83293c3, PKN: 4985576, CRYPTO, PADDING"
"94","4.392776","edge-star-shv-01-ort2.facebook.com","10.8.0.1","QUIC","1274","Initial, SCID=540a81c311869cfc, PKN: 15822254, ACK, PADDING"
"95","4.392842","10.8.0.1","edge-star-shv-01-ort2.facebook.com","TCP","74","42082  >  443 [SYN] Seq=0 Win=65535 Len=0 MSS=1460 SACK_PERM=1 TSval=1358973021 TSecr=0 WS=1024"
"96","4.395407","edge-star-shv-01-ort2.facebook.com","10.8.0.1","TCP","54","443  >  42082 [SYN, ACK] Seq=0 Ack=1 Win=65535 Len=0"
"97","4.395453","10.8.0.1","edge-star-mini-shv-01-msp1.facebook.com","TCP","74","34944  >  443 [SYN] Seq=0 Win=65535 Len=0 MSS=1460 SACK_PERM=1 TSval=2703923592 TSecr=0 WS=1024"
"98","4.397406","edge-star-mini-shv-01-msp1.facebook.com","10.8.0.1","TCP","54","443  >  34944 [SYN, ACK] Seq=0 Ack=1 Win=65535 Len=0"
"99","4.397448","10.8.0.1","edge-star-shv-01-ort2.facebook.com","TLSv1.3","459","Client Hello"
"100","4.397509","edge-star-shv-01-ort2.facebook.com","10.8.0.1","TCP","54","443  >  42074 [ACK] Seq=1 Ack=406 Win=65535 Len=0"
"101","4.397529","10.8.0.1","edge-star-mini-shv-01-msp1.facebook.com","TLSv1.3","461","Client Hello"
"102","4.397576","edge-star-mini-shv-01-msp1.facebook.com","10.8.0.1","TCP","54","443  >  34938 [ACK] Seq=1 Ack=408 Win=65535 Len=0"
"103","4.397659","10.8.0.1","edge-star-shv-01-ort2.facebook.com","TCP","54","42082  >  443 [ACK] Seq=1 Ack=1 Win=65535 Len=0"
"104","4.397720","10.8.0.1","edge-star-mini-shv-01-msp1.facebook.com","TCP","54","34944  >  443 [ACK] Seq=1 Ack=1 Win=65535 Len=0"
"105","4.399773","10.8.0.1","edge-star-shv-01-ort2.facebook.com","TLSv1.3","461","Client Hello"
"106","4.399843","edge-star-shv-01-ort2.facebook.com","10.8.0.1","TCP","54","443  >  42082 [ACK] Seq=1 Ack=408 Win=65535 Len=0"
"107","4.412188","10.8.0.1","edge-star-mini-shv-01-msp1.facebook.com","TLSv1.3","463","Client Hello"
"108","4.412307","edge-star-mini-shv-01-msp1.facebook.com","10.8.0.1","TCP","54","443  >  34944 [ACK] Seq=1 Ack=410 Win=65535 Len=0"
"109","4.496142","edge-star-shv-01-ort2.facebook.com","10.8.0.1","TLSv1.3","1434","Server Hello, Change Cipher Spec, Application Data"
"110","4.496208","10.8.0.1","edge-star-shv-01-ort2.facebook.com","TCP","54","42074  >  443 [ACK] Seq=406 Ack=1381 Win=65535 Len=0"
"111","4.506093","edge-star-mini-shv-01-msp1.facebook.com","10.8.0.1","TLSv1.3","266","Server Hello, Change Cipher Spec, Application Data"
"112","4.556318","10.8.0.1","edge-star-mini-shv-01-msp1.facebook.com","TCP","54","34938  >  443 [ACK] Seq=408 Ack=213 Win=65535 Len=0"
"113","4.556594","edge-star-shv-01-ort2.facebook.com","10.8.0.1","TLSv1.3","1057","Application Data"
"114","4.556689","edge-star-shv-01-ort2.facebook.com","10.8.0.1","TLSv1.3","1434","Server Hello, Change Cipher Spec, Application Data"
"115","4.556718","10.8.0.1","edge-star-mini-shv-01-msp1.facebook.com","TLSv1.3","118","Change Cipher Spec, Application Data"
"116","4.556773","edge-star-mini-shv-01-msp1.facebook.com","10.8.0.1","TCP","54","443  >  34938 [ACK] Seq=213 Ack=472 Win=65535 Len=0"
"117","4.556795","10.8.0.1","edge-star-shv-01-ort2.facebook.com","TCP","54","42074  >  443 [ACK] Seq=406 Ack=2384 Win=65535 Len=0"
"118","4.556919","10.8.0.1","edge-star-shv-01-ort2.facebook.com","TCP","54","42082  >  443 [ACK] Seq=408 Ack=1381 Win=65535 Len=0"
"119","4.618901","edge-star-shv-01-ort2.facebook.com","10.8.0.1","TLSv1.3","1059","Application Data"
"120","4.669140","10.8.0.1","edge-star-shv-01-ort2.facebook.com","TCP","54","42082  >  443 [ACK] Seq=408 Ack=2386 Win=65535 Len=0"
"121","4.669353","edge-star-mini-shv-01-msp1.facebook.com","10.8.0.1","TLSv1.3","266","Server Hello, Change Cipher Spec, Application Data"
"122","4.669384","10.8.0.1","edge-star-shv-01-ort2.facebook.com","TLSv1.3","118","Change Cipher Spec, Application Data"
"123","4.669446","edge-star-shv-01-ort2.facebook.com","10.8.0.1","TCP","54","443  >  42074 [ACK] Seq=2384 Ack=470 Win=65535 Len=0"
"124","4.669465","10.8.0.1","edge-star-shv-01-ort2.facebook.com","TLSv1.3","118","Change Cipher Spec, Application Data"
"125","4.669509","edge-star-shv-01-ort2.facebook.com","10.8.0.1","TCP","54","443  >  42082 [ACK] Seq=2386 Ack=472 Win=65535 Len=0"
"126","4.669612","10.8.0.1","edge-star-mini-shv-01-msp1.facebook.com","TCP","54","34944  >  443 [ACK] Seq=410 Ack=213 Win=65535 Len=0"
"127","4.670671","10.8.0.1","edge-star-mini-shv-01-msp1.facebook.com","TLSv1.3","118","Change Cipher Spec, Application Data"
"128","4.670792","edge-star-mini-shv-01-msp1.facebook.com","10.8.0.1","TCP","54","443  >  34944 [ACK] Seq=213 Ack=474 Win=65535 Len=0"
"129","4.721146","edge-star-mini-shv-01-msp1.facebook.com","10.8.0.1","TLSv1.3","233","Application Data"
"130","4.771357","10.8.0.1","edge-star-mini-shv-01-msp1.facebook.com","TCP","54","34938  >  443 [ACK] Seq=472 Ack=392 Win=65535 Len=0"
"131","4.771610","edge-star-shv-01-ort2.facebook.com","10.8.0.1","TLSv1.3","233","Application Data"
"132","4.771702","edge-star-shv-01-ort2.facebook.com","10.8.0.1","TLSv1.3","313","Application Data, Application Data"
"133","4.771784","edge-star-mini-shv-01-msp1.facebook.com","10.8.0.1","TLSv1.3","134","Application Data"
"134","4.771802","10.8.0.1","edge-star-shv-01-ort2.facebook.com","TCP","54","42074  >  443 [ACK] Seq=470 Ack=2563 Win=65535 Len=0"
"135","4.771823","10.8.0.1","edge-star-shv-01-ort2.facebook.com","TCP","54","42082  >  443 [ACK] Seq=472 Ack=2645 Win=65535 Len=0"
"136","4.771840","10.8.0.1","edge-star-mini-shv-01-msp1.facebook.com","TCP","54","34938  >  443 [ACK] Seq=472 Ack=472 Win=65535 Len=0"
"137","4.778490","edge-star-mini-shv-01-msp1.facebook.com","10.8.0.1","TLSv1.3","233","Application Data"
"138","4.828689","10.8.0.1","edge-star-mini-shv-01-msp1.facebook.com","TCP","54","34944  >  443 [ACK] Seq=474 Ack=392 Win=65535 Len=0"
"139","4.828940","edge-star-shv-01-ort2.facebook.com","10.8.0.1","TLSv1.3","134","Application Data"
"140","4.828972","10.8.0.1","edge-star-shv-01-ort2.facebook.com","TCP","54","42074  >  443 [ACK] Seq=470 Ack=2643 Win=65535 Len=0"
"141","4.834807","edge-star-mini-shv-01-msp1.facebook.com","10.8.0.1","TLSv1.3","134","Application Data"
"142","4.885008","10.8.0.1","edge-star-mini-shv-01-msp1.facebook.com","TCP","54","34944  >  443 [ACK] Seq=474 Ack=472 Win=65535 Len=0"
"143","7.556202","10.8.0.1","x.ns.gin.ntt.net","NTP","90","NTP Version 3, client"
"144","7.617349","x.ns.gin.ntt.net","10.8.0.1","NTP","90","NTP Version 3, server"
"145","8.469987","10.8.0.1","ec2-44-236-35-201.us-west-2.compute.amazonaws.com","TCP","54","41990  >  443 [FIN, ACK] Seq=6389 Ack=8859 Win=65535 Len=0"
"146","8.470204","ec2-44-236-35-201.us-west-2.compute.amazonaws.com","10.8.0.1","TCP","54","443  >  41990 [ACK] Seq=8859 Ack=6390 Win=65535 Len=0"
"147","8.470321","ec2-44-236-35-201.us-west-2.compute.amazonaws.com","10.8.0.1","TCP","54","443  >  41990 [FIN, ACK] Seq=8859 Ack=6390 Win=65535 Len=0"
"148","8.470521","10.8.0.1","ec2-44-236-35-201.us-west-2.compute.amazonaws.com","TCP","54","41990  >  443 [ACK] Seq=6390 Ack=8860 Win=65535 Len=0"
"149","9.994448","10.8.0.1","104.244.42.66","TCP","74","54992  >  443 [SYN] Seq=0 Win=65535 Len=0 MSS=1460 SACK_PERM=1 TSval=3777337204 TSecr=0 WS=1024"
"150","9.995679","104.244.42.66","10.8.0.1","TCP","54","443  >  54992 [SYN, ACK] Seq=0 Ack=1 Win=65535 Len=0"
"151","9.995697","10.8.0.1","104.244.42.66","TCP","54","54992  >  443 [ACK] Seq=1 Ack=1 Win=65535 Len=0"
"152","9.995747","10.8.0.1","104.244.42.66","TCP","74","54996  >  443 [SYN] Seq=0 Win=65535 Len=0 MSS=1460 SACK_PERM=1 TSval=3777337205 TSecr=0 WS=1024"
"153","9.996645","104.244.42.66","10.8.0.1","TCP","54","443  >  54996 [SYN, ACK] Seq=0 Ack=1 Win=65535 Len=0"
"154","9.996658","10.8.0.1","104.244.42.66","TCP","54","54996  >  443 [ACK] Seq=1 Ack=1 Win=65535 Len=0"
"155","10.002825","10.8.0.1","104.244.42.66","TCP","74","55000  >  443 [SYN] Seq=0 Win=65535 Len=0 MSS=1460 SACK_PERM=1 TSval=3777337212 TSecr=0 WS=1024"
"156","10.003944","104.244.42.66","10.8.0.1","TCP","54","443  >  55000 [SYN, ACK] Seq=0 Ack=1 Win=65535 Len=0"
"157","10.003960","10.8.0.1","104.244.42.66","TCP","54","55000  >  443 [ACK] Seq=1 Ack=1 Win=65535 Len=0"
"158","10.005750","10.8.0.1","104.244.42.66","TLSv1.3","571","Client Hello"
"159","10.005850","104.244.42.66","10.8.0.1","TCP","54","443  >  54996 [ACK] Seq=1 Ack=518 Win=65535 Len=0"
"160","10.008073","10.8.0.1","104.244.42.66","TLSv1.3","571","Client Hello"
"161","10.008120","104.244.42.66","10.8.0.1","TCP","54","443  >  54992 [ACK] Seq=1 Ack=518 Win=65535 Len=0"
"162","10.011525","10.8.0.1","104.244.42.66","TLSv1.3","571","Client Hello"
"163","10.011612","104.244.42.66","10.8.0.1","TCP","54","443  >  55000 [ACK] Seq=1 Ack=518 Win=65535 Len=0"
"164","10.164798","10.8.0.1","ec2-34-213-215-106.us-west-2.compute.amazonaws.com","TCP","74","56878  >  443 [SYN] Seq=0 Win=65535 Len=0 MSS=1460 SACK_PERM=1 TSval=4189981499 TSecr=0 WS=1024"
"165","10.165873","ec2-34-213-215-106.us-west-2.compute.amazonaws.com","10.8.0.1","TCP","54","443  >  56878 [SYN, ACK] Seq=0 Ack=1 Win=65535 Len=0"
"166","10.165904","10.8.0.1","ec2-34-213-215-106.us-west-2.compute.amazonaws.com","TCP","54","56878  >  443 [ACK] Seq=1 Ack=1 Win=65535 Len=0"
"167","10.179872","10.8.0.1","ec2-34-213-215-106.us-west-2.compute.amazonaws.com","TLSv1.2","571","Client Hello"
"168","10.179960","ec2-34-213-215-106.us-west-2.compute.amazonaws.com","10.8.0.1","TCP","54","443  >  56878 [ACK] Seq=1 Ack=518 Win=65535 Len=0"
"169","10.200718","104.244.42.66","10.8.0.1","TLSv1.3","1402","Server Hello, Change Cipher Spec"
"170","10.250889","10.8.0.1","104.244.42.66","TCP","54","54992  >  443 [ACK] Seq=518 Ack=1349 Win=65535 Len=0"
"171","10.251027","104.244.42.66","10.8.0.1","TLSv1.3","2780","Server Hello, Change Cipher Spec"
"172","10.251130","104.244.42.66","10.8.0.1","TLSv1.3","2780","Server Hello, Change Cipher Spec"
"173","10.251188","104.244.42.66","10.8.0.1","TCP","1432","443  >  54992 [PSH, ACK] Seq=1349 Ack=518 Win=65535 Len=1378 [TCP segment of a reassembled PDU]"
"174","10.251197","10.8.0.1","104.244.42.66","TCP","54","54996  >  443 [ACK] Seq=518 Ack=2727 Win=65535 Len=0"
"175","10.251203","10.8.0.1","104.244.42.66","TCP","54","55000  >  443 [ACK] Seq=518 Ack=2727 Win=65535 Len=0"
"176","10.251208","10.8.0.1","104.244.42.66","TCP","54","54992  >  443 [ACK] Seq=518 Ack=2727 Win=65535 Len=0"
"177","10.254407","104.244.42.66","10.8.0.1","TLSv1.3","673","Application Data"
"178","10.304603","10.8.0.1","104.244.42.66","TCP","54","54992  >  443 [ACK] Seq=518 Ack=3346 Win=65535 Len=0"
"179","10.304850","104.244.42.66","10.8.0.1","TLSv1.3","673","Application Data"
"180","10.304906","104.244.42.66","10.8.0.1","TLSv1.3","673","Application Data"
"181","10.304919","10.8.0.1","104.244.42.66","TLSv1.3","118","Change Cipher Spec, Application Data"
"182","10.304950","104.244.42.66","10.8.0.1","TCP","54","443  >  54992 [ACK] Seq=3346 Ack=582 Win=65535 Len=0"
"183","10.304955","10.8.0.1","104.244.42.66","TCP","54","54996  >  443 [ACK] Seq=518 Ack=3346 Win=65535 Len=0"
"184","10.305060","10.8.0.1","104.244.42.66","TCP","54","55000  >  443 [ACK] Seq=518 Ack=3346 Win=65535 Len=0"
"185","10.309076","10.8.0.1","104.244.42.66","TLSv1.3","118","Change Cipher Spec, Application Data"
"186","10.309175","104.244.42.66","10.8.0.1","TCP","54","443  >  54996 [ACK] Seq=3346 Ack=582 Win=65535 Len=0"
"187","10.359367","10.8.0.1","104.244.42.66","TLSv1.3","118","Change Cipher Spec, Application Data"
"188","10.359501","104.244.42.66","10.8.0.1","TCP","54","443  >  55000 [ACK] Seq=3346 Ack=582 Win=65535 Len=0"
"189","10.359513","10.8.0.1","104.244.42.66","TLSv1.3","590","Application Data, Application Data, Application Data"
"190","10.359544","104.244.42.66","10.8.0.1","TCP","54","443  >  55000 [ACK] Seq=3346 Ack=1118 Win=65535 Len=0"
"191","10.359556","10.8.0.1","104.244.42.66","TLSv1.3","100","Application Data"
"192","10.359584","104.244.42.66","10.8.0.1","TCP","54","443  >  54992 [ACK] Seq=3346 Ack=628 Win=65535 Len=0"
"193","10.359592","10.8.0.1","104.244.42.66","TLSv1.3","100","Application Data"
"194","10.359610","104.244.42.66","10.8.0.1","TCP","54","443  >  54996 [ACK] Seq=3346 Ack=628 Win=65535 Len=0"
"195","10.359634","10.8.0.1","104.244.42.66","TLSv1.3","590","Application Data [TCP segment of a reassembled PDU]"
"196","10.359650","104.244.42.66","10.8.0.1","TCP","54","443  >  55000 [ACK] Seq=3346 Ack=1654 Win=65535 Len=0"
"197","10.359680","10.8.0.1","104.244.42.66","TLSv1.3","150","Application Data, Application Data, Application Data"
"198","10.359692","104.244.42.66","10.8.0.1","TCP","54","443  >  54996 [ACK] Seq=3346 Ack=724 Win=65535 Len=0"
"199","10.359697","10.8.0.1","104.244.42.66","TLSv1.3","590","Application Data [TCP segment of a reassembled PDU]"
"200","10.359709","104.244.42.66","10.8.0.1","TCP","54","443  >  55000 [ACK] Seq=3346 Ack=2190 Win=65535 Len=0"
"201","10.359718","10.8.0.1","104.244.42.66","TLSv1.3","196","Application Data"
"202","10.359729","104.244.42.66","10.8.0.1","TCP","54","443  >  55000 [ACK] Seq=3346 Ack=2332 Win=65535 Len=0"
"203","10.359733","10.8.0.1","104.244.42.66","TLSv1.3","150","Application Data, Application Data, Application Data"
"204","10.359744","104.244.42.66","10.8.0.1","TCP","54","443  >  54992 [ACK] Seq=3346 Ack=724 Win=65535 Len=0"
"205","10.435234","ec2-34-213-215-106.us-west-2.compute.amazonaws.com","10.8.0.1","TLSv1.2","1432","Server Hello"
"206","10.486020","10.8.0.1","ec2-34-213-215-106.us-west-2.compute.amazonaws.com","TCP","54","56878  >  443 [ACK] Seq=518 Ack=1379 Win=65535 Len=0"
"207","10.486151","104.244.42.66","10.8.0.1","TLSv1.3","581","Application Data, Application Data"
"208","10.486213","ec2-34-213-215-106.us-west-2.compute.amazonaws.com","10.8.0.1","TLSv1.2","4191","Certificate, Server Key Exchange, Server Hello Done"
"209","10.486243","10.8.0.1","104.244.42.66","TCP","54","55000  >  443 [ACK] Seq=2332 Ack=3873 Win=65535 Len=0"
"210","10.486250","10.8.0.1","ec2-34-213-215-106.us-west-2.compute.amazonaws.com","TCP","54","56878  >  443 [ACK] Seq=518 Ack=5516 Win=65535 Len=0"
"211","10.495361","10.8.0.1","104.244.42.66","TLSv1.3","85","Application Data"
"212","10.495444","104.244.42.66","10.8.0.1","TCP","54","443  >  55000 [ACK] Seq=3873 Ack=2363 Win=65535 Len=0"
"213","10.546015","104.244.42.66","10.8.0.1","TLSv1.3","845","Application Data"
"214","10.546095","10.8.0.1","ec2-34-213-215-106.us-west-2.compute.amazonaws.com","TLSv1.2","180","Client Key Exchange, Change Cipher Spec, Encrypted Handshake Message"
"215","10.546168","ec2-34-213-215-106.us-west-2.compute.amazonaws.com","10.8.0.1","TCP","54","443  >  56878 [ACK] Seq=5516 Ack=644 Win=65535 Len=0"
"216","10.546252","104.244.42.66","10.8.0.1","TLSv1.3","528","Application Data, Application Data"
"217","10.546276","10.8.0.1","104.244.42.66","TCP","54","55000  >  443 [ACK] Seq=2363 Ack=4664 Win=65535 Len=0"
"218","10.546385","10.8.0.1","104.244.42.66","TCP","54","54992  >  443 [ACK] Seq=724 Ack=3820 Win=65535 Len=0"
"219","10.546528","104.244.42.66","10.8.0.1","TCP","54","443  >  54992 [FIN, ACK] Seq=3820 Ack=724 Win=65535 Len=0"
"220","10.549648","10.8.0.1","104.244.42.66","TCP","54","54992  >  443 [RST, ACK] Seq=724 Ack=3821 Win=65535 Len=0"
"221","10.559731","104.244.42.66","10.8.0.1","TLSv1.3","528","Application Data, Application Data"
"222","10.609930","10.8.0.1","104.244.42.66","TCP","54","54996  >  443 [RST] Seq=724 Win=0 Len=0"
"223","10.610316","104.244.42.66","10.8.0.1","TLSv1.3","1114","Application Data, Application Data"
"224","10.610335","10.8.0.1","104.244.42.66","TCP","54","55000  >  443 [ACK] Seq=2363 Ack=5724 Win=65535 Len=0"
"225","10.662800","ec2-34-213-215-106.us-west-2.compute.amazonaws.com","10.8.0.1","TLSv1.2","413","New Session Ticket, Change Cipher Spec, Encrypted Handshake Message, Application Data"
"226","10.713022","10.8.0.1","ec2-34-213-215-106.us-west-2.compute.amazonaws.com","TCP","54","56878  >  443 [ACK] Seq=644 Ack=5875 Win=65535 Len=0"
"227","10.713061","10.8.0.1","ec2-34-213-215-106.us-west-2.compute.amazonaws.com","TLSv1.2","107","Application Data"
"228","10.713202","ec2-34-213-215-106.us-west-2.compute.amazonaws.com","10.8.0.1","TCP","54","443  >  56878 [ACK] Seq=5875 Ack=697 Win=65535 Len=0"
"229","10.713215","10.8.0.1","ec2-34-213-215-106.us-west-2.compute.amazonaws.com","TLSv1.2","590","Application Data, Application Data"
"230","10.713236","ec2-34-213-215-106.us-west-2.compute.amazonaws.com","10.8.0.1","TCP","54","443  >  56878 [ACK] Seq=5875 Ack=1233 Win=65535 Len=0"
"231","10.713251","10.8.0.1","ec2-34-213-215-106.us-west-2.compute.amazonaws.com","TCP","590","56878  >  443 [ACK] Seq=1233 Ack=5875 Win=65535 Len=536 [TCP segment of a reassembled PDU]"
"232","10.713266","ec2-34-213-215-106.us-west-2.compute.amazonaws.com","10.8.0.1","TCP","54","443  >  56878 [ACK] Seq=5875 Ack=1769 Win=65535 Len=0"
"233","10.713274","10.8.0.1","ec2-34-213-215-106.us-west-2.compute.amazonaws.com","TCP","590","56878  >  443 [ACK] Seq=1769 Ack=5875 Win=65535 Len=536 [TCP segment of a reassembled PDU]"
"234","10.713288","ec2-34-213-215-106.us-west-2.compute.amazonaws.com","10.8.0.1","TCP","54","443  >  56878 [ACK] Seq=5875 Ack=2305 Win=65535 Len=0"
"235","10.713295","10.8.0.1","ec2-34-213-215-106.us-west-2.compute.amazonaws.com","TCP","590","56878  >  443 [PSH, ACK] Seq=2305 Ack=5875 Win=65535 Len=536 [TCP segment of a reassembled PDU]"
"236","10.713309","ec2-34-213-215-106.us-west-2.compute.amazonaws.com","10.8.0.1","TCP","54","443  >  56878 [ACK] Seq=5875 Ack=2841 Win=65535 Len=0"
"237","10.713317","10.8.0.1","ec2-34-213-215-106.us-west-2.compute.amazonaws.com","TCP","590","56878  >  443 [ACK] Seq=2841 Ack=5875 Win=65535 Len=536 [TCP segment of a reassembled PDU]"
"238","10.713330","ec2-34-213-215-106.us-west-2.compute.amazonaws.com","10.8.0.1","TCP","54","443  >  56878 [ACK] Seq=5875 Ack=3377 Win=65535 Len=0"
"239","10.713341","10.8.0.1","ec2-34-213-215-106.us-west-2.compute.amazonaws.com","TCP","590","56878  >  443 [PSH, ACK] Seq=3377 Ack=5875 Win=65535 Len=536 [TCP segment of a reassembled PDU]"
"240","10.713380","ec2-34-213-215-106.us-west-2.compute.amazonaws.com","10.8.0.1","TCP","54","443  >  56878 [ACK] Seq=5875 Ack=3913 Win=65535 Len=0"
"241","10.713388","10.8.0.1","ec2-34-213-215-106.us-west-2.compute.amazonaws.com","TLSv1.2","226","Application Data, Application Data"
"242","10.713401","ec2-34-213-215-106.us-west-2.compute.amazonaws.com","10.8.0.1","TCP","54","443  >  56878 [ACK] Seq=5875 Ack=4085 Win=65535 Len=0"
"243","10.834642","ec2-34-213-215-106.us-west-2.compute.amazonaws.com","10.8.0.1","TLSv1.2","92","Application Data"
"244","10.885120","10.8.0.1","ec2-34-213-215-106.us-west-2.compute.amazonaws.com","TCP","54","56878  >  443 [ACK] Seq=4085 Ack=5913 Win=65535 Len=0"
"245","10.890603","10.8.0.1","server-65-8-47-252.ord52.r.cloudfront.net","TCP","74","46510  >  443 [SYN] Seq=0 Win=65535 Len=0 MSS=1460 SACK_PERM=1 TSval=2023663823 TSecr=0 WS=1024"
"246","10.892131","server-65-8-47-252.ord52.r.cloudfront.net","10.8.0.1","TCP","54","443  >  46510 [SYN, ACK] Seq=0 Ack=1 Win=65535 Len=0"
"247","10.892156","10.8.0.1","server-65-8-47-252.ord52.r.cloudfront.net","TCP","54","46510  >  443 [ACK] Seq=1 Ack=1 Win=65535 Len=0"
"248","10.899814","10.8.0.1","server-65-8-47-252.ord52.r.cloudfront.net","TLSv1.3","313","Client Hello"
"249","10.899908","server-65-8-47-252.ord52.r.cloudfront.net","10.8.0.1","TCP","54","443  >  46510 [ACK] Seq=1 Ack=260 Win=65535 Len=0"
"250","10.942776","ec2-34-213-215-106.us-west-2.compute.amazonaws.com","10.8.0.1","TLSv1.2","191","Application Data"
"251","10.992988","10.8.0.1","ec2-34-213-215-106.us-west-2.compute.amazonaws.com","TCP","54","56878  >  443 [ACK] Seq=4085 Ack=6050 Win=65535 Len=0"
"252","11.078986","server-65-8-47-252.ord52.r.cloudfront.net","10.8.0.1","TLSv1.3","1482","Server Hello, Change Cipher Spec, Application Data"
"253","11.129238","10.8.0.1","server-65-8-47-252.ord52.r.cloudfront.net","TCP","54","46510  >  443 [ACK] Seq=260 Ack=1429 Win=65535 Len=0"
"254","11.129506","server-65-8-47-252.ord52.r.cloudfront.net","10.8.0.1","TCP","1432","443  >  46510 [PSH, ACK] Seq=1429 Ack=260 Win=65535 Len=1378 [TCP segment of a reassembled PDU]"
"255","11.179733","10.8.0.1","server-65-8-47-252.ord52.r.cloudfront.net","TCP","54","46510  >  443 [ACK] Seq=260 Ack=2807 Win=65535 Len=0"
"256","11.179920","server-65-8-47-252.ord52.r.cloudfront.net","10.8.0.1","TLSv1.3","1241","Application Data, Application Data, Application Data"
"257","11.230055","10.8.0.1","server-65-8-47-252.ord52.r.cloudfront.net","TCP","54","46510  >  443 [ACK] Seq=260 Ack=3994 Win=65535 Len=0"
"258","11.234303","10.8.0.1","server-65-8-47-252.ord52.r.cloudfront.net","TLSv1.3","118","Change Cipher Spec, Application Data"
"259","11.234434","server-65-8-47-252.ord52.r.cloudfront.net","10.8.0.1","TCP","54","443  >  46510 [ACK] Seq=3994 Ack=324 Win=65535 Len=0"
"260","11.284880","10.8.0.1","server-65-8-47-252.ord52.r.cloudfront.net","TLSv1.3","317","Application Data"
"261","11.285060","server-65-8-47-252.ord52.r.cloudfront.net","10.8.0.1","TCP","54","443  >  46510 [ACK] Seq=3994 Ack=587 Win=65535 Len=0"
"262","11.335371","10.8.0.1","lga15s46-in-f35.1e100.net","TCP","74","44368  >  443 [SYN] Seq=0 Win=65535 Len=0 MSS=1460 SACK_PERM=1 TSval=2004929601 TSecr=0 WS=1024"
"263","11.338822","lga15s46-in-f35.1e100.net","10.8.0.1","TCP","54","443  >  44368 [SYN, ACK] Seq=0 Ack=1 Win=65535 Len=0"
"264","11.338879","10.8.0.1","lga15s46-in-f35.1e100.net","TCP","54","44368  >  443 [ACK] Seq=1 Ack=1 Win=65535 Len=0"
"265","11.359073","10.8.0.1","lga15s46-in-f35.1e100.net","TLSv1.3","571","Client Hello"
"266","11.359183","lga15s46-in-f35.1e100.net","10.8.0.1","TCP","54","443  >  44368 [ACK] Seq=1 Ack=518 Win=65535 Len=0"
"267","11.465985","lga15s46-in-f35.1e100.net","10.8.0.1","TLSv1.3","1432","Server Hello, Change Cipher Spec"
"268","11.516231","10.8.0.1","lga15s46-in-f35.1e100.net","TCP","54","44368  >  443 [ACK] Seq=518 Ack=1379 Win=65535 Len=0"
"269","11.516493","server-65-8-47-252.ord52.r.cloudfront.net","10.8.0.1","TLSv1.3","679","Application Data"
"270","11.516619","lga15s46-in-f35.1e100.net","10.8.0.1","TLSv1.3","3019","Application Data"
"271","11.516668","10.8.0.1","server-65-8-47-252.ord52.r.cloudfront.net","TCP","54","46510  >  443 [ACK] Seq=587 Ack=4619 Win=65535 Len=0"
"272","11.516691","10.8.0.1","lga15s46-in-f35.1e100.net","TCP","54","44368  >  443 [ACK] Seq=518 Ack=4344 Win=65535 Len=0"
"273","11.568383","10.8.0.1","lga15s46-in-f35.1e100.net","TLSv1.3","118","Change Cipher Spec, Application Data"
"274","11.568495","lga15s46-in-f35.1e100.net","10.8.0.1","TCP","54","443  >  44368 [ACK] Seq=4344 Ack=582 Win=65535 Len=0"
"275","11.618705","10.8.0.1","lga15s46-in-f35.1e100.net","TLSv1.3","304","Application Data"
"276","11.618835","lga15s46-in-f35.1e100.net","10.8.0.1","TCP","54","443  >  44368 [ACK] Seq=4344 Ack=832 Win=65535 Len=0"
"277","11.719189","10.8.0.1","server-65-8-47-252.ord52.r.cloudfront.net","TLSv1.3","78","Application Data"
"278","11.719302","server-65-8-47-252.ord52.r.cloudfront.net","10.8.0.1","TCP","54","443  >  46510 [ACK] Seq=4619 Ack=611 Win=65535 Len=0"
"279","11.769532","10.8.0.1","server-65-8-47-252.ord52.r.cloudfront.net","TCP","54","46510  >  443 [FIN, ACK] Seq=611 Ack=4619 Win=65535 Len=0"
"280","11.769700","server-65-8-47-252.ord52.r.cloudfront.net","10.8.0.1","TCP","54","443  >  46510 [ACK] Seq=4619 Ack=612 Win=65535 Len=0"
"281","11.769775","server-65-8-47-252.ord52.r.cloudfront.net","10.8.0.1","TCP","54","443  >  46510 [FIN, ACK] Seq=4619 Ack=612 Win=65535 Len=0"
"282","11.770000","10.8.0.1","ord37s36-in-f3.1e100.net","TCP","74","43986  >  443 [SYN] Seq=0 Win=65535 Len=0 MSS=1460 SACK_PERM=1 TSval=3890212629 TSecr=0 WS=1024"
"283","11.771629","ord37s36-in-f3.1e100.net","10.8.0.1","TCP","54","443  >  43986 [SYN, ACK] Seq=0 Ack=1 Win=65535 Len=0"
"284","11.771648","10.8.0.1","server-65-8-47-252.ord52.r.cloudfront.net","TCP","54","46510  >  443 [ACK] Seq=612 Ack=4620 Win=65535 Len=0"
"285","11.771656","10.8.0.1","ord37s36-in-f3.1e100.net","TCP","54","43986  >  443 [ACK] Seq=1 Ack=1 Win=65535 Len=0"
"286","11.776510","10.8.0.1","ord37s36-in-f3.1e100.net","TCP","590","43986  >  443 [ACK] Seq=1 Ack=1 Win=65535 Len=536 [TCP segment of a reassembled PDU]"
"287","11.776628","ord37s36-in-f3.1e100.net","10.8.0.1","TCP","54","443  >  43986 [ACK] Seq=1 Ack=537 Win=65535 Len=0"
"288","11.776648","10.8.0.1","ord37s36-in-f3.1e100.net","TLSv1.3","97","Client Hello"
"289","11.776681","ord37s36-in-f3.1e100.net","10.8.0.1","TCP","54","443  >  43986 [ACK] Seq=1 Ack=580 Win=65535 Len=0"
"290","11.809871","10.8.0.1","104.244.42.131","TCP","74","45738  >  443 [SYN] Seq=0 Win=65535 Len=0 MSS=1460 SACK_PERM=1 TSval=978621227 TSecr=0 WS=1024"
"291","11.812291","104.244.42.131","10.8.0.1","TCP","54","443  >  45738 [SYN, ACK] Seq=0 Ack=1 Win=65535 Len=0"
"292","11.812330","10.8.0.1","104.244.42.131","TCP","54","45738  >  443 [ACK] Seq=1 Ack=1 Win=65535 Len=0"
"293","11.822683","10.8.0.1","104.244.42.131","TLSv1.3","571","Client Hello"
"294","11.822812","104.244.42.131","10.8.0.1","TCP","54","443  >  45738 [ACK] Seq=1 Ack=518 Win=65535 Len=0"
"295","11.885099","lga15s46-in-f35.1e100.net","10.8.0.1","TLSv1.3","9415","Application Data, Application Data, Application Data, Application Data, Application Data, Application Data, Application Data"
"296","11.885327","10.8.0.1","lga15s46-in-f35.1e100.net","TCP","54","44368  >  443 [ACK] Seq=832 Ack=13705 Win=65535 Len=0"
"297","11.885560","lga15s46-in-f35.1e100.net","10.8.0.1","TLSv1.3","2810","Application Data, Application Data"
"298","11.935898","10.8.0.1","lga15s46-in-f35.1e100.net","TCP","54","44368  >  443 [ACK] Seq=832 Ack=16461 Win=65535 Len=0"
"299","11.936161","ord37s36-in-f3.1e100.net","10.8.0.1","TLSv1.3","272","Server Hello, Change Cipher Spec, Application Data"
"300","11.936306","lga15s46-in-f35.1e100.net","10.8.0.1","TLSv1.3","15212","Application Data, Application Data, Application Data, Application Data, Application Data, Application Data, Application Data, Application Data, Application Data, Application Data"
"301","11.936373","10.8.0.1","ord37s36-in-f3.1e100.net","TCP","54","43986  >  443 [ACK] Seq=580 Ack=219 Win=65535 Len=0"
"302","11.936388","10.8.0.1","lga15s46-in-f35.1e100.net","TCP","54","44368  >  443 [ACK] Seq=832 Ack=31619 Win=65535 Len=0"
"303","11.939147","10.8.0.1","ord37s36-in-f3.1e100.net","TLSv1.3","118","Change Cipher Spec, Application Data"
"304","11.939194","ord37s36-in-f3.1e100.net","10.8.0.1","TCP","54","443  >  43986 [ACK] Seq=219 Ack=644 Win=65535 Len=0"
"305","11.989434","10.8.0.1","ord37s36-in-f3.1e100.net","TLSv1.3","308","Application Data"
"306","11.989611","ord37s36-in-f3.1e100.net","10.8.0.1","TCP","54","443  >  43986 [ACK] Seq=219 Ack=898 Win=65535 Len=0"
"307","11.990013","lga15s46-in-f35.1e100.net","10.8.0.1","TLSv1.3","35882","Application Data, Application Data, Application Data, Application Data, Application Data, Application Data, Application Data, Application Data, Application Data, Application Data, Application Data, Application Data, Application Data, Application Data, Application Data, Application Data, Application Data, Application Data, Application Data, Application Data, Application Data, Application Data, Application Data, Application Data, Application Data, Application Data, Application Data"
"308","11.990200","10.8.0.1","lga15s46-in-f35.1e100.net","TCP","54","44368  >  443 [ACK] Seq=832 Ack=67447 Win=65535 Len=0"
"309","12.041031","lga15s46-in-f35.1e100.net","10.8.0.1","TLSv1.3","1432","Application Data [TCP segment of a reassembled PDU]"
"310","12.091290","10.8.0.1","lga15s46-in-f35.1e100.net","TCP","54","44368  >  443 [ACK] Seq=832 Ack=68825 Win=65535 Len=0"
"311","12.091553","Google_00:00:01","Google_00:00:02","IPv4","65554","Bogus IP length (4, less than header length 20)"
"312","12.243013","ord37s36-in-f3.1e100.net","10.8.0.1","TLSv1.3","890","Application Data, Application Data"
"313","12.243065","10.8.0.1","ord37s36-in-f3.1e100.net","TCP","54","43986  >  443 [ACK] Seq=898 Ack=1055 Win=65535 Len=0"
"314","13.146280","104.244.42.131","10.8.0.1","TLSv1.3","2750","Server Hello, Change Cipher Spec"
"315","13.146396","10.8.0.1","104.244.42.131","TCP","54","45738  >  443 [ACK] Seq=518 Ack=2697 Win=65535 Len=0"
"316","13.297286","104.244.42.131","10.8.0.1","TLSv1.3","719","Application Data"
"317","13.297372","10.8.0.1","104.244.42.131","TCP","54","45738  >  443 [ACK] Seq=518 Ack=3362 Win=65535 Len=0"
"318","13.447864","10.8.0.1","104.244.42.131","TLSv1.3","118","Change Cipher Spec, Application Data"
"319","13.448105","104.244.42.131","10.8.0.1","TCP","54","443  >  45738 [ACK] Seq=3362 Ack=582 Win=65535 Len=0"
"320","13.448138","10.8.0.1","104.244.42.131","TLSv1.3","320","Application Data"
"321","13.448191","104.244.42.131","10.8.0.1","TCP","54","443  >  45738 [ACK] Seq=3362 Ack=848 Win=65535 Len=0"
"322","13.548737","lga15s46-in-f35.1e100.net","10.8.0.1","TCP","54","[TCP Previous segment not captured] 443  >  44368 [FIN, ACK] Seq=134325 Ack=832 Win=65535 Len=0"
"323","13.599192","10.8.0.1","lga15s46-in-f35.1e100.net","TCP","54","[TCP Dup ACK 310#1] 44368  >  443 [ACK] Seq=832 Ack=68825 Win=65535 Len=0"
"324","13.608400","104.244.42.131","10.8.0.1","TLSv1.3","1266","Application Data, Application Data"
"325","13.658620","10.8.0.1","104.244.42.131","TCP","54","45738  >  443 [ACK] Seq=848 Ack=4574 Win=65535 Len=0"
"326","13.658692","10.8.0.1","104.244.42.131","TLSv1.3","78","Application Data"
"327","13.658808","104.244.42.131","10.8.0.1","TCP","54","443  >  45738 [ACK] Seq=4574 Ack=872 Win=65535 Len=0"
"328","13.816358","104.244.42.131","10.8.0.1","TLSv1.3","78","Application Data"
"329","13.866591","10.8.0.1","104.244.42.131","TCP","54","45738  >  443 [ACK] Seq=872 Ack=4598 Win=65535 Len=0"
"330","13.866761","104.244.42.131","10.8.0.1","TCP","54","443  >  45738 [FIN, ACK] Seq=4598 Ack=872 Win=65535 Len=0"
"331","13.917196","10.8.0.1","server-54-230-210-247.ord53.r.cloudfront.net","TCP","74","46080  >  443 [SYN] Seq=0 Win=65535 Len=0 MSS=1460 SACK_PERM=1 TSval=3001251859 TSecr=0 WS=1024"
"332","13.919988","server-54-230-210-247.ord53.r.cloudfront.net","10.8.0.1","TCP","54","443  >  46080 [SYN, ACK] Seq=0 Ack=1 Win=65535 Len=0"
"333","13.920040","10.8.0.1","104.244.42.131","TCP","54","45738  >  443 [ACK] Seq=872 Ack=4599 Win=65535 Len=0"
"334","13.920052","10.8.0.1","server-54-230-210-247.ord53.r.cloudfront.net","TCP","54","46080  >  443 [ACK] Seq=1 Ack=1 Win=65535 Len=0"
"335","13.935772","10.8.0.1","server-54-230-210-247.ord53.r.cloudfront.net","TLSv1.3","571","Client Hello"
"336","13.935944","server-54-230-210-247.ord53.r.cloudfront.net","10.8.0.1","TCP","54","443  >  46080 [ACK] Seq=1 Ack=518 Win=65535 Len=0"
"337","14.059921","server-54-230-210-247.ord53.r.cloudfront.net","10.8.0.1","TLSv1.3","2810","Server Hello, Change Cipher Spec, Application Data"
"338","14.110147","10.8.0.1","server-54-230-210-247.ord53.r.cloudfront.net","TCP","54","46080  >  443 [ACK] Seq=518 Ack=2757 Win=65535 Len=0"
"339","14.110410","server-54-230-210-247.ord53.r.cloudfront.net","10.8.0.1","TCP","154","443  >  46080 [PSH, ACK] Seq=2757 Ack=518 Win=65535 Len=100 [TCP segment of a reassembled PDU]"
"340","14.160641","10.8.0.1","server-54-230-210-247.ord53.r.cloudfront.net","TCP","54","46080  >  443 [ACK] Seq=518 Ack=2857 Win=65535 Len=0"
"341","14.160896","server-54-230-210-247.ord53.r.cloudfront.net","10.8.0.1","TLSv1.3","1191","Application Data, Application Data, Application Data"
"342","14.211125","10.8.0.1","server-54-230-210-247.ord53.r.cloudfront.net","TCP","54","46080  >  443 [ACK] Seq=518 Ack=3994 Win=65535 Len=0"
"343","14.237167","10.8.0.1","server-54-230-210-247.ord53.r.cloudfront.net","TLSv1.3","118","Change Cipher Spec, Application Data"
"344","14.237305","server-54-230-210-247.ord53.r.cloudfront.net","10.8.0.1","TCP","54","443  >  46080 [ACK] Seq=3994 Ack=582 Win=65535 Len=0"
"345","14.287588","10.8.0.1","server-54-230-210-247.ord53.r.cloudfront.net","TLSv1.3","321","Application Data"
"346","14.287728","server-54-230-210-247.ord53.r.cloudfront.net","10.8.0.1","TCP","54","443  >  46080 [ACK] Seq=3994 Ack=849 Win=65535 Len=0"
"347","14.555627","server-54-230-210-247.ord53.r.cloudfront.net","10.8.0.1","TLSv1.3","679","Application Data"
"348","14.606013","10.8.0.1","server-54-230-210-247.ord53.r.cloudfront.net","TCP","54","46080  >  443 [ACK] Seq=849 Ack=4619 Win=65535 Len=0"
"349","14.606081","10.8.0.1","server-54-230-210-247.ord53.r.cloudfront.net","TLSv1.3","78","Application Data"
"350","14.606231","server-54-230-210-247.ord53.r.cloudfront.net","10.8.0.1","TCP","54","443  >  46080 [ACK] Seq=4619 Ack=873 Win=65535 Len=0"
"351","14.606254","10.8.0.1","server-54-230-210-247.ord53.r.cloudfront.net","TCP","54","46080  >  443 [FIN, ACK] Seq=873 Ack=4619 Win=65535 Len=0"
"352","14.606356","server-54-230-210-247.ord53.r.cloudfront.net","10.8.0.1","TCP","54","443  >  46080 [ACK] Seq=4619 Ack=874 Win=65535 Len=0"
"353","14.606484","server-54-230-210-247.ord53.r.cloudfront.net","10.8.0.1","TCP","54","443  >  46080 [FIN, ACK] Seq=4619 Ack=874 Win=65535 Len=0"
"354","14.606746","10.8.0.1","server-54-230-210-247.ord53.r.cloudfront.net","TCP","54","46080  >  443 [ACK] Seq=874 Ack=4620 Win=65535 Len=0"
"355","16.286059","10.8.0.1","edge-star-shv-01-ort2.facebook.com","TCP","590","42082  >  443 [ACK] Seq=472 Ack=2645 Win=65535 Len=536 [TCP segment of a reassembled PDU]"
"356","16.286223","edge-star-shv-01-ort2.facebook.com","10.8.0.1","TCP","54","443  >  42082 [ACK] Seq=2645 Ack=1008 Win=65535 Len=0"
"357","16.286250","10.8.0.1","edge-star-shv-01-ort2.facebook.com","TCP","590","42082  >  443 [PSH, ACK] Seq=1008 Ack=2645 Win=65535 Len=536 [TCP segment of a reassembled PDU]"
"358","16.286291","edge-star-shv-01-ort2.facebook.com","10.8.0.1","TCP","54","443  >  42082 [ACK] Seq=2645 Ack=1544 Win=65535 Len=0"
"359","16.286307","10.8.0.1","edge-star-shv-01-ort2.facebook.com","TLSv1.3","273","Application Data"
"360","16.286339","edge-star-shv-01-ort2.facebook.com","10.8.0.1","TCP","54","443  >  42082 [ACK] Seq=2645 Ack=1763 Win=65535 Len=0"
"361","16.286614","10.8.0.1","edge-star-shv-01-ort2.facebook.com","TLSv1.3","85","Application Data"
"362","16.286667","edge-star-shv-01-ort2.facebook.com","10.8.0.1","TCP","54","443  >  42082 [ACK] Seq=2645 Ack=1794 Win=65535 Len=0"
"363","16.538071","edge-star-shv-01-ort2.facebook.com","10.8.0.1","TLSv1.3","98","Application Data"
"364","16.588315","10.8.0.1","edge-star-shv-01-ort2.facebook.com","TCP","54","42082  >  443 [ACK] Seq=1794 Ack=2689 Win=65535 Len=0"
"365","16.622988","edge-star-shv-01-ort2.facebook.com","10.8.0.1","TLSv1.3","900","Application Data"
"366","16.673175","10.8.0.1","edge-star-shv-01-ort2.facebook.com","TCP","54","42082  >  443 [ACK] Seq=1794 Ack=3535 Win=65535 Len=0"
"367","17.043512","10.8.0.1","13.69.109.130","TCP","54","60460  >  443 [FIN, ACK] Seq=2106 Ack=6635 Win=65535 Len=0"
"368","17.043684","13.69.109.130","10.8.0.1","TCP","54","443  >  60460 [ACK] Seq=6635 Ack=2107 Win=65535 Len=0"
"369","17.043823","13.69.109.130","10.8.0.1","TCP","54","443  >  60460 [FIN, ACK] Seq=6635 Ack=2107 Win=65535 Len=0"
"370","17.043999","10.8.0.1","40.70.161.7","TCP","54","56522  >  443 [FIN, ACK] Seq=1978 Ack=5633 Win=65535 Len=0"
"371","17.044040","40.70.161.7","10.8.0.1","TCP","54","443  >  56522 [ACK] Seq=5633 Ack=1979 Win=65535 Len=0"
"372","17.044072","40.70.161.7","10.8.0.1","TCP","54","443  >  56522 [FIN, ACK] Seq=5633 Ack=1979 Win=65535 Len=0"
"373","17.044125","10.8.0.1","13.69.109.130","TCP","54","60460  >  443 [ACK] Seq=2107 Ack=6636 Win=65535 Len=0"
"374","17.044134","10.8.0.1","40.70.161.7","TCP","54","56522  >  443 [ACK] Seq=1979 Ack=5634 Win=65535 Len=0"
"375","18.344039","10.8.0.1","ord37s34-in-f10.1e100.net","TCP","74","59282  >  443 [SYN] Seq=0 Win=65535 Len=0 MSS=1460 SACK_PERM=1 TSval=2022285915 TSecr=0 WS=1024"
"376","18.345632","ord37s34-in-f10.1e100.net","10.8.0.1","TCP","54","443  >  59282 [SYN, ACK] Seq=0 Ack=1 Win=65535 Len=0"
"377","18.345656","10.8.0.1","ord37s34-in-f10.1e100.net","TCP","74","59284  >  443 [SYN] Seq=0 Win=65535 Len=0 MSS=1460 SACK_PERM=1 TSval=2022285916 TSecr=0 WS=1024"
"378","18.346963","ord37s34-in-f10.1e100.net","10.8.0.1","TCP","54","443  >  59284 [SYN, ACK] Seq=0 Ack=1 Win=65535 Len=0"
"379","18.346988","10.8.0.1","ord37s34-in-f10.1e100.net","TCP","74","59286  >  443 [SYN] Seq=0 Win=65535 Len=0 MSS=1460 SACK_PERM=1 TSval=2022285916 TSecr=0 WS=1024"
"380","18.347897","ord37s34-in-f10.1e100.net","10.8.0.1","TCP","54","443  >  59286 [SYN, ACK] Seq=0 Ack=1 Win=65535 Len=0"
"381","18.347918","10.8.0.1","ord37s34-in-f10.1e100.net","TCP","54","59282  >  443 [ACK] Seq=1 Ack=1 Win=65535 Len=0"
"382","18.347930","10.8.0.1","ord37s34-in-f10.1e100.net","TCP","590","59282  >  443 [ACK] Seq=1 Ack=1 Win=65535 Len=536 [TCP segment of a reassembled PDU]"
"383","18.347958","ord37s34-in-f10.1e100.net","10.8.0.1","TCP","54","443  >  59282 [ACK] Seq=1 Ack=537 Win=65535 Len=0"
"384","18.347967","10.8.0.1","ord37s34-in-f10.1e100.net","TLSv1.3","63","Client Hello"
"385","18.347986","ord37s34-in-f10.1e100.net","10.8.0.1","TCP","54","443  >  59282 [ACK] Seq=1 Ack=546 Win=65535 Len=0"
"386","18.347994","10.8.0.1","ord37s34-in-f10.1e100.net","TCP","54","59284  >  443 [ACK] Seq=1 Ack=1 Win=65535 Len=0"
"387","18.348003","10.8.0.1","ord37s34-in-f10.1e100.net","TCP","590","59284  >  443 [ACK] Seq=1 Ack=1 Win=65535 Len=536 [TCP segment of a reassembled PDU]"
"388","18.348019","ord37s34-in-f10.1e100.net","10.8.0.1","TCP","54","443  >  59284 [ACK] Seq=1 Ack=537 Win=65535 Len=0"
"389","18.348027","10.8.0.1","ord37s34-in-f10.1e100.net","TLSv1.3","63","Client Hello"
"390","18.348042","ord37s34-in-f10.1e100.net","10.8.0.1","TCP","54","443  >  59284 [ACK] Seq=1 Ack=546 Win=65535 Len=0"
"391","18.348049","10.8.0.1","ord37s34-in-f10.1e100.net","TCP","54","59286  >  443 [ACK] Seq=1 Ack=1 Win=65535 Len=0"
"392","18.348632","10.8.0.1","ord37s34-in-f10.1e100.net","TCP","590","59286  >  443 [ACK] Seq=1 Ack=1 Win=65535 Len=536 [TCP segment of a reassembled PDU]"
"393","18.348679","ord37s34-in-f10.1e100.net","10.8.0.1","TCP","54","443  >  59286 [ACK] Seq=1 Ack=537 Win=65535 Len=0"
"394","18.348689","10.8.0.1","ord37s34-in-f10.1e100.net","TLSv1","63","Client Hello"
"395","18.348707","ord37s34-in-f10.1e100.net","10.8.0.1","TCP","54","443  >  59286 [ACK] Seq=1 Ack=546 Win=65535 Len=0"
"396","18.532622","ord37s34-in-f10.1e100.net","10.8.0.1","TLSv1.3","261","Server Hello, Change Cipher Spec, Application Data"
"397","18.532677","10.8.0.1","ord37s34-in-f10.1e100.net","TCP","54","59282  >  443 [ACK] Seq=546 Ack=208 Win=65535 Len=0"
"398","18.582846","10.8.0.1","ord37s34-in-f10.1e100.net","TLSv1.3","254","Change Cipher Spec, Application Data"
"399","18.583021","ord37s34-in-f10.1e100.net","10.8.0.1","TCP","54","443  >  59282 [ACK] Seq=208 Ack=746 Win=65535 Len=0"
"400","18.583137","ord37s34-in-f10.1e100.net","10.8.0.1","TLSv1.3","261","Server Hello, Change Cipher Spec, Application Data"
"401","18.583164","10.8.0.1","ord37s34-in-f10.1e100.net","TCP","590","59282  >  443 [ACK] Seq=746 Ack=208 Win=65535 Len=536 [TCP segment of a reassembled PDU]"
"402","18.583208","ord37s34-in-f10.1e100.net","10.8.0.1","TCP","54","443  >  59282 [ACK] Seq=208 Ack=1282 Win=65535 Len=0"
"403","18.583235","10.8.0.1","ord37s34-in-f10.1e100.net","TCP","590","59282  >  443 [PSH, ACK] Seq=1282 Ack=208 Win=65535 Len=536 [TCP segment of a reassembled PDU]"
"404","18.583274","ord37s34-in-f10.1e100.net","10.8.0.1","TCP","54","443  >  59282 [ACK] Seq=208 Ack=1818 Win=65535 Len=0"
"405","18.583291","10.8.0.1","ord37s34-in-f10.1e100.net","TLSv1.3","69","Application Data"
"406","18.583325","ord37s34-in-f10.1e100.net","10.8.0.1","TCP","54","443  >  59282 [ACK] Seq=208 Ack=1833 Win=65535 Len=0"
"407","18.583417","10.8.0.1","ord37s34-in-f10.1e100.net","TCP","54","59284  >  443 [ACK] Seq=546 Ack=208 Win=65535 Len=0"
"408","18.633620","10.8.0.1","ord37s34-in-f10.1e100.net","TLSv1.3","254","Change Cipher Spec, Application Data"
"409","18.633877","ord37s34-in-f10.1e100.net","10.8.0.1","TCP","54","443  >  59284 [ACK] Seq=208 Ack=746 Win=65535 Len=0"
"410","18.633912","10.8.0.1","ord37s34-in-f10.1e100.net","TCP","590","59284  >  443 [ACK] Seq=746 Ack=208 Win=65535 Len=536 [TCP segment of a reassembled PDU]"
"411","18.634007","ord37s34-in-f10.1e100.net","10.8.0.1","TCP","54","443  >  59284 [ACK] Seq=208 Ack=1282 Win=65535 Len=0"
"412","18.634058","10.8.0.1","ord37s34-in-f10.1e100.net","TCP","590","59284  >  443 [PSH, ACK] Seq=1282 Ack=208 Win=65535 Len=536 [TCP segment of a reassembled PDU]"
"413","18.634101","ord37s34-in-f10.1e100.net","10.8.0.1","TCP","54","443  >  59284 [ACK] Seq=208 Ack=1818 Win=65535 Len=0"
"414","18.634120","10.8.0.1","ord37s34-in-f10.1e100.net","TLSv1.3","68","Application Data"
"415","18.634154","ord37s34-in-f10.1e100.net","10.8.0.1","TCP","54","443  >  59284 [ACK] Seq=208 Ack=1832 Win=65535 Len=0"
"416","18.734692","ord37s34-in-f10.1e100.net","10.8.0.1","TLSv1.3","1210","Application Data, Application Data"
"417","18.734736","10.8.0.1","ord37s34-in-f10.1e100.net","TCP","54","59282  >  443 [ACK] Seq=1833 Ack=1364 Win=65535 Len=0"
"418","18.785037","ord37s34-in-f10.1e100.net","10.8.0.1","TLSv1.3","716","Application Data, Application Data, Application Data"
"419","18.785133","ord37s34-in-f10.1e100.net","10.8.0.1","TLSv1.3","1210","Application Data, Application Data"
"420","18.785173","10.8.0.1","ord37s34-in-f10.1e100.net","TCP","54","59282  >  443 [ACK] Seq=1833 Ack=2026 Win=65535 Len=0"
"421","18.785187","10.8.0.1","ord37s34-in-f10.1e100.net","TCP","54","59284  >  443 [ACK] Seq=1832 Ack=1364 Win=65535 Len=0"
"422","18.835534","ord37s34-in-f10.1e100.net","10.8.0.1","TLSv1.3","890","Application Data, Application Data, Application Data"
"423","18.835589","10.8.0.1","ord37s34-in-f10.1e100.net","TCP","54","59284  >  443 [ACK] Seq=1832 Ack=2200 Win=65535 Len=0"
"424","21.050740","10.8.0.1","ord37s32-in-f10.1e100.net","TCP","74","37614  >  443 [SYN] Seq=0 Win=65535 Len=0 MSS=1460 SACK_PERM=1 TSval=172477623 TSecr=0 WS=1024"
"425","21.053557","ord37s32-in-f10.1e100.net","10.8.0.1","TCP","54","443  >  37614 [SYN, ACK] Seq=0 Ack=1 Win=65535 Len=0"
"426","21.053614","10.8.0.1","ord37s32-in-f10.1e100.net","TCP","54","37614  >  443 [ACK] Seq=1 Ack=1 Win=65535 Len=0"
"427","21.103817","10.8.0.1","ord37s32-in-f10.1e100.net","TLSv1.3","571","Client Hello"
"428","21.103996","ord37s32-in-f10.1e100.net","10.8.0.1","TCP","54","443  >  37614 [ACK] Seq=1 Ack=518 Win=65535 Len=0"
"429","21.204622","10.8.0.1","edge-star-shv-01-ort2.facebook.com","TLSv1.3","506","Application Data"
"430","21.204801","edge-star-shv-01-ort2.facebook.com","10.8.0.1","TCP","54","443  >  42082 [ACK] Seq=3535 Ack=2246 Win=65535 Len=0"
"431","21.255301","ord37s32-in-f10.1e100.net","10.8.0.1","TLSv1.3","4228","Server Hello, Change Cipher Spec"
"432","21.255367","10.8.0.1","ord37s32-in-f10.1e100.net","TCP","54","37614  >  443 [ACK] Seq=518 Ack=4175 Win=65535 Len=0"
"433","21.305718","edge-star-shv-01-ort2.facebook.com","10.8.0.1","TLSv1.3","89","Application Data"
"434","21.305901","ord37s32-in-f10.1e100.net","10.8.0.1","TLSv1.3","561","Application Data"
"435","21.305944","10.8.0.1","edge-star-shv-01-ort2.facebook.com","TCP","54","42082  >  443 [ACK] Seq=2246 Ack=3570 Win=65535 Len=0"
"436","21.305968","10.8.0.1","ord37s32-in-f10.1e100.net","TCP","54","37614  >  443 [ACK] Seq=518 Ack=4682 Win=65535 Len=0"
"437","21.406378","edge-star-shv-01-ort2.facebook.com","10.8.0.1","TLSv1.3","407","Application Data"
"438","21.406441","10.8.0.1","ord37s32-in-f10.1e100.net","TLSv1.3","118","Change Cipher Spec, Application Data"
"439","21.406487","ord37s32-in-f10.1e100.net","10.8.0.1","TCP","54","443  >  37614 [ACK] Seq=4682 Ack=582 Win=65535 Len=0"
"440","21.406499","10.8.0.1","ord37s32-in-f10.1e100.net","TLSv1.3","146","Application Data"
"441","21.406572","ord37s32-in-f10.1e100.net","10.8.0.1","TCP","54","443  >  37614 [ACK] Seq=4682 Ack=674 Win=65535 Len=0"
"442","21.406662","10.8.0.1","ord37s32-in-f10.1e100.net","TLSv1.3","446","Application Data"
"443","21.406689","ord37s32-in-f10.1e100.net","10.8.0.1","TCP","54","443  >  37614 [ACK] Seq=4682 Ack=1066 Win=65535 Len=0"
"444","21.406698","10.8.0.1","ord37s32-in-f10.1e100.net","TLSv1.3","509","Application Data"
"445","21.406718","ord37s32-in-f10.1e100.net","10.8.0.1","TCP","54","443  >  37614 [ACK] Seq=4682 Ack=1521 Win=65535 Len=0"
"446","21.406737","10.8.0.1","edge-star-shv-01-ort2.facebook.com","TCP","54","42082  >  443 [ACK] Seq=2246 Ack=3923 Win=65535 Len=0"
"447","21.507467","ord37s32-in-f10.1e100.net","10.8.0.1","TLSv1.3","662","Application Data, Application Data"
"448","21.507527","10.8.0.1","ord37s32-in-f10.1e100.net","TCP","54","37614  >  443 [ACK] Seq=1521 Ack=5290 Win=65535 Len=0"
"449","21.557728","10.8.0.1","ord37s32-in-f10.1e100.net","TLSv1.3","85","Application Data"
"450","21.557987","ord37s32-in-f10.1e100.net","10.8.0.1","TCP","54","443  >  37614 [ACK] Seq=5290 Ack=1552 Win=65535 Len=0"
"451","21.558128","ord37s32-in-f10.1e100.net","10.8.0.1","TLSv1.3","85","Application Data"
"452","21.558158","10.8.0.1","ord37s32-in-f10.1e100.net","TCP","54","37614  >  443 [ACK] Seq=1552 Ack=5321 Win=65535 Len=0"
"453","21.608566","ord37s32-in-f10.1e100.net","10.8.0.1","TLSv1.3","370","Application Data, Application Data, Application Data"
"454","21.608635","10.8.0.1","ord37s32-in-f10.1e100.net","TCP","54","37614  >  443 [ACK] Seq=1552 Ack=5637 Win=65535 Len=0"
"455","21.658818","10.8.0.1","ord37s32-in-f10.1e100.net","TLSv1.3","93","Application Data"
"456","21.658998","ord37s32-in-f10.1e100.net","10.8.0.1","TCP","54","443  >  37614 [ACK] Seq=5637 Ack=1591 Win=65535 Len=0"
"457","22.614208","10.8.0.1","104.244.42.131","TCP","54","45738  >  443 [RST, ACK] Seq=872 Ack=4599 Win=65535 Len=0"
"458","24.520128","10.8.0.1","ord37s34-in-f10.1e100.net","TCP","74","59298  >  443 [SYN] Seq=0 Win=65535 Len=0 MSS=1460 SACK_PERM=1 TSval=2022292058 TSecr=0 WS=1024"
"459","24.521778","ord37s34-in-f10.1e100.net","10.8.0.1","TCP","54","443  >  59298 [SYN, ACK] Seq=0 Ack=1 Win=65535 Len=0"
"460","24.521823","10.8.0.1","ord37s34-in-f10.1e100.net","TCP","74","59300  >  443 [SYN] Seq=0 Win=65535 Len=0 MSS=1460 SACK_PERM=1 TSval=2022292059 TSecr=0 WS=1024"
"461","24.522556","ord37s34-in-f10.1e100.net","10.8.0.1","TCP","54","443  >  59300 [SYN, ACK] Seq=0 Ack=1 Win=65535 Len=0"
"462","24.522575","10.8.0.1","ord37s34-in-f10.1e100.net","TCP","74","59302  >  443 [SYN] Seq=0 Win=65535 Len=0 MSS=1460 SACK_PERM=1 TSval=2022292060 TSecr=0 WS=1024"
"463","24.523221","ord37s34-in-f10.1e100.net","10.8.0.1","TCP","54","443  >  59302 [SYN, ACK] Seq=0 Ack=1 Win=65535 Len=0"
"464","24.523255","10.8.0.1","ord37s34-in-f10.1e100.net","TCP","54","59298  >  443 [ACK] Seq=1 Ack=1 Win=65535 Len=0"
"465","24.523263","10.8.0.1","ord37s34-in-f10.1e100.net","TCP","54","59300  >  443 [ACK] Seq=1 Ack=1 Win=65535 Len=0"
"466","24.523269","10.8.0.1","ord37s34-in-f10.1e100.net","TCP","54","59302  >  443 [ACK] Seq=1 Ack=1 Win=65535 Len=0"
"467","24.573439","10.8.0.1","ord37s34-in-f10.1e100.net","TLSv1.2","234","Client Hello"
"468","24.573601","ord37s34-in-f10.1e100.net","10.8.0.1","TCP","54","443  >  59298 [ACK] Seq=1 Ack=181 Win=65535 Len=0"
"469","24.573626","10.8.0.1","ord37s34-in-f10.1e100.net","TLSv1.2","234","Client Hello"
"470","24.573670","ord37s34-in-f10.1e100.net","10.8.0.1","TCP","54","443  >  59300 [ACK] Seq=1 Ack=181 Win=65535 Len=0"
"471","24.573686","10.8.0.1","ord37s34-in-f10.1e100.net","TLSv1.2","234","Client Hello"
"472","24.573720","ord37s34-in-f10.1e100.net","10.8.0.1","TCP","54","443  >  59302 [ACK] Seq=1 Ack=181 Win=65535 Len=0"
"473","24.674218","10.8.0.1","ord37s34-in-f4.1e100.net","TCP","74","37358  >  443 [SYN] Seq=0 Win=65535 Len=0 MSS=1460 SACK_PERM=1 TSval=3291599626 TSecr=0 WS=1024"
"474","24.675501","ord37s34-in-f4.1e100.net","10.8.0.1","TCP","54","443  >  37358 [SYN, ACK] Seq=0 Ack=1 Win=65535 Len=0"
"475","24.675528","10.8.0.1","ord37s34-in-f4.1e100.net","TCP","54","37358  >  443 [ACK] Seq=1 Ack=1 Win=65535 Len=0"
"476","24.725673","10.8.0.1","ord37s34-in-f4.1e100.net","TLSv1.3","571","Client Hello"
"477","24.725759","ord37s34-in-f4.1e100.net","10.8.0.1","TCP","54","443  >  37358 [ACK] Seq=1 Ack=518 Win=65535 Len=0"
"478","24.725851","ord37s34-in-f10.1e100.net","10.8.0.1","TLSv1.2","4654","Server Hello, Certificate, Server Key Exchange, Server Hello Done"
"479","24.725932","ord37s34-in-f10.1e100.net","10.8.0.1","TLSv1.2","4653","Server Hello, Certificate, Server Key Exchange, Server Hello Done"
"480","24.725980","ord37s34-in-f10.1e100.net","10.8.0.1","TLSv1.2","4654","Server Hello, Certificate, Server Key Exchange, Server Hello Done"
"481","24.725997","10.8.0.1","ord37s34-in-f10.1e100.net","TCP","54","59298  >  443 [ACK] Seq=181 Ack=4601 Win=65535 Len=0"
"482","24.726046","10.8.0.1","ord37s34-in-f10.1e100.net","TCP","54","59300  >  443 [ACK] Seq=181 Ack=4600 Win=65535 Len=0"
"483","24.726053","10.8.0.1","ord37s34-in-f10.1e100.net","TCP","54","59302  >  443 [ACK] Seq=181 Ack=4601 Win=65535 Len=0"
"484","24.826292","10.8.0.1","ord37s34-in-f10.1e100.net","TLSv1.2","147","Client Key Exchange, Change Cipher Spec, Encrypted Handshake Message"
"485","24.826442","ord37s34-in-f10.1e100.net","10.8.0.1","TCP","54","443  >  59298 [ACK] Seq=4601 Ack=274 Win=65535 Len=0"
"486","24.826455","10.8.0.1","ord37s34-in-f10.1e100.net","TLSv1.2","147","Client Key Exchange, Change Cipher Spec, Encrypted Handshake Message"
"487","24.826480","ord37s34-in-f10.1e100.net","10.8.0.1","TCP","54","443  >  59300 [ACK] Seq=4600 Ack=274 Win=65535 Len=0"
"488","24.826543","10.8.0.1","ord37s34-in-f10.1e100.net","TLSv1.2","193","Application Data, Application Data, Application Data"
"489","24.826562","ord37s34-in-f10.1e100.net","10.8.0.1","TCP","54","443  >  59300 [ACK] Seq=4600 Ack=413 Win=65535 Len=0"
"490","24.826589","10.8.0.1","ord37s34-in-f10.1e100.net","TLSv1.2","590","Application Data, Application Data, Application Data"
"491","24.826605","ord37s34-in-f10.1e100.net","10.8.0.1","TCP","54","443  >  59298 [ACK] Seq=4601 Ack=810 Win=65535 Len=0"
"492","24.826611","10.8.0.1","ord37s34-in-f10.1e100.net","TCP","590","59298  >  443 [PSH, ACK] Seq=810 Ack=4601 Win=65535 Len=536 [TCP segment of a reassembled PDU]"
"493","24.826624","ord37s34-in-f10.1e100.net","10.8.0.1","TCP","54","443  >  59298 [ACK] Seq=4601 Ack=1346 Win=65535 Len=0"
"494","24.826630","10.8.0.1","ord37s34-in-f10.1e100.net","TCP","590","59298  >  443 [ACK] Seq=1346 Ack=4601 Win=65535 Len=536 [TCP segment of a reassembled PDU]"
"495","24.826641","ord37s34-in-f10.1e100.net","10.8.0.1","TCP","54","443  >  59298 [ACK] Seq=4601 Ack=1882 Win=65535 Len=0"
"496","24.826649","10.8.0.1","ord37s34-in-f10.1e100.net","TCP","590","59298  >  443 [PSH, ACK] Seq=1882 Ack=4601 Win=65535 Len=536 [TCP segment of a reassembled PDU]"
"497","24.826660","ord37s34-in-f10.1e100.net","10.8.0.1","TCP","54","443  >  59298 [ACK] Seq=4601 Ack=2418 Win=65535 Len=0"
"498","24.826667","10.8.0.1","ord37s34-in-f10.1e100.net","TLSv1.2","590","Application Data [TCP segment of a reassembled PDU]"
"499","24.826679","ord37s34-in-f10.1e100.net","10.8.0.1","TCP","54","443  >  59298 [ACK] Seq=4601 Ack=2954 Win=65535 Len=0"
"500","24.826687","10.8.0.1","ord37s34-in-f10.1e100.net","TCP","590","59298  >  443 [PSH, ACK] Seq=2954 Ack=4601 Win=65535 Len=536 [TCP segment of a reassembled PDU]"
"501","24.826720","ord37s34-in-f10.1e100.net","10.8.0.1","TCP","54","443  >  59298 [ACK] Seq=4601 Ack=3490 Win=65535 Len=0"
"502","24.826726","10.8.0.1","ord37s34-in-f10.1e100.net","TCP","590","59298  >  443 [ACK] Seq=3490 Ack=4601 Win=65535 Len=536 [TCP segment of a reassembled PDU]"
"503","24.826739","ord37s34-in-f10.1e100.net","10.8.0.1","TCP","54","443  >  59298 [ACK] Seq=4601 Ack=4026 Win=65535 Len=0"
"504","24.826749","10.8.0.1","ord37s34-in-f10.1e100.net","TLSv1.2","147","Client Key Exchange, Change Cipher Spec, Encrypted Handshake Message"
"505","24.826766","ord37s34-in-f10.1e100.net","10.8.0.1","TCP","54","443  >  59302 [ACK] Seq=4601 Ack=274 Win=65535 Len=0"
"506","24.826772","10.8.0.1","ord37s34-in-f10.1e100.net","TLSv1.2","193","Application Data, Application Data, Application Data"
"507","24.826782","ord37s34-in-f10.1e100.net","10.8.0.1","TCP","54","443  >  59302 [ACK] Seq=4601 Ack=413 Win=65535 Len=0"
"508","24.826806","10.8.0.1","ord37s34-in-f10.1e100.net","TLSv1.2","590","Application Data [TCP segment of a reassembled PDU]"
"509","24.826821","ord37s34-in-f10.1e100.net","10.8.0.1","TCP","54","443  >  59298 [ACK] Seq=4601 Ack=4562 Win=65535 Len=0"
"510","24.826827","10.8.0.1","ord37s34-in-f10.1e100.net","TCP","590","59298  >  443 [PSH, ACK] Seq=4562 Ack=4601 Win=65535 Len=536 [TCP segment of a reassembled PDU]"
"511","24.826839","ord37s34-in-f10.1e100.net","10.8.0.1","TCP","54","443  >  59298 [ACK] Seq=4601 Ack=5098 Win=65535 Len=0"
"512","24.826845","10.8.0.1","ord37s34-in-f10.1e100.net","TCP","590","59298  >  443 [ACK] Seq=5098 Ack=4601 Win=65535 Len=536 [TCP segment of a reassembled PDU]"
"513","24.826857","ord37s34-in-f10.1e100.net","10.8.0.1","TCP","54","443  >  59298 [ACK] Seq=4601 Ack=5634 Win=65535 Len=0"
"514","24.826864","10.8.0.1","ord37s34-in-f10.1e100.net","TLSv1.2","259","Application Data"
"515","24.826879","ord37s34-in-f10.1e100.net","10.8.0.1","TCP","54","443  >  59298 [ACK] Seq=4601 Ack=5839 Win=65535 Len=0"
"516","24.877473","ord37s34-in-f4.1e100.net","10.8.0.1","TLSv1.3","4308","Server Hello, Change Cipher Spec"
"517","24.877529","10.8.0.1","ord37s34-in-f4.1e100.net","TCP","54","37358  >  443 [ACK] Seq=518 Ack=4255 Win=65535 Len=0"
"518","24.928243","ord37s34-in-f10.1e100.net","10.8.0.1","TLSv1.2","415","New Session Ticket, Change Cipher Spec, Encrypted Handshake Message, Application Data"
"519","24.928354","ord37s34-in-f10.1e100.net","10.8.0.1","TLSv1.2","346","New Session Ticket, Change Cipher Spec, Encrypted Handshake Message"
"520","24.928391","ord37s34-in-f10.1e100.net","10.8.0.1","TLSv1.2","346","New Session Ticket, Change Cipher Spec, Encrypted Handshake Message"
"521","24.928434","ord37s34-in-f4.1e100.net","10.8.0.1","TLSv1.3","210","Application Data"
"522","24.928445","10.8.0.1","ord37s34-in-f10.1e100.net","TCP","54","59298  >  443 [ACK] Seq=5839 Ack=4962 Win=65535 Len=0"
"523","24.928455","10.8.0.1","ord37s34-in-f10.1e100.net","TCP","54","59300  >  443 [RST] Seq=413 Win=0 Len=0"
"524","24.928598","10.8.0.1","ord37s34-in-f10.1e100.net","TCP","54","59302  >  443 [RST] Seq=413 Win=0 Len=0"
"525","24.928638","10.8.0.1","ord37s34-in-f4.1e100.net","TCP","54","37358  >  443 [ACK] Seq=518 Ack=4411 Win=65535 Len=0"
"526","24.978867","ord37s34-in-f10.1e100.net","10.8.0.1","TLSv1.2","92","Application Data"
"527","24.978901","10.8.0.1","ord37s34-in-f4.1e100.net","TCP","74","37362  >  443 [SYN] Seq=0 Win=65535 Len=0 MSS=1460 SACK_PERM=1 TSval=3291599922 TSecr=0 WS=1024"
"528","24.980000","ord37s34-in-f4.1e100.net","10.8.0.1","TCP","54","443  >  37362 [SYN, ACK] Seq=0 Ack=1 Win=65535 Len=0"
"529","24.980024","10.8.0.1","ord37s34-in-f10.1e100.net","TLSv1.2","92","Application Data"
"530","24.980053","ord37s34-in-f10.1e100.net","10.8.0.1","TCP","54","443  >  59298 [ACK] Seq=4962 Ack=5877 Win=65535 Len=0"
"531","24.980060","10.8.0.1","ord37s34-in-f4.1e100.net","TLSv1.3","128","Change Cipher Spec, Application Data"
"532","24.980092","ord37s34-in-f4.1e100.net","10.8.0.1","TCP","54","443  >  37358 [ACK] Seq=4411 Ack=592 Win=65535 Len=0"
"533","24.980122","10.8.0.1","ord37s34-in-f4.1e100.net","TLSv1.3","146","Application Data"
"534","24.980147","ord37s34-in-f4.1e100.net","10.8.0.1","TCP","54","443  >  37358 [ACK] Seq=4411 Ack=684 Win=65535 Len=0"
"535","24.980168","10.8.0.1","ord37s34-in-f4.1e100.net","TLSv1.3","365","Application Data"
"536","24.980192","ord37s34-in-f4.1e100.net","10.8.0.1","TCP","54","443  >  37358 [ACK] Seq=4411 Ack=995 Win=65535 Len=0"
"537","24.980199","10.8.0.1","ord37s34-in-f10.1e100.net","TCP","54","59298  >  443 [ACK] Seq=5877 Ack=5000 Win=65535 Len=0"
"538","24.980210","10.8.0.1","ord37s34-in-f4.1e100.net","TLSv1.3","157","Application Data"
"539","24.980230","ord37s34-in-f4.1e100.net","10.8.0.1","TCP","54","443  >  37358 [ACK] Seq=4411 Ack=1098 Win=65535 Len=0"
"540","24.980237","10.8.0.1","ord37s34-in-f4.1e100.net","TCP","590","37358  >  443 [ACK] Seq=1098 Ack=4411 Win=65535 Len=536 [TCP segment of a reassembled PDU]"
"541","24.980277","ord37s34-in-f4.1e100.net","10.8.0.1","TCP","54","443  >  37358 [ACK] Seq=4411 Ack=1634 Win=65535 Len=0"
"542","24.980286","10.8.0.1","ord37s34-in-f4.1e100.net","TCP","590","37358  >  443 [PSH, ACK] Seq=1634 Ack=4411 Win=65535 Len=536 [TCP segment of a reassembled PDU]"
"543","24.980305","ord37s34-in-f4.1e100.net","10.8.0.1","TCP","54","443  >  37358 [ACK] Seq=4411 Ack=2170 Win=65535 Len=0"
"544","24.980312","10.8.0.1","ord37s34-in-f4.1e100.net","TCP","590","37358  >  443 [ACK] Seq=2170 Ack=4411 Win=65535 Len=536 [TCP segment of a reassembled PDU]"
"545","24.980331","ord37s34-in-f4.1e100.net","10.8.0.1","TCP","54","443  >  37358 [ACK] Seq=4411 Ack=2706 Win=65535 Len=0"
"546","24.980338","10.8.0.1","ord37s34-in-f4.1e100.net","TCP","590","37358  >  443 [PSH, ACK] Seq=2706 Ack=4411 Win=65535 Len=536 [TCP segment of a reassembled PDU]"
"547","24.980357","ord37s34-in-f4.1e100.net","10.8.0.1","TCP","54","443  >  37358 [ACK] Seq=4411 Ack=3242 Win=65535 Len=0"
"548","24.980364","10.8.0.1","ord37s34-in-f4.1e100.net","TCP","590","37358  >  443 [ACK] Seq=3242 Ack=4411 Win=65535 Len=536 [TCP segment of a reassembled PDU]"
"549","24.980375","ord37s34-in-f4.1e100.net","10.8.0.1","TCP","54","443  >  37358 [ACK] Seq=4411 Ack=3778 Win=65535 Len=0"
"550","24.980382","10.8.0.1","ord37s34-in-f4.1e100.net","TCP","590","37358  >  443 [PSH, ACK] Seq=3778 Ack=4411 Win=65535 Len=536 [TCP segment of a reassembled PDU]"
"551","24.980393","ord37s34-in-f4.1e100.net","10.8.0.1","TCP","54","443  >  37358 [ACK] Seq=4411 Ack=4314 Win=65535 Len=0"
"552","24.980399","10.8.0.1","ord37s34-in-f4.1e100.net","TCP","54","37362  >  443 [RST] Seq=1 Win=0 Len=0"
"553","24.980472","10.8.0.1","ord37s34-in-f10.1e100.net","TCP","54","[TCP Dup ACK 537#1] 59298  >  443 [ACK] Seq=5877 Ack=5000 Win=65535 Len=0"
"554","24.980480","10.8.0.1","ord37s34-in-f4.1e100.net","TCP","590","37358  >  443 [ACK] Seq=4314 Ack=4411 Win=65535 Len=536 [TCP segment of a reassembled PDU]"
"555","24.980502","ord37s34-in-f4.1e100.net","10.8.0.1","TCP","54","443  >  37358 [ACK] Seq=4411 Ack=4850 Win=65535 Len=0"
"556","24.980508","10.8.0.1","ord37s34-in-f4.1e100.net","TCP","590","37358  >  443 [PSH, ACK] Seq=4850 Ack=4411 Win=65535 Len=536 [TCP segment of a reassembled PDU]"
"557","24.980521","ord37s34-in-f4.1e100.net","10.8.0.1","TCP","54","443  >  37358 [ACK] Seq=4411 Ack=5386 Win=65535 Len=0"
"558","24.980526","10.8.0.1","ord37s34-in-f4.1e100.net","TCP","590","37358  >  443 [ACK] Seq=5386 Ack=4411 Win=65535 Len=536 [TCP segment of a reassembled PDU]"
"559","24.980536","ord37s34-in-f4.1e100.net","10.8.0.1","TCP","54","443  >  37358 [ACK] Seq=4411 Ack=5922 Win=65535 Len=0"
"560","24.980543","10.8.0.1","ord37s34-in-f4.1e100.net","TCP","590","37358  >  443 [PSH, ACK] Seq=5922 Ack=4411 Win=65535 Len=536 [TCP segment of a reassembled PDU]"
"561","24.980553","ord37s34-in-f4.1e100.net","10.8.0.1","TCP","54","443  >  37358 [ACK] Seq=4411 Ack=6458 Win=65535 Len=0"
"562","24.980558","10.8.0.1","ord37s34-in-f4.1e100.net","TCP","590","37358  >  443 [ACK] Seq=6458 Ack=4411 Win=65535 Len=536 [TCP segment of a reassembled PDU]"
"563","24.980568","ord37s34-in-f4.1e100.net","10.8.0.1","TCP","54","443  >  37358 [ACK] Seq=4411 Ack=6994 Win=65535 Len=0"
"564","24.980574","10.8.0.1","ord37s34-in-f4.1e100.net","TCP","590","37358  >  443 [PSH, ACK] Seq=6994 Ack=4411 Win=65535 Len=536 [TCP segment of a reassembled PDU]"
"565","24.980585","ord37s34-in-f4.1e100.net","10.8.0.1","TCP","54","443  >  37358 [ACK] Seq=4411 Ack=7530 Win=65535 Len=0"
"566","24.980590","10.8.0.1","ord37s34-in-f4.1e100.net","TCP","590","37358  >  443 [ACK] Seq=7530 Ack=4411 Win=65535 Len=536 [TCP segment of a reassembled PDU]"
"567","24.980605","ord37s34-in-f4.1e100.net","10.8.0.1","TCP","54","443  >  37358 [ACK] Seq=4411 Ack=8066 Win=65535 Len=0"
"568","24.980612","10.8.0.1","ord37s34-in-f4.1e100.net","TCP","590","37358  >  443 [PSH, ACK] Seq=8066 Ack=4411 Win=65535 Len=536 [TCP segment of a reassembled PDU]"
"569","24.980623","ord37s34-in-f4.1e100.net","10.8.0.1","TCP","54","443  >  37358 [ACK] Seq=4411 Ack=8602 Win=65535 Len=0"
"570","24.980628","10.8.0.1","ord37s34-in-f4.1e100.net","TCP","590","37358  >  443 [ACK] Seq=8602 Ack=4411 Win=65535 Len=536 [TCP segment of a reassembled PDU]"
"571","24.980647","ord37s34-in-f4.1e100.net","10.8.0.1","TCP","54","443  >  37358 [ACK] Seq=4411 Ack=9138 Win=65535 Len=0"
"572","24.980654","10.8.0.1","ord37s34-in-f4.1e100.net","TCP","590","37358  >  443 [PSH, ACK] Seq=9138 Ack=4411 Win=65535 Len=536 [TCP segment of a reassembled PDU]"
"573","24.980666","ord37s34-in-f4.1e100.net","10.8.0.1","TCP","54","443  >  37358 [ACK] Seq=4411 Ack=9674 Win=65535 Len=0"
"574","24.980672","10.8.0.1","ord37s34-in-f4.1e100.net","TCP","590","37358  >  443 [ACK] Seq=9674 Ack=4411 Win=65535 Len=536 [TCP segment of a reassembled PDU]"
"575","24.980682","ord37s34-in-f4.1e100.net","10.8.0.1","TCP","54","443  >  37358 [ACK] Seq=4411 Ack=10210 Win=65535 Len=0"
"576","24.980689","10.8.0.1","ord37s34-in-f4.1e100.net","TCP","590","37358  >  443 [PSH, ACK] Seq=10210 Ack=4411 Win=65535 Len=536 [TCP segment of a reassembled PDU]"
"577","24.980698","ord37s34-in-f4.1e100.net","10.8.0.1","TCP","54","443  >  37358 [ACK] Seq=4411 Ack=10746 Win=65535 Len=0"
"578","24.980703","10.8.0.1","ord37s34-in-f4.1e100.net","TCP","590","37358  >  443 [ACK] Seq=10746 Ack=4411 Win=65535 Len=536 [TCP segment of a reassembled PDU]"
"579","24.980718","ord37s34-in-f4.1e100.net","10.8.0.1","TCP","54","443  >  37358 [ACK] Seq=4411 Ack=11282 Win=65535 Len=0"
"580","24.980725","10.8.0.1","ord37s34-in-f4.1e100.net","TCP","590","37358  >  443 [PSH, ACK] Seq=11282 Ack=4411 Win=65535 Len=536 [TCP segment of a reassembled PDU]"
"581","24.980734","ord37s34-in-f4.1e100.net","10.8.0.1","TCP","54","443  >  37358 [ACK] Seq=4411 Ack=11818 Win=65535 Len=0"
"582","24.980739","10.8.0.1","ord37s34-in-f4.1e100.net","TCP","590","37358  >  443 [ACK] Seq=11818 Ack=4411 Win=65535 Len=536 [TCP segment of a reassembled PDU]"
"583","24.980749","ord37s34-in-f4.1e100.net","10.8.0.1","TCP","54","443  >  37358 [ACK] Seq=4411 Ack=12354 Win=65535 Len=0"
"584","24.980755","10.8.0.1","ord37s34-in-f4.1e100.net","TLSv1.3","551","Application Data, Application Data"
"585","24.980776","ord37s34-in-f4.1e100.net","10.8.0.1","TCP","54","443  >  37358 [ACK] Seq=4411 Ack=12851 Win=65535 Len=0"
"586","25.031157","ord37s34-in-f10.1e100.net","10.8.0.1","TLSv1.2","390","Application Data"
"587","25.081298","10.8.0.1","ord37s34-in-f10.1e100.net","TCP","54","59298  >  443 [ACK] Seq=5877 Ack=5336 Win=65535 Len=0"
"588","25.081415","ord37s34-in-f4.1e100.net","10.8.0.1","TLSv1.3","947","Application Data, Application Data, Application Data"
"589","25.081454","ord37s34-in-f10.1e100.net","10.8.0.1","TLSv1.2","1432","Application Data, Application Data, Application Data, Application Data, Application Data, Application Data, Application Data"
"590","25.131594","10.8.0.1","ord37s34-in-f4.1e100.net","TCP","54","37358  >  443 [ACK] Seq=12851 Ack=5304 Win=65535 Len=0"
"591","25.131643","10.8.0.1","ord37s34-in-f4.1e100.net","TLSv1.3","85","Application Data"
"592","25.131736","ord37s34-in-f4.1e100.net","10.8.0.1","TCP","54","443  >  37358 [ACK] Seq=5304 Ack=12882 Win=65535 Len=0"
"593","25.131746","10.8.0.1","ord37s34-in-f10.1e100.net","TCP","54","59298  >  443 [ACK] Seq=5877 Ack=6714 Win=65535 Len=0"
"594","25.131805","ord37s34-in-f10.1e100.net","10.8.0.1","TLSv1.2","279","Application Data, Application Data"
"595","25.131902","10.8.0.1","ord37s34-in-f10.1e100.net","TLSv1.2","100","Application Data"
"596","25.131923","ord37s34-in-f10.1e100.net","10.8.0.1","TCP","54","443  >  59298 [ACK] Seq=6714 Ack=5923 Win=65535 Len=0"
"597","25.182089","10.8.0.1","ord37s34-in-f10.1e100.net","TCP","54","59298  >  443 [ACK] Seq=5923 Ack=6939 Win=65535 Len=0"
"598","25.182238","ord37s34-in-f4.1e100.net","10.8.0.1","TLSv1.3","395","Application Data"
"599","25.232361","10.8.0.1","ord37s34-in-f4.1e100.net","TCP","54","37358  >  443 [ACK] Seq=12882 Ack=5645 Win=65535 Len=0"
"600","25.232509","ord37s34-in-f4.1e100.net","10.8.0.1","TLSv1.3","92","Application Data"
"601","25.282783","10.8.0.1","ord37s34-in-f4.1e100.net","TCP","54","37358  >  443 [ACK] Seq=12882 Ack=5683 Win=65535 Len=0"
"602","25.282972","ord37s34-in-f4.1e100.net","10.8.0.1","TLSv1.3","177","Application Data"
"603","25.333095","10.8.0.1","ord37s34-in-f4.1e100.net","TCP","54","37358  >  443 [ACK] Seq=12882 Ack=5806 Win=65535 Len=0"
"604","25.333241","ord37s34-in-f4.1e100.net","10.8.0.1","TLSv1.3","485","Application Data, Application Data, Application Data, Application Data, Application Data, Application Data"
"605","25.383383","10.8.0.1","ord37s34-in-f4.1e100.net","TCP","54","37358  >  443 [ACK] Seq=12882 Ack=6237 Win=65535 Len=0"
"606","25.383427","10.8.0.1","ord37s34-in-f4.1e100.net","TLSv1.3","93","Application Data"
"607","25.383521","ord37s34-in-f4.1e100.net","10.8.0.1","TCP","54","443  >  37358 [ACK] Seq=6237 Ack=12921 Win=65535 Len=0"
"608","25.383531","10.8.0.1","ec2-34-213-215-106.us-west-2.compute.amazonaws.com","TCP","54","56878  >  443 [FIN, ACK] Seq=4085 Ack=6050 Win=65535 Len=0"
"609","25.383581","ec2-34-213-215-106.us-west-2.compute.amazonaws.com","10.8.0.1","TCP","54","443  >  56878 [ACK] Seq=6050 Ack=4086 Win=65535 Len=0"
"610","25.383640","ec2-34-213-215-106.us-west-2.compute.amazonaws.com","10.8.0.1","TCP","54","443  >  56878 [FIN, ACK] Seq=6050 Ack=4086 Win=65535 Len=0"
"611","25.383848","10.8.0.1","ec2-34-213-215-106.us-west-2.compute.amazonaws.com","TCP","54","56878  >  443 [ACK] Seq=4086 Ack=6051 Win=65535 Len=0"
"612","25.434022","10.8.0.1","104.244.42.66","TCP","54","55000  >  443 [FIN, ACK] Seq=2363 Ack=5724 Win=65535 Len=0"
"613","25.434227","104.244.42.66","10.8.0.1","TCP","54","443  >  55000 [ACK] Seq=5724 Ack=2364 Win=65535 Len=0"
"614","25.434332","104.244.42.66","10.8.0.1","TCP","54","443  >  55000 [FIN, ACK] Seq=5724 Ack=2364 Win=65535 Len=0"
"615","25.434512","10.8.0.1","104.244.42.66","TCP","54","55000  >  443 [ACK] Seq=2364 Ack=5725 Win=65535 Len=0"
"616","26.336881","10.8.0.1","ord38s32-in-f10.1e100.net","TCP","74","43236  >  443 [SYN] Seq=0 Win=65535 Len=0 MSS=1460 SACK_PERM=1 TSval=615969313 TSecr=0 WS=1024"
"617","26.340512","ord38s32-in-f10.1e100.net","10.8.0.1","TCP","54","443  >  43236 [SYN, ACK] Seq=0 Ack=1 Win=65535 Len=0"
"618","26.340551","10.8.0.1","ord38s32-in-f10.1e100.net","TCP","74","43238  >  443 [SYN] Seq=0 Win=65535 Len=0 MSS=1460 SACK_PERM=1 TSval=615969313 TSecr=0 WS=1024"
"619","26.342150","ord38s32-in-f10.1e100.net","10.8.0.1","TCP","54","443  >  43238 [SYN, ACK] Seq=0 Ack=1 Win=65535 Len=0"
"620","26.342180","10.8.0.1","ord38s32-in-f10.1e100.net","TCP","74","43240  >  443 [SYN] Seq=0 Win=65535 Len=0 MSS=1460 SACK_PERM=1 TSval=615969313 TSecr=0 WS=1024"
"621","26.351346","ord38s32-in-f10.1e100.net","10.8.0.1","TCP","54","443  >  43240 [SYN, ACK] Seq=0 Ack=1 Win=65535 Len=0"
"622","26.351432","10.8.0.1","ord38s32-in-f10.1e100.net","TCP","54","43236  >  443 [ACK] Seq=1 Ack=1 Win=65535 Len=0"
"623","26.351446","10.8.0.1","ord38s32-in-f10.1e100.net","TCP","54","43238  >  443 [ACK] Seq=1 Ack=1 Win=65535 Len=0"
"624","26.351453","10.8.0.1","ord38s32-in-f10.1e100.net","TCP","54","43240  >  443 [ACK] Seq=1 Ack=1 Win=65535 Len=0"
"625","26.401628","10.8.0.1","ord38s32-in-f10.1e100.net","TLSv1.2","218","Client Hello"
"626","26.401919","ord38s32-in-f10.1e100.net","10.8.0.1","TCP","54","443  >  43238 [ACK] Seq=1 Ack=165 Win=65535 Len=0"
"627","26.401958","10.8.0.1","ord38s32-in-f10.1e100.net","TLSv1.2","218","Client Hello"
"628","26.402165","ord38s32-in-f10.1e100.net","10.8.0.1","TCP","54","443  >  43240 [ACK] Seq=1 Ack=165 Win=65535 Len=0"
"629","26.402395","10.8.0.1","ord38s32-in-f10.1e100.net","TLSv1.2","218","Client Hello"
"630","26.402469","ord38s32-in-f10.1e100.net","10.8.0.1","TCP","54","443  >  43236 [ACK] Seq=1 Ack=165 Win=65535 Len=0"
"631","26.502973","ord38s32-in-f10.1e100.net","10.8.0.1","TLSv1.2","4655","Server Hello, Certificate, Server Key Exchange, Server Hello Done"
"632","26.503026","10.8.0.1","ord37s34-in-f10.1e100.net","TCP","74","59330  >  443 [SYN] Seq=0 Win=65535 Len=0 MSS=1460 SACK_PERM=1 TSval=2022294065 TSecr=0 WS=1024"
"633","26.503947","ord37s34-in-f10.1e100.net","10.8.0.1","TCP","54","443  >  59330 [SYN, ACK] Seq=0 Ack=1 Win=65535 Len=0"
"634","26.504006","ord38s32-in-f10.1e100.net","10.8.0.1","TLSv1.2","4653","Server Hello, Certificate, Server Key Exchange, Server Hello Done"
"635","26.504033","10.8.0.1","ord37s34-in-f10.1e100.net","TCP","74","59332  >  443 [SYN] Seq=0 Win=65535 Len=0 MSS=1460 SACK_PERM=1 TSval=2022294066 TSecr=0 WS=1024"
"636","26.504958","ord37s34-in-f10.1e100.net","10.8.0.1","TCP","54","443  >  59332 [SYN, ACK] Seq=0 Ack=1 Win=65535 Len=0"
"637","26.504983","10.8.0.1","ord37s34-in-f10.1e100.net","TCP","74","59334  >  443 [SYN] Seq=0 Win=65535 Len=0 MSS=1460 SACK_PERM=1 TSval=2022294067 TSecr=0 WS=1024"
"638","26.505628","ord37s34-in-f10.1e100.net","10.8.0.1","TCP","54","443  >  59334 [SYN, ACK] Seq=0 Ack=1 Win=65535 Len=0"
"639","26.505644","10.8.0.1","ord37s34-in-f10.1e100.net","TCP","74","59336  >  443 [SYN] Seq=0 Win=65535 Len=0 MSS=1460 SACK_PERM=1 TSval=2022294073 TSecr=0 WS=1024"
"640","26.509580","ord37s34-in-f10.1e100.net","10.8.0.1","TCP","54","443  >  59336 [SYN, ACK] Seq=0 Ack=1 Win=65535 Len=0"
"641","26.509617","10.8.0.1","ord38s32-in-f10.1e100.net","TCP","54","43238  >  443 [ACK] Seq=165 Ack=4602 Win=65535 Len=0"
"642","26.509627","10.8.0.1","ord37s34-in-f10.1e100.net","TCP","54","59330  >  443 [ACK] Seq=1 Ack=1 Win=65535 Len=0"
"643","26.509636","10.8.0.1","ord38s32-in-f10.1e100.net","TCP","54","43236  >  443 [ACK] Seq=165 Ack=4600 Win=65535 Len=0"
"644","26.509643","10.8.0.1","ord37s34-in-f10.1e100.net","TLSv1.3","571","Client Hello"
"645","26.509683","ord37s34-in-f10.1e100.net","10.8.0.1","TCP","54","443  >  59330 [ACK] Seq=1 Ack=518 Win=65535 Len=0"
"646","26.509691","10.8.0.1","ord37s34-in-f10.1e100.net","TCP","54","59332  >  443 [ACK] Seq=1 Ack=1 Win=65535 Len=0"
"647","26.509698","10.8.0.1","ord37s34-in-f10.1e100.net","TLSv1.3","571","Client Hello"
"648","26.509712","ord37s34-in-f10.1e100.net","10.8.0.1","TCP","54","443  >  59332 [ACK] Seq=1 Ack=518 Win=65535 Len=0"
"649","26.509718","10.8.0.1","ord37s34-in-f10.1e100.net","TCP","54","59334  >  443 [ACK] Seq=1 Ack=1 Win=65535 Len=0"
"650","26.509724","10.8.0.1","ord37s34-in-f10.1e100.net","TLSv1.3","571","Client Hello"
"651","26.509737","ord37s34-in-f10.1e100.net","10.8.0.1","TCP","54","443  >  59334 [ACK] Seq=1 Ack=518 Win=65535 Len=0"
"652","26.509742","10.8.0.1","ord37s34-in-f10.1e100.net","TCP","54","59336  >  443 [ACK] Seq=1 Ack=1 Win=65535 Len=0"
"653","26.559881","10.8.0.1","ord37s34-in-f10.1e100.net","TLSv1.2","238","Client Hello"
"654","26.559993","ord37s34-in-f10.1e100.net","10.8.0.1","TCP","54","443  >  59336 [ACK] Seq=1 Ack=185 Win=65535 Len=0"
"655","26.560080","ord38s32-in-f10.1e100.net","10.8.0.1","TLSv1.2","4654","Server Hello, Certificate, Server Key Exchange, Server Hello Done"
"656","26.560110","10.8.0.1","ord38s32-in-f10.1e100.net","TCP","54","43240  >  443 [ACK] Seq=165 Ack=4601 Win=65535 Len=0"
"657","26.660559","10.8.0.1","ord38s32-in-f10.1e100.net","TLSv1.2","147","Client Key Exchange, Change Cipher Spec, Encrypted Handshake Message"
"658","26.660679","ord38s32-in-f10.1e100.net","10.8.0.1","TCP","54","443  >  43236 [ACK] Seq=4600 Ack=258 Win=65535 Len=0"
"659","26.710904","10.8.0.1","ord38s32-in-f10.1e100.net","TLSv1.2","147","Client Key Exchange, Change Cipher Spec, Encrypted Handshake Message"
"660","26.711017","ord38s32-in-f10.1e100.net","10.8.0.1","TCP","54","443  >  43238 [ACK] Seq=4602 Ack=258 Win=65535 Len=0"
"661","26.711104","ord37s34-in-f10.1e100.net","10.8.0.1","TLSv1.3","4736","Server Hello, Change Cipher Spec, Application Data"
"662","26.711160","ord37s34-in-f10.1e100.net","10.8.0.1","TLSv1.3","4735","Server Hello, Change Cipher Spec, Application Data"
"663","26.711216","ord37s34-in-f10.1e100.net","10.8.0.1","TLSv1.2","4661","Server Hello, Certificate, Server Key Exchange, Server Hello Done"
"664","26.711257","ord37s34-in-f10.1e100.net","10.8.0.1","TLSv1.3","4735","Server Hello, Change Cipher Spec, Application Data"
"665","26.711274","10.8.0.1","ord37s33-in-f10.1e100.net","TCP","74","49102  >  443 [SYN] Seq=0 Win=65535 Len=0 MSS=1460 SACK_PERM=1 TSval=3778526796 TSecr=0 WS=1024"
"666","26.717130","ord37s33-in-f10.1e100.net","10.8.0.1","TCP","54","443  >  49102 [SYN, ACK] Seq=0 Ack=1 Win=65535 Len=0"
"667","26.717212","10.8.0.1","ord38s32-in-f10.1e100.net","TLSv1.2","147","Client Key Exchange, Change Cipher Spec, Encrypted Handshake Message"
"668","26.717245","ord38s32-in-f10.1e100.net","10.8.0.1","TCP","54","443  >  43240 [ACK] Seq=4601 Ack=258 Win=65535 Len=0"
"669","26.717256","10.8.0.1","ord37s34-in-f10.1e100.net","TCP","54","59332  >  443 [ACK] Seq=518 Ack=4683 Win=65535 Len=0"
"670","26.717286","10.8.0.1","ord37s34-in-f10.1e100.net","TCP","54","59334  >  443 [ACK] Seq=518 Ack=4682 Win=65535 Len=0"
"671","26.717296","10.8.0.1","ord37s34-in-f10.1e100.net","TCP","54","59336  >  443 [ACK] Seq=185 Ack=4608 Win=65535 Len=0"
"672","26.717304","10.8.0.1","ord37s34-in-f10.1e100.net","TCP","54","59330  >  443 [ACK] Seq=518 Ack=4682 Win=65535 Len=0"
"673","26.717312","10.8.0.1","ord37s33-in-f10.1e100.net","TCP","54","49102  >  443 [ACK] Seq=1 Ack=1 Win=65535 Len=0"
"674","26.767622","ord38s32-in-f10.1e100.net","10.8.0.1","TLSv1.2","346","New Session Ticket, Change Cipher Spec, Encrypted Handshake Message"
"675","26.767656","10.8.0.1","ord38s30-in-f10.1e100.net","TCP","74","40118  >  443 [SYN] Seq=0 Win=65535 Len=0 MSS=1460 SACK_PERM=1 TSval=3631693766 TSecr=0 WS=1024"
"676","26.769125","ord38s30-in-f10.1e100.net","10.8.0.1","TCP","54","443  >  40118 [SYN, ACK] Seq=0 Ack=1 Win=65535 Len=0"
"677","26.769153","10.8.0.1","ord37s33-in-f10.1e100.net","TLSv1.2","228","Client Hello"
"678","26.769180","ord37s33-in-f10.1e100.net","10.8.0.1","TCP","54","443  >  49102 [ACK] Seq=1 Ack=175 Win=65535 Len=0"
"679","26.769190","10.8.0.1","ord37s34-in-f10.1e100.net","TLSv1.2","147","Client Key Exchange, Change Cipher Spec, Encrypted Handshake Message"
"680","26.769223","ord37s34-in-f10.1e100.net","10.8.0.1","TCP","54","443  >  59336 [ACK] Seq=4608 Ack=278 Win=65535 Len=0"
"681","26.769267","10.8.0.1","ord37s34-in-f10.1e100.net","TCP","590","59336  >  443 [ACK] Seq=278 Ack=4608 Win=65535 Len=536 [TCP segment of a reassembled PDU]"
"682","26.769286","ord37s34-in-f10.1e100.net","10.8.0.1","TCP","54","443  >  59336 [ACK] Seq=4608 Ack=814 Win=65535 Len=0"
"683","26.769317","10.8.0.1","ord37s34-in-f10.1e100.net","TCP","590","59336  >  443 [PSH, ACK] Seq=814 Ack=4608 Win=65535 Len=536 [TCP segment of a reassembled PDU]"
"684","26.769334","ord37s34-in-f10.1e100.net","10.8.0.1","TCP","54","443  >  59336 [ACK] Seq=4608 Ack=1350 Win=65535 Len=0"
"685","26.769343","10.8.0.1","ord37s34-in-f10.1e100.net","TLSv1.3","118","Change Cipher Spec, Application Data"
"686","26.769382","ord37s34-in-f10.1e100.net","10.8.0.1","TCP","54","443  >  59332 [ACK] Seq=4683 Ack=582 Win=65535 Len=0"
"687","26.769410","10.8.0.1","ord37s34-in-f10.1e100.net","TLSv1.3","118","Change Cipher Spec, Application Data"
"688","26.769432","ord37s34-in-f10.1e100.net","10.8.0.1","TCP","54","443  >  59334 [ACK] Seq=4682 Ack=582 Win=65535 Len=0"
"689","26.769455","10.8.0.1","ord37s34-in-f10.1e100.net","TLSv1.3","118","Change Cipher Spec, Application Data"
"690","26.769473","ord37s34-in-f10.1e100.net","10.8.0.1","TCP","54","443  >  59330 [ACK] Seq=4682 Ack=582 Win=65535 Len=0"
"691","26.769494","10.8.0.1","ord37s34-in-f10.1e100.net","TCP","54","59334  >  443 [FIN, ACK] Seq=582 Ack=4682 Win=65535 Len=0"
"692","26.769531","ord37s34-in-f10.1e100.net","10.8.0.1","TCP","54","443  >  59334 [ACK] Seq=4682 Ack=583 Win=65535 Len=0"
"693","26.769565","ord37s34-in-f10.1e100.net","10.8.0.1","TCP","54","443  >  59334 [FIN, ACK] Seq=4682 Ack=583 Win=65535 Len=0"
"694","26.769720","10.8.0.1","ord37s34-in-f10.1e100.net","TCP","54","59330  >  443 [FIN, ACK] Seq=582 Ack=4682 Win=65535 Len=0"
"695","26.769748","ord37s34-in-f10.1e100.net","10.8.0.1","TCP","54","443  >  59330 [ACK] Seq=4682 Ack=583 Win=65535 Len=0"
"696","26.769772","ord37s34-in-f10.1e100.net","10.8.0.1","TCP","54","443  >  59330 [FIN, ACK] Seq=4682 Ack=583 Win=65535 Len=0"
"697","26.769832","10.8.0.1","ord37s34-in-f10.1e100.net","TLSv1.3","146","Application Data"
"698","26.769870","ord37s34-in-f10.1e100.net","10.8.0.1","TCP","54","443  >  59332 [ACK] Seq=4683 Ack=674 Win=65535 Len=0"
"699","26.769880","10.8.0.1","ord37s34-in-f10.1e100.net","TLSv1.3","501","Application Data"
"700","26.769905","ord37s34-in-f10.1e100.net","10.8.0.1","TCP","54","443  >  59332 [ACK] Seq=4683 Ack=1121 Win=65535 Len=0"
"701","26.769923","10.8.0.1","ord37s34-in-f10.1e100.net","TLSv1.3","348","Application Data"
"702","26.769953","ord37s34-in-f10.1e100.net","10.8.0.1","TCP","54","443  >  59332 [ACK] Seq=4683 Ack=1415 Win=65535 Len=0"
"703","26.769962","10.8.0.1","ord37s34-in-f10.1e100.net","TLSv1.3","342","Application Data"
"704","26.769985","ord37s34-in-f10.1e100.net","10.8.0.1","TCP","54","443  >  59332 [ACK] Seq=4683 Ack=1703 Win=65535 Len=0"
"705","26.770000","10.8.0.1","ord37s34-in-f10.1e100.net","TCP","590","59332  >  443 [ACK] Seq=1703 Ack=4683 Win=65535 Len=536 [TCP segment of a reassembled PDU]"
"706","26.770022","ord37s34-in-f10.1e100.net","10.8.0.1","TCP","54","443  >  59332 [ACK] Seq=4683 Ack=2239 Win=65535 Len=0"
"707","26.770043","10.8.0.1","ord37s34-in-f10.1e100.net","TCP","590","59332  >  443 [PSH, ACK] Seq=2239 Ack=4683 Win=65535 Len=536 [TCP segment of a reassembled PDU]"
"708","26.770073","ord37s34-in-f10.1e100.net","10.8.0.1","TCP","54","443  >  59332 [ACK] Seq=4683 Ack=2775 Win=65535 Len=0"
"709","26.770085","10.8.0.1","ord37s34-in-f10.1e100.net","TCP","590","59332  >  443 [ACK] Seq=2775 Ack=4683 Win=65535 Len=536 [TCP segment of a reassembled PDU]"
"710","26.770109","ord37s34-in-f10.1e100.net","10.8.0.1","TCP","54","443  >  59332 [ACK] Seq=4683 Ack=3311 Win=65535 Len=0"
"711","26.770120","10.8.0.1","ord37s34-in-f10.1e100.net","TCP","590","59332  >  443 [PSH, ACK] Seq=3311 Ack=4683 Win=65535 Len=536 [TCP segment of a reassembled PDU]"
"712","26.770144","ord37s34-in-f10.1e100.net","10.8.0.1","TCP","54","443  >  59332 [ACK] Seq=4683 Ack=3847 Win=65535 Len=0"
"713","26.770152","10.8.0.1","ord37s34-in-f10.1e100.net","TCP","590","59332  >  443 [ACK] Seq=3847 Ack=4683 Win=65535 Len=536 [TCP segment of a reassembled PDU]"
"714","26.770175","ord37s34-in-f10.1e100.net","10.8.0.1","TCP","54","443  >  59332 [ACK] Seq=4683 Ack=4383 Win=65535 Len=0"
"715","26.770186","10.8.0.1","ord38s32-in-f10.1e100.net","TCP","54","43236  >  443 [ACK] Seq=258 Ack=4892 Win=65535 Len=0"
"716","26.770194","10.8.0.1","ord38s30-in-f10.1e100.net","TCP","54","40118  >  443 [ACK] Seq=1 Ack=1 Win=65535 Len=0"
"717","26.770200","10.8.0.1","ord37s34-in-f10.1e100.net","TLSv1.2","128","Application Data"
"718","26.770215","ord37s34-in-f10.1e100.net","10.8.0.1","TCP","54","443  >  59336 [ACK] Seq=4608 Ack=1424 Win=65535 Len=0"
"719","26.770222","10.8.0.1","ord37s34-in-f10.1e100.net","TCP","590","59332  >  443 [ACK] Seq=4383 Ack=4683 Win=65535 Len=536 [TCP segment of a reassembled PDU]"
"720","26.770245","ord37s34-in-f10.1e100.net","10.8.0.1","TCP","54","443  >  59332 [ACK] Seq=4683 Ack=4919 Win=65535 Len=0"
"721","26.770259","10.8.0.1","ord37s34-in-f10.1e100.net","TCP","590","59332  >  443 [PSH, ACK] Seq=4919 Ack=4683 Win=65535 Len=536 [TCP segment of a reassembled PDU]"
"722","26.770281","ord37s34-in-f10.1e100.net","10.8.0.1","TCP","54","443  >  59332 [ACK] Seq=4683 Ack=5455 Win=65535 Len=0"
"723","26.770288","10.8.0.1","ord37s34-in-f10.1e100.net","TCP","54","59334  >  443 [ACK] Seq=583 Ack=4683 Win=65535 Len=0"
"724","26.770323","10.8.0.1","ord37s34-in-f10.1e100.net","TCP","54","59330  >  443 [ACK] Seq=583 Ack=4683 Win=65535 Len=0"
"725","26.770330","10.8.0.1","ord37s34-in-f10.1e100.net","TCP","590","59332  >  443 [ACK] Seq=5455 Ack=4683 Win=65535 Len=536 [TCP segment of a reassembled PDU]"
"726","26.770346","ord37s34-in-f10.1e100.net","10.8.0.1","TCP","54","443  >  59332 [ACK] Seq=4683 Ack=5991 Win=65535 Len=0"
"727","26.770353","10.8.0.1","ord37s34-in-f10.1e100.net","TLSv1.3","590","Application Data [TCP segment of a reassembled PDU]"
"728","26.770364","ord37s34-in-f10.1e100.net","10.8.0.1","TCP","54","443  >  59332 [ACK] Seq=4683 Ack=6527 Win=65535 Len=0"
"729","26.770371","10.8.0.1","ord37s34-in-f10.1e100.net","TCP","590","59332  >  443 [ACK] Seq=6527 Ack=4683 Win=65535 Len=536 [TCP segment of a reassembled PDU]"
"730","26.770382","ord37s34-in-f10.1e100.net","10.8.0.1","TCP","54","443  >  59332 [ACK] Seq=4683 Ack=7063 Win=65535 Len=0"
"731","26.770390","10.8.0.1","ord37s34-in-f10.1e100.net","TCP","590","59332  >  443 [PSH, ACK] Seq=7063 Ack=4683 Win=65535 Len=536 [TCP segment of a reassembled PDU]"
"732","26.770401","ord37s34-in-f10.1e100.net","10.8.0.1","TCP","54","443  >  59332 [ACK] Seq=4683 Ack=7599 Win=65535 Len=0"
"733","26.770408","10.8.0.1","ord37s34-in-f10.1e100.net","TCP","590","59332  >  443 [ACK] Seq=7599 Ack=4683 Win=65535 Len=536 [TCP segment of a reassembled PDU]"
"734","26.770420","ord37s34-in-f10.1e100.net","10.8.0.1","TCP","54","443  >  59332 [ACK] Seq=4683 Ack=8135 Win=65535 Len=0"
"735","26.770427","10.8.0.1","ord37s34-in-f10.1e100.net","TCP","590","59332  >  443 [PSH, ACK] Seq=8135 Ack=4683 Win=65535 Len=536 [TCP segment of a reassembled PDU]"
"736","26.770449","ord37s34-in-f10.1e100.net","10.8.0.1","TCP","54","443  >  59332 [ACK] Seq=4683 Ack=8671 Win=65535 Len=0"
"737","26.770456","10.8.0.1","ord37s34-in-f10.1e100.net","TCP","590","59332  >  443 [ACK] Seq=8671 Ack=4683 Win=65535 Len=536 [TCP segment of a reassembled PDU]"
"738","26.770467","ord37s34-in-f10.1e100.net","10.8.0.1","TCP","54","443  >  59332 [ACK] Seq=4683 Ack=9207 Win=65535 Len=0"
"739","26.770475","10.8.0.1","ord37s34-in-f10.1e100.net","TCP","590","59332  >  443 [PSH, ACK] Seq=9207 Ack=4683 Win=65535 Len=536 [TCP segment of a reassembled PDU]"
"740","26.770487","ord37s34-in-f10.1e100.net","10.8.0.1","TCP","54","443  >  59332 [ACK] Seq=4683 Ack=9743 Win=65535 Len=0"
"741","26.770493","10.8.0.1","ord37s34-in-f10.1e100.net","TCP","590","59332  >  443 [ACK] Seq=9743 Ack=4683 Win=65535 Len=536 [TCP segment of a reassembled PDU]"
"742","26.770507","ord37s34-in-f10.1e100.net","10.8.0.1","TCP","54","443  >  59332 [ACK] Seq=4683 Ack=10279 Win=65535 Len=0"
"743","26.770514","10.8.0.1","ord37s34-in-f10.1e100.net","TCP","590","59332  >  443 [PSH, ACK] Seq=10279 Ack=4683 Win=65535 Len=536 [TCP segment of a reassembled PDU]"
"744","26.770527","ord37s34-in-f10.1e100.net","10.8.0.1","TCP","54","443  >  59332 [ACK] Seq=4683 Ack=10815 Win=65535 Len=0"
"745","26.770533","10.8.0.1","ord37s34-in-f10.1e100.net","TLSv1.3","590","Application Data [TCP segment of a reassembled PDU]"
"746","26.770545","ord37s34-in-f10.1e100.net","10.8.0.1","TCP","54","443  >  59332 [ACK] Seq=4683 Ack=11351 Win=65535 Len=0"
"747","26.770553","10.8.0.1","ord37s34-in-f10.1e100.net","TCP","590","59332  >  443 [PSH, ACK] Seq=11351 Ack=4683 Win=65535 Len=536 [TCP segment of a reassembled PDU]"
"748","26.770569","ord37s34-in-f10.1e100.net","10.8.0.1","TCP","54","443  >  59332 [ACK] Seq=4683 Ack=11887 Win=65535 Len=0"
"749","26.770575","10.8.0.1","ord37s34-in-f10.1e100.net","TCP","590","59332  >  443 [ACK] Seq=11887 Ack=4683 Win=65535 Len=536 [TCP segment of a reassembled PDU]"
"750","26.770588","ord37s34-in-f10.1e100.net","10.8.0.1","TCP","54","443  >  59332 [ACK] Seq=4683 Ack=12423 Win=65535 Len=0"
"751","26.770595","10.8.0.1","ord37s34-in-f10.1e100.net","TCP","590","59332  >  443 [PSH, ACK] Seq=12423 Ack=4683 Win=65535 Len=536 [TCP segment of a reassembled PDU]"
"752","26.770606","ord37s34-in-f10.1e100.net","10.8.0.1","TCP","54","443  >  59332 [ACK] Seq=4683 Ack=12959 Win=65535 Len=0"
"753","26.770612","10.8.0.1","ord37s34-in-f10.1e100.net","TCP","590","59332  >  443 [ACK] Seq=12959 Ack=4683 Win=65535 Len=536 [TCP segment of a reassembled PDU]"
"754","26.770623","ord37s34-in-f10.1e100.net","10.8.0.1","TCP","54","443  >  59332 [ACK] Seq=4683 Ack=13495 Win=65535 Len=0"
"755","26.770630","10.8.0.1","ord37s34-in-f10.1e100.net","TCP","590","59332  >  443 [PSH, ACK] Seq=13495 Ack=4683 Win=65535 Len=536 [TCP segment of a reassembled PDU]"
"756","26.770643","ord37s34-in-f10.1e100.net","10.8.0.1","TCP","54","443  >  59332 [ACK] Seq=4683 Ack=14031 Win=65535 Len=0"
"757","26.770649","10.8.0.1","ord37s34-in-f10.1e100.net","TCP","590","59332  >  443 [ACK] Seq=14031 Ack=4683 Win=65535 Len=536 [TCP segment of a reassembled PDU]"
"758","26.770674","ord37s34-in-f10.1e100.net","10.8.0.1","TCP","54","443  >  59332 [ACK] Seq=4683 Ack=14567 Win=65535 Len=0"
"759","26.770683","10.8.0.1","ord37s34-in-f10.1e100.net","TCP","590","59332  >  443 [PSH, ACK] Seq=14567 Ack=4683 Win=65535 Len=536 [TCP segment of a reassembled PDU]"
"760","26.770700","ord37s34-in-f10.1e100.net","10.8.0.1","TCP","54","443  >  59332 [ACK] Seq=4683 Ack=15103 Win=65535 Len=0"
"761","26.770706","10.8.0.1","ord37s34-in-f10.1e100.net","TCP","590","59332  >  443 [ACK] Seq=15103 Ack=4683 Win=65535 Len=536 [TCP segment of a reassembled PDU]"
"762","26.770729","ord37s34-in-f10.1e100.net","10.8.0.1","TCP","54","443  >  59332 [ACK] Seq=4683 Ack=15639 Win=65535 Len=0"
"763","26.770737","10.8.0.1","ord37s34-in-f10.1e100.net","TLSv1.3","394","Application Data"
"764","26.770754","ord37s34-in-f10.1e100.net","10.8.0.1","TCP","54","443  >  59332 [ACK] Seq=4683 Ack=15979 Win=65535 Len=0"
"765","26.820976","10.8.0.1","ord38s30-in-f10.1e100.net","TLSv1.3","571","Client Hello"
"766","26.821124","ord38s30-in-f10.1e100.net","10.8.0.1","TCP","54","443  >  40118 [ACK] Seq=1 Ack=518 Win=65535 Len=0"
"767","26.821231","ord38s32-in-f10.1e100.net","10.8.0.1","TLSv1.2","123","Application Data"
"768","26.821294","ord38s32-in-f10.1e100.net","10.8.0.1","TLSv1.2","346","New Session Ticket, Change Cipher Spec, Encrypted Handshake Message"
"769","26.821347","ord38s32-in-f10.1e100.net","10.8.0.1","TLSv1.2","346","New Session Ticket, Change Cipher Spec, Encrypted Handshake Message"
"770","26.821363","10.8.0.1","ord38s32-in-f10.1e100.net","TLSv1.2","122","Application Data"
"771","26.821396","ord38s32-in-f10.1e100.net","10.8.0.1","TCP","54","443  >  43236 [ACK] Seq=4892 Ack=326 Win=65535 Len=0"
"772","26.821408","10.8.0.1","ord38s32-in-f10.1e100.net","TCP","54","43236  >  443 [ACK] Seq=326 Ack=4961 Win=65535 Len=0"
"773","26.821421","10.8.0.1","ord38s32-in-f10.1e100.net","TCP","54","43238  >  443 [ACK] Seq=258 Ack=4894 Win=65535 Len=0"
"774","26.821430","10.8.0.1","ord38s32-in-f10.1e100.net","TCP","54","43240  >  443 [ACK] Seq=258 Ack=4893 Win=65535 Len=0"
"775","26.821439","10.8.0.1","ord38s32-in-f10.1e100.net","TCP","54","[TCP Dup ACK 772#1] 43236  >  443 [ACK] Seq=326 Ack=4961 Win=65535 Len=0"
"776","26.871712","10.8.0.1","ord38s32-in-f10.1e100.net","TCP","590","43236  >  443 [ACK] Seq=326 Ack=4961 Win=65535 Len=536 [TCP segment of a reassembled PDU]"
"777","26.871863","ord38s32-in-f10.1e100.net","10.8.0.1","TCP","54","443  >  43236 [ACK] Seq=4961 Ack=862 Win=65535 Len=0"
"778","26.871926","ord37s34-in-f10.1e100.net","10.8.0.1","TLSv1.3","662","Application Data, Application Data"
"779","26.871974","ord37s34-in-f10.1e100.net","10.8.0.1","TLSv1.2","346","New Session Ticket, Change Cipher Spec, Encrypted Handshake Message"
"780","26.872023","ord37s33-in-f10.1e100.net","10.8.0.1","TLSv1.2","4653","Server Hello, Certificate, Server Key Exchange, Server Hello Done"
"781","26.872043","10.8.0.1","ord38s32-in-f10.1e100.net","TLSv1.2","97","Application Data"
"782","26.872072","ord38s32-in-f10.1e100.net","10.8.0.1","TCP","54","443  >  43236 [ACK] Seq=4961 Ack=905 Win=65535 Len=0"
"783","26.872081","10.8.0.1","ord38s32-in-f10.1e100.net","TLSv1.2","122","Application Data"
"784","26.872100","ord38s32-in-f10.1e100.net","10.8.0.1","TCP","54","443  >  43238 [ACK] Seq=4894 Ack=326 Win=65535 Len=0"
"785","26.872134","10.8.0.1","ord38s32-in-f10.1e100.net","TCP","590","43236  >  443 [ACK] Seq=905 Ack=4961 Win=65535 Len=536 [TCP segment of a reassembled PDU]"
"786","26.872161","ord38s32-in-f10.1e100.net","10.8.0.1","TCP","54","443  >  43236 [ACK] Seq=4961 Ack=1441 Win=65535 Len=0"
"787","26.872185","10.8.0.1","ord38s32-in-f10.1e100.net","TCP","590","43236  >  443 [PSH, ACK] Seq=1441 Ack=4961 Win=65535 Len=536 [TCP segment of a reassembled PDU]"
"788","26.872209","ord38s32-in-f10.1e100.net","10.8.0.1","TCP","54","443  >  43236 [ACK] Seq=4961 Ack=1977 Win=65535 Len=0"
"789","26.872218","10.8.0.1","ord38s32-in-f10.1e100.net","TCP","590","43236  >  443 [ACK] Seq=1977 Ack=4961 Win=65535 Len=536 [TCP segment of a reassembled PDU]"
"790","26.872238","ord38s32-in-f10.1e100.net","10.8.0.1","TCP","54","443  >  43236 [ACK] Seq=4961 Ack=2513 Win=65535 Len=0"
"791","26.872253","10.8.0.1","ord38s32-in-f10.1e100.net","TCP","590","43236  >  443 [PSH, ACK] Seq=2513 Ack=4961 Win=65535 Len=536 [TCP segment of a reassembled PDU]"
"792","26.872267","ord38s32-in-f10.1e100.net","10.8.0.1","TCP","54","443  >  43236 [ACK] Seq=4961 Ack=3049 Win=65535 Len=0"
"793","26.872274","10.8.0.1","ord38s32-in-f10.1e100.net","TCP","590","43236  >  443 [ACK] Seq=3049 Ack=4961 Win=65535 Len=536 [TCP segment of a reassembled PDU]"
"794","26.872287","ord38s32-in-f10.1e100.net","10.8.0.1","TCP","54","443  >  43236 [ACK] Seq=4961 Ack=3585 Win=65535 Len=0"
"795","26.872295","10.8.0.1","ord38s32-in-f10.1e100.net","TCP","590","43236  >  443 [PSH, ACK] Seq=3585 Ack=4961 Win=65535 Len=536 [TCP segment of a reassembled PDU]"
"796","26.872307","ord38s32-in-f10.1e100.net","10.8.0.1","TCP","54","443  >  43236 [ACK] Seq=4961 Ack=4121 Win=65535 Len=0"
"797","26.872313","10.8.0.1","ord38s32-in-f10.1e100.net","TCP","590","43236  >  443 [ACK] Seq=4121 Ack=4961 Win=65535 Len=536 [TCP segment of a reassembled PDU]"
"798","26.872325","ord38s32-in-f10.1e100.net","10.8.0.1","TCP","54","443  >  43236 [ACK] Seq=4961 Ack=4657 Win=65535 Len=0"
"799","26.872333","10.8.0.1","ord38s32-in-f10.1e100.net","TLSv1.2","122","Application Data"
"800","26.872348","ord38s32-in-f10.1e100.net","10.8.0.1","TCP","54","443  >  43240 [ACK] Seq=4893 Ack=326 Win=65535 Len=0"
"801","26.872353","10.8.0.1","ord38s32-in-f10.1e100.net","TLSv1.2","590","Application Data [TCP segment of a reassembled PDU]"
"802","26.872366","ord38s32-in-f10.1e100.net","10.8.0.1","TCP","54","443  >  43236 [ACK] Seq=4961 Ack=5193 Win=65535 Len=0"
"803","26.872390","10.8.0.1","ord38s32-in-f10.1e100.net","TCP","590","43236  >  443 [PSH, ACK] Seq=5193 Ack=4961 Win=65535 Len=536 [TCP segment of a reassembled PDU]"
"804","26.872409","ord38s32-in-f10.1e100.net","10.8.0.1","TCP","54","443  >  43236 [ACK] Seq=4961 Ack=5729 Win=65535 Len=0"
"805","26.872415","10.8.0.1","ord38s32-in-f10.1e100.net","TCP","590","43236  >  443 [ACK] Seq=5729 Ack=4961 Win=65535 Len=536 [TCP segment of a reassembled PDU]"
"806","26.872427","ord38s32-in-f10.1e100.net","10.8.0.1","TCP","54","443  >  43236 [ACK] Seq=4961 Ack=6265 Win=65535 Len=0"
"807","26.872435","10.8.0.1","ord38s32-in-f10.1e100.net","TCP","590","43236  >  443 [PSH, ACK] Seq=6265 Ack=4961 Win=65535 Len=536 [TCP segment of a reassembled PDU]"
"808","26.872447","ord38s32-in-f10.1e100.net","10.8.0.1","TCP","54","443  >  43236 [ACK] Seq=4961 Ack=6801 Win=65535 Len=0"
"809","26.872452","10.8.0.1","ord37s34-in-f10.1e100.net","TCP","54","59336  >  443 [ACK] Seq=1424 Ack=4900 Win=65535 Len=0"
"810","26.872485","10.8.0.1","ord37s33-in-f10.1e100.net","TCP","54","49102  >  443 [ACK] Seq=175 Ack=4600 Win=65535 Len=0"
"811","26.872493","10.8.0.1","ord38s32-in-f10.1e100.net","TCP","590","43236  >  443 [ACK] Seq=6801 Ack=4961 Win=65535 Len=536 [TCP segment of a reassembled PDU]"
"812","26.872505","ord38s32-in-f10.1e100.net","10.8.0.1","TCP","54","443  >  43236 [ACK] Seq=4961 Ack=7337 Win=65535 Len=0"
"813","26.872511","10.8.0.1","ord38s32-in-f10.1e100.net","TCP","590","43236  >  443 [PSH, ACK] Seq=7337 Ack=4961 Win=65535 Len=536 [TCP segment of a reassembled PDU]"
"814","26.872522","ord38s32-in-f10.1e100.net","10.8.0.1","TCP","54","443  >  43236 [ACK] Seq=4961 Ack=7873 Win=65535 Len=0"
"815","26.872528","10.8.0.1","ord37s34-in-f10.1e100.net","TCP","54","59332  >  443 [ACK] Seq=15979 Ack=5291 Win=65535 Len=0"
"816","26.872547","10.8.0.1","ord38s32-in-f10.1e100.net","TCP","590","43236  >  443 [ACK] Seq=7873 Ack=4961 Win=65535 Len=536 [TCP segment of a reassembled PDU]"
"817","26.872560","ord38s32-in-f10.1e100.net","10.8.0.1","TCP","54","443  >  43236 [ACK] Seq=4961 Ack=8409 Win=65535 Len=0"
"818","26.872566","10.8.0.1","ord38s32-in-f10.1e100.net","TCP","590","43236  >  443 [PSH, ACK] Seq=8409 Ack=4961 Win=65535 Len=536 [TCP segment of a reassembled PDU]"
"819","26.872582","ord38s32-in-f10.1e100.net","10.8.0.1","TCP","54","443  >  43236 [ACK] Seq=4961 Ack=8945 Win=65535 Len=0"
"820","26.872588","10.8.0.1","ord38s32-in-f10.1e100.net","TCP","590","43236  >  443 [ACK] Seq=8945 Ack=4961 Win=65535 Len=536 [TCP segment of a reassembled PDU]"
"821","26.872598","ord38s32-in-f10.1e100.net","10.8.0.1","TCP","54","443  >  43236 [ACK] Seq=4961 Ack=9481 Win=65535 Len=0"
"822","26.872606","10.8.0.1","ord38s32-in-f10.1e100.net","TCP","590","43236  >  443 [PSH, ACK] Seq=9481 Ack=4961 Win=65535 Len=536 [TCP segment of a reassembled PDU]"
"823","26.872617","ord38s32-in-f10.1e100.net","10.8.0.1","TCP","54","443  >  43236 [ACK] Seq=4961 Ack=10017 Win=65535 Len=0"
"824","26.872622","10.8.0.1","ord38s32-in-f10.1e100.net","TCP","590","43236  >  443 [ACK] Seq=10017 Ack=4961 Win=65535 Len=536 [TCP segment of a reassembled PDU]"
"825","26.872633","ord38s32-in-f10.1e100.net","10.8.0.1","TCP","54","443  >  43236 [ACK] Seq=4961 Ack=10553 Win=65535 Len=0"
"826","26.872640","10.8.0.1","ord38s32-in-f10.1e100.net","TLSv1.2","213","Application Data"
"827","26.872651","ord38s32-in-f10.1e100.net","10.8.0.1","TCP","54","443  >  43236 [ACK] Seq=4961 Ack=10712 Win=65535 Len=0"
"828","26.872657","10.8.0.1","ord37s34-in-f10.1e100.net","TLSv1.3","85","Application Data"
"829","26.872668","ord37s34-in-f10.1e100.net","10.8.0.1","TCP","54","443  >  59332 [ACK] Seq=5291 Ack=16010 Win=65535 Len=0"
"830","26.923060","ord37s34-in-f10.1e100.net","10.8.0.1","TLSv1.3","85","Application Data"
"831","26.923158","ord38s32-in-f10.1e100.net","10.8.0.1","TLSv1.2","123","Application Data"
"832","26.923198","ord38s32-in-f10.1e100.net","10.8.0.1","TLSv1.2","123","Application Data"
"833","26.923207","10.8.0.1","ord37s33-in-f10.1e100.net","TLSv1.2","147","Client Key Exchange, Change Cipher Spec, Encrypted Handshake Message"
"834","26.923241","ord37s33-in-f10.1e100.net","10.8.0.1","TCP","54","443  >  49102 [ACK] Seq=4600 Ack=268 Win=65535 Len=0"
"835","26.923249","10.8.0.1","ord37s33-in-f10.1e100.net","TLSv1.2","122","Application Data"
"836","26.923264","ord37s33-in-f10.1e100.net","10.8.0.1","TCP","54","443  >  49102 [ACK] Seq=4600 Ack=336 Win=65535 Len=0"
"837","26.923335","10.8.0.1","ord38s32-in-f10.1e100.net","TCP","54","43240  >  443 [ACK] Seq=326 Ack=4962 Win=65535 Len=0"
"838","26.923342","10.8.0.1","ord38s32-in-f10.1e100.net","TCP","54","43238  >  443 [ACK] Seq=326 Ack=4963 Win=65535 Len=0"
"839","26.923348","10.8.0.1","ord37s34-in-f10.1e100.net","TCP","54","59332  >  443 [ACK] Seq=16010 Ack=5322 Win=65535 Len=0"
"840","26.973465","10.8.0.1","ord38s32-in-f10.1e100.net","TCP","590","43238  >  443 [ACK] Seq=326 Ack=4963 Win=65535 Len=536 [TCP segment of a reassembled PDU]"
"841","26.973593","ord38s32-in-f10.1e100.net","10.8.0.1","TCP","54","443  >  43238 [ACK] Seq=4963 Ack=862 Win=65535 Len=0"
"842","26.973671","ord37s34-in-f10.1e100.net","10.8.0.1","TLSv1.2","10237","Application Data, Application Data, Application Data, Application Data, Application Data, Application Data, Application Data"
"843","26.973730","ord38s30-in-f10.1e100.net","10.8.0.1","TLSv1.3","4308","Server Hello, Change Cipher Spec"
"844","26.973767","ord38s32-in-f10.1e100.net","10.8.0.1","TLSv1.2","92","Application Data"
"845","26.973800","ord38s32-in-f10.1e100.net","10.8.0.1","TLSv1.2","92","Application Data"
"846","26.973841","ord38s32-in-f10.1e100.net","10.8.0.1","TLSv1.2","92","Application Data"
"847","26.973853","10.8.0.1","ord38s32-in-f10.1e100.net","TLSv1.2","97","Application Data"
"848","26.973874","ord38s32-in-f10.1e100.net","10.8.0.1","TCP","54","443  >  43238 [ACK] Seq=4963 Ack=905 Win=65535 Len=0"
"849","26.973882","10.8.0.1","ord38s32-in-f10.1e100.net","TCP","590","43238  >  443 [ACK] Seq=905 Ack=4963 Win=65535 Len=536 [TCP segment of a reassembled PDU]"
"850","26.973893","ord38s32-in-f10.1e100.net","10.8.0.1","TCP","54","443  >  43238 [ACK] Seq=4963 Ack=1441 Win=65535 Len=0"
"851","26.973901","10.8.0.1","ord38s32-in-f10.1e100.net","TCP","590","43238  >  443 [PSH, ACK] Seq=1441 Ack=4963 Win=65535 Len=536 [TCP segment of a reassembled PDU]"
"852","26.973917","ord38s32-in-f10.1e100.net","10.8.0.1","TCP","54","443  >  43238 [ACK] Seq=4963 Ack=1977 Win=65535 Len=0"
"853","26.973924","10.8.0.1","ord38s32-in-f10.1e100.net","TCP","590","43238  >  443 [ACK] Seq=1977 Ack=4963 Win=65535 Len=536 [TCP segment of a reassembled PDU]"
"854","26.973934","ord38s32-in-f10.1e100.net","10.8.0.1","TCP","54","443  >  43238 [ACK] Seq=4963 Ack=2513 Win=65535 Len=0"
"855","26.973941","10.8.0.1","ord38s32-in-f10.1e100.net","TCP","590","43238  >  443 [PSH, ACK] Seq=2513 Ack=4963 Win=65535 Len=536 [TCP segment of a reassembled PDU]"
"856","26.973952","ord38s32-in-f10.1e100.net","10.8.0.1","TCP","54","443  >  43238 [ACK] Seq=4963 Ack=3049 Win=65535 Len=0"
"857","26.973958","10.8.0.1","ord38s32-in-f10.1e100.net","TCP","590","43238  >  443 [ACK] Seq=3049 Ack=4963 Win=65535 Len=536 [TCP segment of a reassembled PDU]"
"858","26.973968","ord38s32-in-f10.1e100.net","10.8.0.1","TCP","54","443  >  43238 [ACK] Seq=4963 Ack=3585 Win=65535 Len=0"
"859","26.973975","10.8.0.1","ord38s32-in-f10.1e100.net","TCP","590","43238  >  443 [PSH, ACK] Seq=3585 Ack=4963 Win=65535 Len=536 [TCP segment of a reassembled PDU]"
"860","26.973985","ord38s32-in-f10.1e100.net","10.8.0.1","TCP","54","443  >  43238 [ACK] Seq=4963 Ack=4121 Win=65535 Len=0"
"861","26.973991","10.8.0.1","ord38s32-in-f10.1e100.net","TCP","590","43238  >  443 [ACK] Seq=4121 Ack=4963 Win=65535 Len=536 [TCP segment of a reassembled PDU]"
"862","26.974000","ord38s32-in-f10.1e100.net","10.8.0.1","TCP","54","443  >  43238 [ACK] Seq=4963 Ack=4657 Win=65535 Len=0"
"863","26.974007","10.8.0.1","ord38s32-in-f10.1e100.net","TLSv1.2","459","Application Data"
"864","26.974022","ord38s32-in-f10.1e100.net","10.8.0.1","TCP","54","443  >  43238 [ACK] Seq=4963 Ack=5062 Win=65535 Len=0"
"865","26.974029","10.8.0.1","ord38s32-in-f10.1e100.net","TCP","590","43240  >  443 [ACK] Seq=326 Ack=4962 Win=65535 Len=536 [TCP segment of a reassembled PDU]"
"866","26.974043","ord38s32-in-f10.1e100.net","10.8.0.1","TCP","54","443  >  43240 [ACK] Seq=4962 Ack=862 Win=65535 Len=0"
"867","26.974111","10.8.0.1","ord38s32-in-f10.1e100.net","TCP","590","43240  >  443 [PSH, ACK] Seq=862 Ack=4962 Win=65535 Len=536 [TCP segment of a reassembled PDU]"
"868","26.974128","ord38s32-in-f10.1e100.net","10.8.0.1","TCP","54","443  >  43240 [ACK] Seq=4962 Ack=1398 Win=65535 Len=0"
"869","26.974135","10.8.0.1","ord38s32-in-f10.1e100.net","TCP","590","43240  >  443 [ACK] Seq=1398 Ack=4962 Win=65535 Len=536 [TCP segment of a reassembled PDU]"
"870","26.974145","ord38s32-in-f10.1e100.net","10.8.0.1","TCP","54","443  >  43240 [ACK] Seq=4962 Ack=1934 Win=65535 Len=0"
"871","26.974153","10.8.0.1","ord38s32-in-f10.1e100.net","TCP","590","43240  >  443 [PSH, ACK] Seq=1934 Ack=4962 Win=65535 Len=536 [TCP segment of a reassembled PDU]"
"872","26.974164","ord38s32-in-f10.1e100.net","10.8.0.1","TCP","54","443  >  43240 [ACK] Seq=4962 Ack=2470 Win=65535 Len=0"
"873","26.974170","10.8.0.1","ord38s32-in-f10.1e100.net","TCP","590","43240  >  443 [ACK] Seq=2470 Ack=4962 Win=65535 Len=536 [TCP segment of a reassembled PDU]"
"874","26.974180","ord38s32-in-f10.1e100.net","10.8.0.1","TCP","54","443  >  43240 [ACK] Seq=4962 Ack=3006 Win=65535 Len=0"
"875","26.974187","10.8.0.1","ord38s32-in-f10.1e100.net","TCP","590","43240  >  443 [PSH, ACK] Seq=3006 Ack=4962 Win=65535 Len=536 [TCP segment of a reassembled PDU]"
"876","26.974204","ord38s32-in-f10.1e100.net","10.8.0.1","TCP","54","443  >  43240 [ACK] Seq=4962 Ack=3542 Win=65535 Len=0"
"877","26.974211","10.8.0.1","ord38s32-in-f10.1e100.net","TCP","590","43240  >  443 [ACK] Seq=3542 Ack=4962 Win=65535 Len=536 [TCP segment of a reassembled PDU]"
"878","26.974220","ord38s32-in-f10.1e100.net","10.8.0.1","TCP","54","443  >  43240 [ACK] Seq=4962 Ack=4078 Win=65535 Len=0"
"879","26.974228","10.8.0.1","ord38s32-in-f10.1e100.net","TCP","590","43240  >  443 [PSH, ACK] Seq=4078 Ack=4962 Win=65535 Len=536 [TCP segment of a reassembled PDU]"
"880","26.974238","ord38s32-in-f10.1e100.net","10.8.0.1","TCP","54","443  >  43240 [ACK] Seq=4962 Ack=4614 Win=65535 Len=0"
"881","26.974244","10.8.0.1","ord38s32-in-f10.1e100.net","TLSv1.2","473","Application Data"
"882","26.974253","ord38s32-in-f10.1e100.net","10.8.0.1","TCP","54","443  >  43240 [ACK] Seq=4962 Ack=5033 Win=65535 Len=0"
"883","26.974286","10.8.0.1","ord38s32-in-f10.1e100.net","TCP","590","43240  >  443 [ACK] Seq=5033 Ack=4962 Win=65535 Len=536 [TCP segment of a reassembled PDU]"
"884","26.974298","ord38s32-in-f10.1e100.net","10.8.0.1","TCP","54","443  >  43240 [ACK] Seq=4962 Ack=5569 Win=65535 Len=0"
"885","26.974304","10.8.0.1","ord38s32-in-f10.1e100.net","TCP","590","43238  >  443 [ACK] Seq=5062 Ack=4963 Win=65535 Len=536 [TCP segment of a reassembled PDU]"
"886","26.974315","ord38s32-in-f10.1e100.net","10.8.0.1","TCP","54","443  >  43238 [ACK] Seq=4963 Ack=5598 Win=65535 Len=0"
"887","26.974320","10.8.0.1","ord38s32-in-f10.1e100.net","TCP","590","43238  >  443 [PSH, ACK] Seq=5598 Ack=4963 Win=65535 Len=536 [TCP segment of a reassembled PDU]"
"888","26.974335","ord38s32-in-f10.1e100.net","10.8.0.1","TCP","54","443  >  43238 [ACK] Seq=4963 Ack=6134 Win=65535 Len=0"
"889","26.974340","10.8.0.1","ord37s34-in-f10.1e100.net","TCP","54","59336  >  443 [ACK] Seq=1424 Ack=15083 Win=65535 Len=0"
"890","26.974352","10.8.0.1","ord38s30-in-f10.1e100.net","TCP","54","40118  >  443 [ACK] Seq=518 Ack=4255 Win=65535 Len=0"
"891","26.974357","10.8.0.1","ord38s32-in-f10.1e100.net","TCP","54","43240  >  443 [ACK] Seq=5569 Ack=5000 Win=65535 Len=0"
"892","26.974362","10.8.0.1","ord38s32-in-f10.1e100.net","TCP","54","43238  >  443 [ACK] Seq=6134 Ack=5001 Win=65535 Len=0"
"893","26.974368","10.8.0.1","ord38s32-in-f10.1e100.net","TCP","54","43236  >  443 [ACK] Seq=10712 Ack=4999 Win=65535 Len=0"
"894","26.974373","10.8.0.1","ord38s32-in-f10.1e100.net","TCP","54","[TCP Dup ACK 892#1] 43238  >  443 [ACK] Seq=6134 Ack=5001 Win=65535 Len=0"
"895","26.974377","10.8.0.1","ord38s32-in-f10.1e100.net","TCP","54","[TCP Dup ACK 891#1] 43240  >  443 [ACK] Seq=5569 Ack=5000 Win=65535 Len=0"
"896","27.024688","ord37s34-in-f10.1e100.net","10.8.0.1","TLSv1.2","19346","Application Data, Application Data, Application Data, Application Data, Application Data, Application Data, Application Data, Application Data, Application Data, Application Data, Application Data, Application Data, Application Data, Application Data, Application Data"
"897","27.024795","ord37s33-in-f10.1e100.net","10.8.0.1","TLSv1.2","346","New Session Ticket, Change Cipher Spec, Encrypted Handshake Message"
"898","27.024836","ord38s30-in-f10.1e100.net","10.8.0.1","TLSv1.3","482","Application Data"
"899","27.024852","10.8.0.1","ord37s34-in-f10.1e100.net","TCP","54","59336  >  443 [ACK] Seq=1424 Ack=34375 Win=65535 Len=0"
"900","27.024861","10.8.0.1","ord37s33-in-f10.1e100.net","TCP","54","49102  >  443 [ACK] Seq=336 Ack=4892 Win=65535 Len=0"
"901","27.024866","10.8.0.1","ord38s30-in-f10.1e100.net","TCP","54","40118  >  443 [ACK] Seq=518 Ack=4683 Win=65535 Len=0"
"902","27.075077","ord37s34-in-f10.1e100.net","10.8.0.1","TLSv1.3","386","Application Data"
"903","27.075109","10.8.0.1","ord38s30-in-f10.1e100.net","TLSv1.3","118","Change Cipher Spec, Application Data"
"904","27.075145","ord38s30-in-f10.1e100.net","10.8.0.1","TCP","54","443  >  40118 [ACK] Seq=4683 Ack=582 Win=65535 Len=0"
"905","27.075257","ord37s34-in-f10.1e100.net","10.8.0.1","TLSv1.2","30370","Application Data, Application Data, Application Data, Application Data, Application Data, Application Data, Application Data, Application Data, Application Data, Application Data, Application Data, Application Data, Application Data, Application Data, Application Data, Application Data, Application Data, Application Data, Application Data, Application Data, Application Data"
"906","27.075320","10.8.0.1","ord38s30-in-f10.1e100.net","TLSv1.3","115","Application Data"
"907","27.075339","ord38s30-in-f10.1e100.net","10.8.0.1","TCP","54","443  >  40118 [ACK] Seq=4683 Ack=643 Win=65535 Len=0"
"908","27.075389","10.8.0.1","ord37s34-in-f10.1e100.net","TCP","54","59336  >  443 [ACK] Seq=1424 Ack=64691 Win=65535 Len=0"
"909","27.075396","10.8.0.1","ord37s34-in-f10.1e100.net","TCP","54","59332  >  443 [ACK] Seq=16010 Ack=5654 Win=65535 Len=0"
"910","27.125600","ord37s34-in-f10.1e100.net","10.8.0.1","TLSv1.2","5566","Application Data, Application Data, Application Data, Application Data"
"911","27.125677","ord37s33-in-f10.1e100.net","10.8.0.1","TLSv1.2","161","Application Data, Application Data"
"912","27.125716","ord37s34-in-f10.1e100.net","10.8.0.1","TLSv1.3","1437","Application Data, Application Data, Application Data, Application Data, Application Data, Application Data"
"913","27.125753","ord38s32-in-f10.1e100.net","10.8.0.1","TLSv1.2","3416","Application Data, Application Data"
"914","27.125769","10.8.0.1","ord37s34-in-f10.1e100.net","TCP","54","59336  >  443 [ACK] Seq=1424 Ack=70203 Win=65535 Len=0"
"915","27.125778","10.8.0.1","ord37s33-in-f10.1e100.net","TCP","54","49102  >  443 [ACK] Seq=336 Ack=4999 Win=65535 Len=0"
"916","27.125783","10.8.0.1","ord38s32-in-f10.1e100.net","TCP","54","43236  >  443 [ACK] Seq=10712 Ack=8361 Win=65535 Len=0"
"917","27.176003","10.8.0.1","ord37s34-in-f10.1e100.net","TCP","54","59332  >  443 [ACK] Seq=16010 Ack=7037 Win=65535 Len=0"
"918","27.176143","ord37s34-in-f10.1e100.net","10.8.0.1","TLSv1.2","332","Application Data, Application Data"
"919","27.176186","ord38s30-in-f10.1e100.net","10.8.0.1","TLSv1.3","662","Application Data, Application Data"
"920","27.176196","10.8.0.1","ord37s34-in-f10.1e100.net","TLSv1.3","93","Application Data"
"921","27.176219","ord37s34-in-f10.1e100.net","10.8.0.1","TCP","54","443  >  59332 [ACK] Seq=7037 Ack=16049 Win=65535 Len=0"
"922","27.176227","10.8.0.1","ord37s33-in-f10.1e100.net","TCP","590","49102  >  443 [ACK] Seq=336 Ack=4999 Win=65535 Len=536 [TCP segment of a reassembled PDU]"
"923","27.176261","ord37s33-in-f10.1e100.net","10.8.0.1","TCP","54","443  >  49102 [ACK] Seq=4999 Ack=872 Win=65535 Len=0"
"924","27.176316","10.8.0.1","ord37s33-in-f10.1e100.net","TCP","590","49102  >  443 [PSH, ACK] Seq=872 Ack=4999 Win=65535 Len=536 [TCP segment of a reassembled PDU]"
"925","27.176362","ord37s33-in-f10.1e100.net","10.8.0.1","TCP","54","443  >  49102 [ACK] Seq=4999 Ack=1408 Win=65535 Len=0"
"926","27.176370","10.8.0.1","ord37s33-in-f10.1e100.net","TLSv1.2","94","Application Data"
"927","27.176391","ord37s33-in-f10.1e100.net","10.8.0.1","TCP","54","443  >  49102 [ACK] Seq=4999 Ack=1448 Win=65535 Len=0"
"928","27.176419","10.8.0.1","ord37s33-in-f10.1e100.net","TCP","590","49102  >  443 [ACK] Seq=1448 Ack=4999 Win=65535 Len=536 [TCP segment of a reassembled PDU]"
"929","27.176440","ord37s33-in-f10.1e100.net","10.8.0.1","TCP","54","443  >  49102 [ACK] Seq=4999 Ack=1984 Win=65535 Len=0"
"930","27.176447","10.8.0.1","ord37s33-in-f10.1e100.net","TCP","590","49102  >  443 [PSH, ACK] Seq=1984 Ack=4999 Win=65535 Len=536 [TCP segment of a reassembled PDU]"
"931","27.176466","ord37s33-in-f10.1e100.net","10.8.0.1","TCP","54","443  >  49102 [ACK] Seq=4999 Ack=2520 Win=65535 Len=0"
"932","27.176472","10.8.0.1","ord37s33-in-f10.1e100.net","TCP","590","49102  >  443 [ACK] Seq=2520 Ack=4999 Win=65535 Len=536 [TCP segment of a reassembled PDU]"
"933","27.176484","ord37s33-in-f10.1e100.net","10.8.0.1","TCP","54","443  >  49102 [ACK] Seq=4999 Ack=3056 Win=65535 Len=0"
"934","27.176493","10.8.0.1","ord37s33-in-f10.1e100.net","TCP","590","49102  >  443 [PSH, ACK] Seq=3056 Ack=4999 Win=65535 Len=536 [TCP segment of a reassembled PDU]"
"935","27.176504","ord37s33-in-f10.1e100.net","10.8.0.1","TCP","54","443  >  49102 [ACK] Seq=4999 Ack=3592 Win=65535 Len=0"
"936","27.176510","10.8.0.1","ord37s33-in-f10.1e100.net","TCP","590","49102  >  443 [ACK] Seq=3592 Ack=4999 Win=65535 Len=536 [TCP segment of a reassembled PDU]"
"937","27.176521","ord37s33-in-f10.1e100.net","10.8.0.1","TCP","54","443  >  49102 [ACK] Seq=4999 Ack=4128 Win=65535 Len=0"
"938","27.176528","10.8.0.1","ord37s33-in-f10.1e100.net","TCP","590","49102  >  443 [PSH, ACK] Seq=4128 Ack=4999 Win=65535 Len=536 [TCP segment of a reassembled PDU]"
"939","27.176546","ord37s33-in-f10.1e100.net","10.8.0.1","TCP","54","443  >  49102 [ACK] Seq=4999 Ack=4664 Win=65535 Len=0"
"940","27.176552","10.8.0.1","ord37s33-in-f10.1e100.net","TCP","590","49102  >  443 [ACK] Seq=4664 Ack=4999 Win=65535 Len=536 [TCP segment of a reassembled PDU]"
"941","27.176563","ord37s33-in-f10.1e100.net","10.8.0.1","TCP","54","443  >  49102 [ACK] Seq=4999 Ack=5200 Win=65535 Len=0"
"942","27.176572","10.8.0.1","ord38s32-in-f10.1e100.net","TCP","590","[TCP Spurious Retransmission] 43240  >  443 [ACK] Seq=326 Ack=5000 Win=65535 Len=536"
"943","27.176602","ord38s32-in-f10.1e100.net","10.8.0.1","TCP","54","443  >  43240 [ACK] Seq=5000 Ack=862 Win=65535 Len=0"
"944","27.176609","10.8.0.1","ord37s34-in-f10.1e100.net","TCP","54","59336  >  443 [ACK] Seq=1424 Ack=70481 Win=65535 Len=0"
"945","27.176615","10.8.0.1","ord38s30-in-f10.1e100.net","TCP","54","40118  >  443 [ACK] Seq=643 Ack=5291 Win=65535 Len=0"
"946","27.176620","10.8.0.1","ord37s33-in-f10.1e100.net","TCP","590","49102  >  443 [ACK] Seq=5200 Ack=4999 Win=65535 Len=536 [TCP segment of a reassembled PDU]"
"947","27.176633","ord37s33-in-f10.1e100.net","10.8.0.1","TCP","54","443  >  49102 [ACK] Seq=4999 Ack=5736 Win=65535 Len=0"
"948","27.176639","10.8.0.1","ord37s33-in-f10.1e100.net","TCP","590","49102  >  443 [PSH, ACK] Seq=5736 Ack=4999 Win=65535 Len=536 [TCP segment of a reassembled PDU]"
"949","27.176651","ord37s33-in-f10.1e100.net","10.8.0.1","TCP","54","443  >  49102 [ACK] Seq=4999 Ack=6272 Win=65535 Len=0"
"950","27.176656","10.8.0.1","ord37s33-in-f10.1e100.net","TCP","590","49102  >  443 [ACK] Seq=6272 Ack=4999 Win=65535 Len=536 [TCP segment of a reassembled PDU]"
"951","27.176667","ord37s33-in-f10.1e100.net","10.8.0.1","TCP","54","443  >  49102 [ACK] Seq=4999 Ack=6808 Win=65535 Len=0"
"952","27.176675","10.8.0.1","ord37s33-in-f10.1e100.net","TCP","590","49102  >  443 [PSH, ACK] Seq=6808 Ack=4999 Win=65535 Len=536 [TCP segment of a reassembled PDU]"
"953","27.176691","ord37s33-in-f10.1e100.net","10.8.0.1","TCP","54","443  >  49102 [ACK] Seq=4999 Ack=7344 Win=65535 Len=0"
"954","27.176696","10.8.0.1","ord37s33-in-f10.1e100.net","TCP","590","49102  >  443 [ACK] Seq=7344 Ack=4999 Win=65535 Len=536 [TCP segment of a reassembled PDU]"
"955","27.176706","ord37s33-in-f10.1e100.net","10.8.0.1","TCP","54","443  >  49102 [ACK] Seq=4999 Ack=7880 Win=65535 Len=0"
"956","27.176712","10.8.0.1","ord37s33-in-f10.1e100.net","TCP","590","49102  >  443 [PSH, ACK] Seq=7880 Ack=4999 Win=65535 Len=536 [TCP segment of a reassembled PDU]"
"957","27.176723","ord37s33-in-f10.1e100.net","10.8.0.1","TCP","54","443  >  49102 [ACK] Seq=4999 Ack=8416 Win=65535 Len=0"
"958","27.176729","10.8.0.1","ord37s33-in-f10.1e100.net","TCP","590","49102  >  443 [ACK] Seq=8416 Ack=4999 Win=65535 Len=536 [TCP segment of a reassembled PDU]"
"959","27.176738","ord37s33-in-f10.1e100.net","10.8.0.1","TCP","54","443  >  49102 [ACK] Seq=4999 Ack=8952 Win=65535 Len=0"
"960","27.176745","10.8.0.1","ord37s33-in-f10.1e100.net","TCP","590","49102  >  443 [PSH, ACK] Seq=8952 Ack=4999 Win=65535 Len=536 [TCP segment of a reassembled PDU]"
"961","27.176755","ord37s33-in-f10.1e100.net","10.8.0.1","TCP","54","443  >  49102 [ACK] Seq=4999 Ack=9488 Win=65535 Len=0"
"962","27.176760","10.8.0.1","ord37s33-in-f10.1e100.net","TLSv1.2","590","Application Data [TCP segment of a reassembled PDU]"
"963","27.176771","ord37s33-in-f10.1e100.net","10.8.0.1","TCP","54","443  >  49102 [ACK] Seq=4999 Ack=10024 Win=65535 Len=0"
"964","27.176778","10.8.0.1","ord37s33-in-f10.1e100.net","TLSv1.2","205","Application Data"
"965","27.176799","ord37s33-in-f10.1e100.net","10.8.0.1","TCP","54","443  >  49102 [ACK] Seq=4999 Ack=10175 Win=65535 Len=0"
"966","27.176805","10.8.0.1","ord38s32-in-f10.1e100.net","TCP","590","43240  >  443 [ACK] Seq=5569 Ack=5000 Win=65535 Len=536 [TCP segment of a reassembled PDU]"
"967","27.176842","ord38s32-in-f10.1e100.net","10.8.0.1","TCP","54","443  >  43240 [ACK] Seq=5000 Ack=6105 Win=65535 Len=0"
"968","27.176884","10.8.0.1","ord38s32-in-f10.1e100.net","TCP","590","43240  >  443 [ACK] Seq=6105 Ack=5000 Win=65535 Len=536 [TCP segment of a reassembled PDU]"
"969","27.176899","ord38s32-in-f10.1e100.net","10.8.0.1","TCP","54","443  >  43240 [ACK] Seq=5000 Ack=6641 Win=65535 Len=0"
"970","27.176905","10.8.0.1","ord38s32-in-f10.1e100.net","TCP","590","43240  >  443 [ACK] Seq=6641 Ack=5000 Win=65535 Len=536 [TCP segment of a reassembled PDU]"
"971","27.176916","ord38s32-in-f10.1e100.net","10.8.0.1","TCP","54","443  >  43240 [ACK] Seq=5000 Ack=7177 Win=65535 Len=0"
"972","27.176921","10.8.0.1","ord38s32-in-f10.1e100.net","TCP","590","43240  >  443 [PSH, ACK] Seq=7177 Ack=5000 Win=65535 Len=536 [TCP segment of a reassembled PDU]"
"973","27.176932","ord38s32-in-f10.1e100.net","10.8.0.1","TCP","54","443  >  43240 [ACK] Seq=5000 Ack=7713 Win=65535 Len=0"
"974","27.176937","10.8.0.1","ord38s32-in-f10.1e100.net","TCP","590","43240  >  443 [ACK] Seq=7713 Ack=5000 Win=65535 Len=536 [TCP segment of a reassembled PDU]"
"975","27.176947","ord38s32-in-f10.1e100.net","10.8.0.1","TCP","54","443  >  43240 [ACK] Seq=5000 Ack=8249 Win=65535 Len=0"
"976","27.176954","10.8.0.1","ord38s32-in-f10.1e100.net","TCP","590","43240  >  443 [PSH, ACK] Seq=8249 Ack=5000 Win=65535 Len=536 [TCP segment of a reassembled PDU]"
"977","27.176971","ord38s32-in-f10.1e100.net","10.8.0.1","TCP","54","443  >  43240 [ACK] Seq=5000 Ack=8785 Win=65535 Len=0"
"978","27.176976","10.8.0.1","ord38s32-in-f10.1e100.net","TCP","590","43240  >  443 [ACK] Seq=8785 Ack=5000 Win=65535 Len=536 [TCP segment of a reassembled PDU]"
"979","27.176987","ord38s32-in-f10.1e100.net","10.8.0.1","TCP","54","443  >  43240 [ACK] Seq=5000 Ack=9321 Win=65535 Len=0"
"980","27.176993","10.8.0.1","ord38s32-in-f10.1e100.net","TLSv1.2","124","Application Data"
"981","27.177003","ord38s32-in-f10.1e100.net","10.8.0.1","TCP","54","443  >  43240 [ACK] Seq=5000 Ack=9391 Win=65535 Len=0"
"982","27.227285","ord37s34-in-f10.1e100.net","10.8.0.1","TLSv1.3","600","Application Data, Application Data, Application Data"
"983","27.227319","10.8.0.1","ord38s30-in-f10.1e100.net","TCP","590","40118  >  443 [ACK] Seq=643 Ack=5291 Win=65535 Len=536 [TCP segment of a reassembled PDU]"
"984","27.227356","ord38s30-in-f10.1e100.net","10.8.0.1","TCP","54","443  >  40118 [ACK] Seq=5291 Ack=1179 Win=65535 Len=0"
"985","27.227389","ord38s32-in-f10.1e100.net","10.8.0.1","TLSv1.2","564","Application Data, Application Data, Application Data"
"986","27.227399","10.8.0.1","ord38s30-in-f10.1e100.net","TLSv1.3","464","Application Data"
"987","27.227417","ord38s30-in-f10.1e100.net","10.8.0.1","TCP","54","443  >  40118 [ACK] Seq=5291 Ack=1589 Win=65535 Len=0"
"988","27.227464","ord38s30-in-f10.1e100.net","10.8.0.1","TLSv1.3","85","Application Data"
"989","27.227474","10.8.0.1","ord38s30-in-f10.1e100.net","TLSv1.3","465","Application Data"
"990","27.227500","ord38s30-in-f10.1e100.net","10.8.0.1","TCP","54","443  >  40118 [ACK] Seq=5291 Ack=2000 Win=65535 Len=0"
"991","27.227548","10.8.0.1","ord38s32-in-f10.1e100.net","TCP","97","[TCP Spurious Retransmission] 43238  >  443 [PSH, ACK] Seq=862 Ack=5001 Win=65535 Len=43[Reassembly error, protocol TCP: New fragment overlaps old data (retransmission?)]"
"992","27.227607","ord38s32-in-f10.1e100.net","10.8.0.1","TCP","54","443  >  43238 [ACK] Seq=5001 Ack=905 Win=65535 Len=0"
"993","27.227615","10.8.0.1","ord38s30-in-f10.1e100.net","TCP","54","40118  >  443 [ACK] Seq=2000 Ack=5322 Win=65535 Len=0"
"994","27.227641","10.8.0.1","ord38s30-in-f10.1e100.net","TCP","54","[TCP Dup ACK 993#1] 40118  >  443 [ACK] Seq=2000 Ack=5322 Win=65535 Len=0"
"995","27.227648","10.8.0.1","ord38s32-in-f10.1e100.net","TCP","590","43238  >  443 [ACK] Seq=6134 Ack=5001 Win=65535 Len=536 [TCP segment of a reassembled PDU]"
"996","27.227690","ord38s32-in-f10.1e100.net","10.8.0.1","TCP","54","443  >  43238 [ACK] Seq=5001 Ack=6670 Win=65535 Len=0"
"997","27.227697","10.8.0.1","ord38s32-in-f10.1e100.net","TCP","590","43238  >  443 [ACK] Seq=6670 Ack=5001 Win=65535 Len=536 [TCP segment of a reassembled PDU]"
"998","27.227711","ord38s32-in-f10.1e100.net","10.8.0.1","TCP","54","443  >  43238 [ACK] Seq=5001 Ack=7206 Win=65535 Len=0"
"999","27.227717","10.8.0.1","ord38s32-in-f10.1e100.net","TCP","590","43238  >  443 [ACK] Seq=7206 Ack=5001 Win=65535 Len=536 [TCP segment of a reassembled PDU]"
"1000","27.227729","ord38s32-in-f10.1e100.net","10.8.0.1","TCP","54","443  >  43238 [ACK] Seq=5001 Ack=7742 Win=65535 Len=0"
"1001","27.227734","10.8.0.1","ord38s32-in-f10.1e100.net","TCP","590","43238  >  443 [PSH, ACK] Seq=7742 Ack=5001 Win=65535 Len=536 [TCP segment of a reassembled PDU]"
"1002","27.227746","ord38s32-in-f10.1e100.net","10.8.0.1","TCP","54","443  >  43238 [ACK] Seq=5001 Ack=8278 Win=65535 Len=0"
"1003","27.227751","10.8.0.1","ord38s32-in-f10.1e100.net","TCP","590","43238  >  443 [ACK] Seq=8278 Ack=5001 Win=65535 Len=536 [TCP segment of a reassembled PDU]"
"1004","27.227763","ord38s32-in-f10.1e100.net","10.8.0.1","TCP","54","443  >  43238 [ACK] Seq=5001 Ack=8814 Win=65535 Len=0"
"1005","27.227770","10.8.0.1","ord38s32-in-f10.1e100.net","TCP","590","43238  >  443 [PSH, ACK] Seq=8814 Ack=5001 Win=65535 Len=536 [TCP segment of a reassembled PDU]"
"1006","27.227788","ord38s32-in-f10.1e100.net","10.8.0.1","TCP","54","443  >  43238 [ACK] Seq=5001 Ack=9350 Win=65535 Len=0"
"1007","27.227794","10.8.0.1","ord38s32-in-f10.1e100.net","TLSv1.2","171","Application Data"
"1008","27.227806","ord38s32-in-f10.1e100.net","10.8.0.1","TCP","54","443  >  43238 [ACK] Seq=5001 Ack=9467 Win=65535 Len=0"
"1009","27.277937","10.8.0.1","ord38s32-in-f10.1e100.net","TCP","54","43236  >  443 [ACK] Seq=10712 Ack=8871 Win=65535 Len=0"
"1010","27.277976","10.8.0.1","ord38s32-in-f10.1e100.net","TLSv1.2","100","Application Data"
"1011","27.278050","ord38s32-in-f10.1e100.net","10.8.0.1","TCP","54","443  >  43236 [ACK] Seq=8871 Ack=10758 Win=65535 Len=0"
"1012","27.278062","10.8.0.1","ord37s34-in-f10.1e100.net","TCP","54","59332  >  443 [ACK] Seq=16049 Ack=7583 Win=65535 Len=0"
"1013","27.328384","ord38s32-in-f10.1e100.net","10.8.0.1","TLSv1.2","85","Encrypted Alert"
"1014","27.328423","10.8.0.1","ord37s34-in-f10.1e100.net","TCP","590","59284  >  443 [ACK] Seq=1832 Ack=2200 Win=65535 Len=536 [TCP segment of a reassembled PDU]"
"1015","27.328460","ord37s34-in-f10.1e100.net","10.8.0.1","TCP","54","443  >  59284 [ACK] Seq=2200 Ack=2368 Win=65535 Len=0"
"1016","27.328470","10.8.0.1","ord37s34-in-f10.1e100.net","TLSv1.3","488","Application Data"
"1017","27.328486","ord37s34-in-f10.1e100.net","10.8.0.1","TCP","54","443  >  59284 [ACK] Seq=2200 Ack=2802 Win=65535 Len=0"
"1018","27.328494","10.8.0.1","ord38s32-in-f10.1e100.net","TLSv1.2","100","Application Data"
"1019","27.328513","ord38s32-in-f10.1e100.net","10.8.0.1","TCP","54","443  >  43236 [ACK] Seq=8871 Ack=10804 Win=65535 Len=0"
"1020","27.328583","10.8.0.1","ord38s32-in-f10.1e100.net","TLSv1.2","85","Encrypted Alert"
"1021","27.328600","ord38s32-in-f10.1e100.net","10.8.0.1","TCP","54","443  >  43236 [ACK] Seq=8871 Ack=10835 Win=65535 Len=0"
"1022","27.328614","10.8.0.1","ord38s32-in-f10.1e100.net","TCP","54","43236  >  443 [FIN, ACK] Seq=10835 Ack=8871 Win=65535 Len=0"
"1023","27.328647","ord38s32-in-f10.1e100.net","10.8.0.1","TCP","54","443  >  43236 [ACK] Seq=8871 Ack=10836 Win=65535 Len=0"
"1024","27.328687","ord38s32-in-f10.1e100.net","10.8.0.1","TCP","54","443  >  43236 [FIN, ACK] Seq=8871 Ack=10836 Win=65535 Len=0"
"1025","27.328801","10.8.0.1","ord38s32-in-f10.1e100.net","TCP","54","43240  >  443 [ACK] Seq=9391 Ack=5031 Win=65535 Len=0"
"1026","27.328830","ord38s32-in-f10.1e100.net","10.8.0.1","TCP","54","443  >  43240 [FIN, ACK] Seq=5031 Ack=9391 Win=65535 Len=0"
"1027","27.328862","10.8.0.1","ord38s32-in-f10.1e100.net","TCP","54","43236  >  443 [ACK] Seq=10836 Ack=8872 Win=65535 Len=0"
"1028","27.379102","10.8.0.1","ord38s32-in-f10.1e100.net","TLSv1.2","85","Encrypted Alert"
"1029","27.379162","10.8.0.1","ord38s32-in-f10.1e100.net","TCP","54","43240  >  443 [FIN, ACK] Seq=9422 Ack=5032 Win=65535 Len=0"
"1030","27.379332","ord38s32-in-f10.1e100.net","10.8.0.1","TCP","54","443  >  43240 [ACK] Seq=5032 Ack=9423 Win=65535 Len=0"
"1031","27.379452","ord38s32-in-f10.1e100.net","10.8.0.1","TCP","54","443  >  43240 [FIN, ACK] Seq=5032 Ack=9423 Win=65535 Len=0"
"1032","27.379479","10.8.0.1","ord38s32-in-f10.1e100.net","TCP","74","43272  >  443 [SYN] Seq=0 Win=65535 Len=0 MSS=1460 SACK_PERM=1 TSval=615970321 TSecr=0 WS=1024"
"1033","27.382324","ord38s32-in-f10.1e100.net","10.8.0.1","TCP","54","443  >  43272 [SYN, ACK] Seq=0 Ack=1 Win=65535 Len=0"
"1034","27.382367","10.8.0.1","ord38s32-in-f10.1e100.net","TCP","54","43240  >  443 [RST] Seq=9423 Win=0 Len=0"
"1035","27.382382","10.8.0.1","ord38s32-in-f10.1e100.net","TCP","54","43272  >  443 [ACK] Seq=1 Ack=1 Win=65535 Len=0"
"1036","27.432765","ord38s32-in-f10.1e100.net","10.8.0.1","TLSv1.2","85","Encrypted Alert"
"1037","27.432822","10.8.0.1","ord38s32-in-f10.1e100.net","TLSv1.2","571","Client Hello"
"1038","27.432922","ord38s32-in-f10.1e100.net","10.8.0.1","TCP","54","443  >  43272 [ACK] Seq=1 Ack=518 Win=65535 Len=0"
"1039","27.433025","ord37s34-in-f10.1e100.net","10.8.0.1","TLSv1.3","676","Application Data"
"1040","27.433053","10.8.0.1","ord38s32-in-f10.1e100.net","TCP","54","43238  >  443 [ACK] Seq=9467 Ack=5032 Win=65535 Len=0"
"1041","27.433113","ord38s32-in-f10.1e100.net","10.8.0.1","TCP","54","443  >  43238 [FIN, ACK] Seq=5032 Ack=9467 Win=65535 Len=0"
"1042","27.433259","10.8.0.1","ord37s34-in-f10.1e100.net","TCP","54","59284  >  443 [ACK] Seq=2802 Ack=2822 Win=65535 Len=0"
"1043","27.483492","10.8.0.1","ord38s32-in-f10.1e100.net","TCP","54","43238  >  443 [FIN, ACK] Seq=9467 Ack=5033 Win=65535 Len=0"
"1044","27.483590","ord38s32-in-f10.1e100.net","10.8.0.1","TCP","54","443  >  43238 [ACK] Seq=5033 Ack=9468 Win=65535 Len=0"
"1045","27.483628","ord38s32-in-f10.1e100.net","10.8.0.1","TCP","54","443  >  43238 [FIN, ACK] Seq=5033 Ack=9468 Win=65535 Len=0"
"1046","27.483679","ord37s33-in-f10.1e100.net","10.8.0.1","TLSv1.2","277","Application Data"
"1047","27.483720","ord37s34-in-f10.1e100.net","10.8.0.1","TLSv1.3","709","Application Data, Application Data, Application Data"
"1048","27.483731","10.8.0.1","ord38s32-in-f10.1e100.net","TCP","74","43276  >  443 [SYN] Seq=0 Win=65535 Len=0 MSS=1460 SACK_PERM=1 TSval=615970426 TSecr=0 WS=1024"
"1049","27.486431","ord38s32-in-f10.1e100.net","10.8.0.1","TCP","54","443  >  43276 [SYN, ACK] Seq=0 Ack=1 Win=65535 Len=0"
"1050","27.486462","10.8.0.1","ord38s30-in-f10.1e100.net","TLSv1.3","465","[TCP Spurious Retransmission] , Application Data"
"1051","27.486492","ord38s30-in-f10.1e100.net","10.8.0.1","TCP","54","[TCP Dup ACK 990#1] 443  >  40118 [ACK] Seq=5322 Ack=2000 Win=65535 Len=0"
"1052","27.486502","10.8.0.1","ord38s32-in-f10.1e100.net","TCP","54","43238  >  443 [RST] Seq=9468 Win=0 Len=0"
"1053","27.486539","10.8.0.1","ord37s33-in-f10.1e100.net","TCP","54","49102  >  443 [ACK] Seq=10175 Ack=5222 Win=65535 Len=0"
"1054","27.486582","ord37s33-in-f10.1e100.net","10.8.0.1","TLSv1.2","429","Application Data, Application Data"
"1055","27.486593","10.8.0.1","ord37s34-in-f10.1e100.net","TCP","54","59284  >  443 [ACK] Seq=2802 Ack=3477 Win=65535 Len=0"
"1056","27.486600","10.8.0.1","ord37s34-in-f10.1e100.net","TCP","74","59360  >  443 [SYN] Seq=0 Win=65535 Len=0 MSS=1460 SACK_PERM=1 TSval=2022295057 TSecr=0 WS=1024"
"1057","27.487779","ord37s34-in-f10.1e100.net","10.8.0.1","TCP","54","443  >  59360 [SYN, ACK] Seq=0 Ack=1 Win=65535 Len=0"
"1058","27.487799","10.8.0.1","ord37s34-in-f10.1e100.net","TCP","74","59362  >  443 [SYN] Seq=0 Win=65535 Len=0 MSS=1460 SACK_PERM=1 TSval=2022295057 TSecr=0 WS=1024"
"1059","27.488949","ord37s34-in-f10.1e100.net","10.8.0.1","TCP","54","443  >  59362 [SYN, ACK] Seq=0 Ack=1 Win=65535 Len=0"
"1060","27.488969","10.8.0.1","ord38s32-in-f10.1e100.net","TCP","54","43276  >  443 [ACK] Seq=1 Ack=1 Win=65535 Len=0"
"1061","27.489033","ord38s30-in-f10.1e100.net","10.8.0.1","TLSv1.3","1432","Application Data"
"1062","27.489044","10.8.0.1","ord37s33-in-f10.1e100.net","TCP","54","49102  >  443 [ACK] Seq=10175 Ack=5597 Win=65535 Len=0"
"1063","27.489051","10.8.0.1","ord37s34-in-f10.1e100.net","TCP","54","59360  >  443 [ACK] Seq=1 Ack=1 Win=65535 Len=0"
"1064","27.489056","10.8.0.1","ord37s34-in-f10.1e100.net","TCP","54","59362  >  443 [ACK] Seq=1 Ack=1 Win=65535 Len=0"
"1065","27.489062","10.8.0.1","ord38s30-in-f10.1e100.net","TCP","54","40118  >  443 [ACK] Seq=2000 Ack=6700 Win=65535 Len=0"
"1066","27.489067","10.8.0.1","ord37s34-in-f10.1e100.net","TCP","74","59370  >  443 [SYN] Seq=0 Win=65535 Len=0 MSS=1460 SACK_PERM=1 TSval=2022295061 TSecr=0 WS=1024"
"1067","27.490421","ord37s34-in-f10.1e100.net","10.8.0.1","TCP","54","443  >  59370 [SYN, ACK] Seq=0 Ack=1 Win=65535 Len=0"
"1068","27.490442","10.8.0.1","ord37s33-in-f10.1e100.net","TLSv1.2","100","Application Data"
"1069","27.490463","ord37s33-in-f10.1e100.net","10.8.0.1","TCP","54","443  >  49102 [ACK] Seq=5597 Ack=10221 Win=65535 Len=0"
"1070","27.490471","10.8.0.1","ord37s34-in-f10.1e100.net","TCP","54","59370  >  443 [ACK] Seq=1 Ack=1 Win=65535 Len=0"
"1071","27.540760","ord38s30-in-f10.1e100.net","10.8.0.1","TLSv1.3","11193","Application Data, Application Data, Application Data, Application Data, Application Data, Application Data, Application Data, Application Data"
"1072","27.540821","10.8.0.1","ord37s34-in-f10.1e100.net","TLSv1.2","243","Client Hello"
"1073","27.540854","ord37s34-in-f10.1e100.net","10.8.0.1","TCP","54","443  >  59360 [ACK] Seq=1 Ack=190 Win=65535 Len=0"
"1074","27.540864","10.8.0.1","ord37s34-in-f10.1e100.net","TLSv1.2","243","Client Hello"
"1075","27.540882","ord37s34-in-f10.1e100.net","10.8.0.1","TCP","54","443  >  59362 [ACK] Seq=1 Ack=190 Win=65535 Len=0"
"1076","27.540889","10.8.0.1","ord37s34-in-f10.1e100.net","TLSv1.2","243","Client Hello"
"1077","27.540904","ord37s34-in-f10.1e100.net","10.8.0.1","TCP","54","443  >  59370 [ACK] Seq=1 Ack=190 Win=65535 Len=0"
"1078","27.540910","10.8.0.1","ord38s32-in-f10.1e100.net","TLSv1.2","571","Client Hello"
"1079","27.540927","ord38s32-in-f10.1e100.net","10.8.0.1","TCP","54","443  >  43276 [ACK] Seq=1 Ack=518 Win=65535 Len=0"
"1080","27.540934","10.8.0.1","ord37s33-in-f10.1e100.net","TLSv1.2","100","Application Data"
"1081","27.540953","ord37s33-in-f10.1e100.net","10.8.0.1","TCP","54","443  >  49102 [ACK] Seq=5597 Ack=10267 Win=65535 Len=0"
"1082","27.540959","10.8.0.1","ord37s33-in-f10.1e100.net","TLSv1.2","85","Encrypted Alert"
"1083","27.540971","ord37s33-in-f10.1e100.net","10.8.0.1","TCP","54","443  >  49102 [ACK] Seq=5597 Ack=10298 Win=65535 Len=0"
"1084","27.540996","10.8.0.1","ord37s33-in-f10.1e100.net","TCP","54","49102  >  443 [FIN, ACK] Seq=10298 Ack=5597 Win=65535 Len=0"
"1085","27.541024","ord37s33-in-f10.1e100.net","10.8.0.1","TCP","54","443  >  49102 [ACK] Seq=5597 Ack=10299 Win=65535 Len=0"
"1086","27.541061","ord37s33-in-f10.1e100.net","10.8.0.1","TCP","54","443  >  49102 [FIN, ACK] Seq=5597 Ack=10299 Win=65535 Len=0"
"1087","27.541170","10.8.0.1","ord38s30-in-f10.1e100.net","TCP","54","40118  >  443 [ACK] Seq=2000 Ack=17839 Win=65535 Len=0"
"1088","27.541179","10.8.0.1","ord37s33-in-f10.1e100.net","TCP","54","49102  >  443 [ACK] Seq=10299 Ack=5598 Win=65535 Len=0"
"1089","27.591459","ord38s30-in-f10.1e100.net","10.8.0.1","TLSv1.3","22102","Application Data, Application Data, Application Data, Application Data, Application Data, Application Data, Application Data, Application Data, Application Data, Application Data, Application Data, Application Data, Application Data, Application Data, Application Data, Application Data"
"1090","27.591626","10.8.0.1","ord37s34-in-f10.1e100.net","TCP","74","59374  >  443 [SYN] Seq=0 Win=65535 Len=0 MSS=1460 SACK_PERM=1 TSval=2022295126 TSecr=0 WS=1024"
"1091","27.593109","ord37s34-in-f10.1e100.net","10.8.0.1","TCP","54","443  >  59374 [SYN, ACK] Seq=0 Ack=1 Win=65535 Len=0"
"1092","27.593167","ord38s32-in-f10.1e100.net","10.8.0.1","TLSv1.2","210","Server Hello, Change Cipher Spec, Encrypted Handshake Message"
"1093","27.593181","10.8.0.1","ord38s30-in-f10.1e100.net","TCP","54","40118  >  443 [ACK] Seq=2000 Ack=39887 Win=65535 Len=0"
"1094","27.593188","10.8.0.1","ord37s34-in-f10.1e100.net","TCP","54","59374  >  443 [ACK] Seq=1 Ack=1 Win=65535 Len=0"
"1095","27.593193","10.8.0.1","ord38s32-in-f10.1e100.net","TCP","54","43272  >  443 [ACK] Seq=518 Ack=157 Win=65535 Len=0"
"1096","27.643466","10.8.0.1","ord37s34-in-f10.1e100.net","TLSv1.3","571","Client Hello"
"1097","27.643574","ord37s34-in-f10.1e100.net","10.8.0.1","TCP","54","443  >  59374 [ACK] Seq=1 Ack=518 Win=65535 Len=0"
"1098","27.643737","ord38s30-in-f10.1e100.net","10.8.0.1","TLSv1.3","32427","Application Data, Application Data, Application Data, Application Data, Application Data, Application Data, Application Data, Application Data, Application Data, Application Data, Application Data, Application Data, Application Data, Application Data, Application Data, Application Data, Application Data, Application Data, Application Data, Application Data, Application Data, Application Data, Application Data, Application Data, Application Data, Application Data, Application Data"
"1099","27.643800","10.8.0.1","ord38s32-in-f10.1e100.net","TLSv1.2","105","Change Cipher Spec, Encrypted Handshake Message"
"1100","27.643830","ord38s32-in-f10.1e100.net","10.8.0.1","TCP","54","443  >  43272 [ACK] Seq=157 Ack=569 Win=65535 Len=0"
"1101","27.643838","10.8.0.1","ord38s32-in-f10.1e100.net","TLSv1.2","122","Application Data"
"1102","27.643851","ord38s32-in-f10.1e100.net","10.8.0.1","TCP","54","443  >  43272 [ACK] Seq=157 Ack=637 Win=65535 Len=0"
"1103","27.643925","10.8.0.1","ord37s34-in-f10.1e100.net","TCP","590","59336  >  443 [ACK] Seq=1424 Ack=70481 Win=65535 Len=536 [TCP segment of a reassembled PDU]"
"1104","27.643959","ord37s34-in-f10.1e100.net","10.8.0.1","TCP","54","443  >  59336 [ACK] Seq=70481 Ack=1960 Win=65535 Len=0"
"1105","27.643968","10.8.0.1","ord37s34-in-f10.1e100.net","TCP","590","59336  >  443 [PSH, ACK] Seq=1960 Ack=70481 Win=65535 Len=536 [TCP segment of a reassembled PDU]"
"1106","27.643990","ord37s34-in-f10.1e100.net","10.8.0.1","TCP","54","443  >  59336 [ACK] Seq=70481 Ack=2496 Win=65535 Len=0"
"1107","27.643998","10.8.0.1","ord37s34-in-f10.1e100.net","TCP","590","59336  >  443 [ACK] Seq=2496 Ack=70481 Win=65535 Len=536 [TCP segment of a reassembled PDU]"
"1108","27.644025","ord37s34-in-f10.1e100.net","10.8.0.1","TCP","54","443  >  59336 [ACK] Seq=70481 Ack=3032 Win=65535 Len=0"
"1109","27.644036","10.8.0.1","ord37s34-in-f10.1e100.net","TCP","590","59336  >  443 [PSH, ACK] Seq=3032 Ack=70481 Win=65535 Len=536 [TCP segment of a reassembled PDU]"
"1110","27.644056","ord37s34-in-f10.1e100.net","10.8.0.1","TCP","54","443  >  59336 [ACK] Seq=70481 Ack=3568 Win=65535 Len=0"
"1111","27.644063","10.8.0.1","ord37s34-in-f10.1e100.net","TCP","590","59336  >  443 [ACK] Seq=3568 Ack=70481 Win=65535 Len=536 [TCP segment of a reassembled PDU]"
"1112","27.644082","ord37s34-in-f10.1e100.net","10.8.0.1","TCP","54","443  >  59336 [ACK] Seq=70481 Ack=4104 Win=65535 Len=0"
"1113","27.644090","10.8.0.1","ord37s34-in-f10.1e100.net","TCP","590","59336  >  443 [PSH, ACK] Seq=4104 Ack=70481 Win=65535 Len=536 [TCP segment of a reassembled PDU]"
"1114","27.644110","ord37s34-in-f10.1e100.net","10.8.0.1","TCP","54","443  >  59336 [ACK] Seq=70481 Ack=4640 Win=65535 Len=0"
"1115","27.644116","10.8.0.1","ord37s34-in-f10.1e100.net","TCP","590","59336  >  443 [ACK] Seq=4640 Ack=70481 Win=65535 Len=536 [TCP segment of a reassembled PDU]"
"1116","27.644135","ord37s34-in-f10.1e100.net","10.8.0.1","TCP","54","443  >  59336 [ACK] Seq=70481 Ack=5176 Win=65535 Len=0"
"1117","27.644144","10.8.0.1","ord37s34-in-f10.1e100.net","TCP","590","59336  >  443 [PSH, ACK] Seq=5176 Ack=70481 Win=65535 Len=536 [TCP segment of a reassembled PDU]"
"1118","27.644163","ord37s34-in-f10.1e100.net","10.8.0.1","TCP","54","443  >  59336 [ACK] Seq=70481 Ack=5712 Win=65535 Len=0"
"1119","27.644170","10.8.0.1","ord37s34-in-f10.1e100.net","TCP","590","59336  >  443 [ACK] Seq=5712 Ack=70481 Win=65535 Len=536 [TCP segment of a reassembled PDU]"
"1120","27.644197","ord37s34-in-f10.1e100.net","10.8.0.1","TCP","54","443  >  59336 [ACK] Seq=70481 Ack=6248 Win=65535 Len=0"
"1121","27.644206","10.8.0.1","ord37s34-in-f10.1e100.net","TCP","590","59336  >  443 [PSH, ACK] Seq=6248 Ack=70481 Win=65535 Len=536 [TCP segment of a reassembled PDU]"
"1122","27.644225","ord37s34-in-f10.1e100.net","10.8.0.1","TCP","54","443  >  59336 [ACK] Seq=70481 Ack=6784 Win=65535 Len=0"
"1123","27.644232","10.8.0.1","ord38s30-in-f10.1e100.net","TCP","54","40118  >  443 [ACK] Seq=2000 Ack=72260 Win=65535 Len=0"
"1124","27.644252","ord38s30-in-f10.1e100.net","10.8.0.1","TCP","54","443  >  40118 [FIN, ACK] Seq=72260 Ack=2000 Win=65535 Len=0"
"1125","27.644347","10.8.0.1","ord37s34-in-f10.1e100.net","TCP","590","59336  >  443 [ACK] Seq=6784 Ack=70481 Win=65535 Len=536 [TCP segment of a reassembled PDU]"
"1126","27.644373","ord37s34-in-f10.1e100.net","10.8.0.1","TCP","54","443  >  59336 [ACK] Seq=70481 Ack=7320 Win=65535 Len=0"
"1127","27.644380","10.8.0.1","ord37s34-in-f10.1e100.net","TCP","590","59336  >  443 [PSH, ACK] Seq=7320 Ack=70481 Win=65535 Len=536 [TCP segment of a reassembled PDU]"
"1128","27.644401","ord37s34-in-f10.1e100.net","10.8.0.1","TCP","54","443  >  59336 [ACK] Seq=70481 Ack=7856 Win=65535 Len=0"
"1129","27.644407","10.8.0.1","ord37s34-in-f10.1e100.net","TCP","590","59336  >  443 [ACK] Seq=7856 Ack=70481 Win=65535 Len=536 [TCP segment of a reassembled PDU]"
"1130","27.644425","ord37s34-in-f10.1e100.net","10.8.0.1","TCP","54","443  >  59336 [ACK] Seq=70481 Ack=8392 Win=65535 Len=0"
"1131","27.644433","10.8.0.1","ord37s34-in-f10.1e100.net","TCP","590","59336  >  443 [PSH, ACK] Seq=8392 Ack=70481 Win=65535 Len=536 [TCP segment of a reassembled PDU]"
"1132","27.644452","ord37s34-in-f10.1e100.net","10.8.0.1","TCP","54","443  >  59336 [ACK] Seq=70481 Ack=8928 Win=65535 Len=0"
"1133","27.644458","10.8.0.1","ord37s34-in-f10.1e100.net","TCP","590","59336  >  443 [ACK] Seq=8928 Ack=70481 Win=65535 Len=536 [TCP segment of a reassembled PDU]"
"1134","27.644483","ord37s34-in-f10.1e100.net","10.8.0.1","TCP","54","443  >  59336 [ACK] Seq=70481 Ack=9464 Win=65535 Len=0"
"1135","27.644491","10.8.0.1","ord37s34-in-f10.1e100.net","TCP","590","59336  >  443 [PSH, ACK] Seq=9464 Ack=70481 Win=65535 Len=536 [TCP segment of a reassembled PDU]"
"1136","27.644509","ord37s34-in-f10.1e100.net","10.8.0.1","TCP","54","443  >  59336 [ACK] Seq=70481 Ack=10000 Win=65535 Len=0"
"1137","27.644516","10.8.0.1","ord37s34-in-f10.1e100.net","TCP","590","59336  >  443 [ACK] Seq=10000 Ack=70481 Win=65535 Len=536 [TCP segment of a reassembled PDU]"
"1138","27.644534","ord37s34-in-f10.1e100.net","10.8.0.1","TCP","54","443  >  59336 [ACK] Seq=70481 Ack=10536 Win=65535 Len=0"
"1139","27.644541","10.8.0.1","ord37s34-in-f10.1e100.net","TCP","590","59336  >  443 [PSH, ACK] Seq=10536 Ack=70481 Win=65535 Len=536 [TCP segment of a reassembled PDU]"
"1140","27.644559","ord37s34-in-f10.1e100.net","10.8.0.1","TCP","54","443  >  59336 [ACK] Seq=70481 Ack=11072 Win=65535 Len=0"
"1141","27.644565","10.8.0.1","ord37s34-in-f10.1e100.net","TCP","590","59336  >  443 [ACK] Seq=11072 Ack=70481 Win=65535 Len=536 [TCP segment of a reassembled PDU]"
"1142","27.644584","ord37s34-in-f10.1e100.net","10.8.0.1","TCP","54","443  >  59336 [ACK] Seq=70481 Ack=11608 Win=65535 Len=0"
"1143","27.644591","10.8.0.1","ord37s34-in-f10.1e100.net","TCP","590","59336  >  443 [PSH, ACK] Seq=11608 Ack=70481 Win=65535 Len=536 [TCP segment of a reassembled PDU]"
"1144","27.644610","ord37s34-in-f10.1e100.net","10.8.0.1","TCP","54","443  >  59336 [ACK] Seq=70481 Ack=12144 Win=65535 Len=0"
"1145","27.644616","10.8.0.1","ord37s34-in-f10.1e100.net","TCP","590","59336  >  443 [ACK] Seq=12144 Ack=70481 Win=65535 Len=536 [TCP segment of a reassembled PDU]"
"1146","27.644641","ord37s34-in-f10.1e100.net","10.8.0.1","TCP","54","443  >  59336 [ACK] Seq=70481 Ack=12680 Win=65535 Len=0"
"1147","27.644649","10.8.0.1","ord37s34-in-f10.1e100.net","TCP","590","59336  >  443 [PSH, ACK] Seq=12680 Ack=70481 Win=65535 Len=536 [TCP segment of a reassembled PDU]"
"1148","27.644668","ord37s34-in-f10.1e100.net","10.8.0.1","TCP","54","443  >  59336 [ACK] Seq=70481 Ack=13216 Win=65535 Len=0"
"1149","27.644674","10.8.0.1","ord37s34-in-f10.1e100.net","TCP","590","59336  >  443 [ACK] Seq=13216 Ack=70481 Win=65535 Len=536 [TCP segment of a reassembled PDU]"
"1150","27.644693","ord37s34-in-f10.1e100.net","10.8.0.1","TCP","54","443  >  59336 [ACK] Seq=70481 Ack=13752 Win=65535 Len=0"
"1151","27.644701","10.8.0.1","ord37s34-in-f10.1e100.net","TCP","590","59336  >  443 [PSH, ACK] Seq=13752 Ack=70481 Win=65535 Len=536 [TCP segment of a reassembled PDU]"
"1152","27.644719","ord37s34-in-f10.1e100.net","10.8.0.1","TCP","54","443  >  59336 [ACK] Seq=70481 Ack=14288 Win=65535 Len=0"
"1153","27.644725","10.8.0.1","ord37s34-in-f10.1e100.net","TCP","590","59336  >  443 [ACK] Seq=14288 Ack=70481 Win=65535 Len=536 [TCP segment of a reassembled PDU]"
"1154","27.644743","ord37s34-in-f10.1e100.net","10.8.0.1","TCP","54","443  >  59336 [ACK] Seq=70481 Ack=14824 Win=65535 Len=0"
"1155","27.644751","10.8.0.1","ord37s34-in-f10.1e100.net","TCP","590","59336  >  443 [PSH, ACK] Seq=14824 Ack=70481 Win=65535 Len=536 [TCP segment of a reassembled PDU]"
"1156","27.644771","ord37s34-in-f10.1e100.net","10.8.0.1","TCP","54","443  >  59336 [ACK] Seq=70481 Ack=15360 Win=65535 Len=0"
"1157","27.644778","10.8.0.1","ord37s34-in-f10.1e100.net","TCP","590","59336  >  443 [ACK] Seq=15360 Ack=70481 Win=65535 Len=536 [TCP segment of a reassembled PDU]"
"1158","27.644805","ord37s34-in-f10.1e100.net","10.8.0.1","TCP","54","443  >  59336 [ACK] Seq=70481 Ack=15896 Win=65535 Len=0"
"1159","27.644814","10.8.0.1","ord37s34-in-f10.1e100.net","TCP","590","59336  >  443 [PSH, ACK] Seq=15896 Ack=70481 Win=65535 Len=536 [TCP segment of a reassembled PDU]"
"1160","27.644827","ord37s34-in-f10.1e100.net","10.8.0.1","TCP","54","443  >  59336 [ACK] Seq=70481 Ack=16432 Win=65535 Len=0"
"1161","27.644833","10.8.0.1","ord37s34-in-f10.1e100.net","TCP","590","59336  >  443 [ACK] Seq=16432 Ack=70481 Win=65535 Len=536 [TCP segment of a reassembled PDU]"
"1162","27.644843","ord37s34-in-f10.1e100.net","10.8.0.1","TCP","54","443  >  59336 [ACK] Seq=70481 Ack=16968 Win=65535 Len=0"
"1163","27.644850","10.8.0.1","ord37s34-in-f10.1e100.net","TCP","590","59336  >  443 [PSH, ACK] Seq=16968 Ack=70481 Win=65535 Len=536 [TCP segment of a reassembled PDU]"
"1164","27.644862","ord37s34-in-f10.1e100.net","10.8.0.1","TCP","54","443  >  59336 [ACK] Seq=70481 Ack=17504 Win=65535 Len=0"
"1165","27.644868","10.8.0.1","ord37s34-in-f10.1e100.net","TLSv1.2","590","Application Data [TCP segment of a reassembled PDU]"
"1166","27.644877","ord37s34-in-f10.1e100.net","10.8.0.1","TCP","54","443  >  59336 [ACK] Seq=70481 Ack=18040 Win=65535 Len=0"
"1167","27.644884","10.8.0.1","ord37s34-in-f10.1e100.net","TCP","590","59336  >  443 [PSH, ACK] Seq=18040 Ack=70481 Win=65535 Len=536 [TCP segment of a reassembled PDU]"
"1168","27.644904","ord37s34-in-f10.1e100.net","10.8.0.1","TCP","54","443  >  59336 [ACK] Seq=70481 Ack=18576 Win=65535 Len=0"
"1169","27.644910","10.8.0.1","ord37s34-in-f10.1e100.net","TCP","590","59336  >  443 [ACK] Seq=18576 Ack=70481 Win=65535 Len=536 [TCP segment of a reassembled PDU]"
"1170","27.644935","ord37s34-in-f10.1e100.net","10.8.0.1","TCP","54","443  >  59336 [ACK] Seq=70481 Ack=19112 Win=65535 Len=0"
"1171","27.644943","10.8.0.1","ord37s34-in-f10.1e100.net","TCP","590","59336  >  443 [PSH, ACK] Seq=19112 Ack=70481 Win=65535 Len=536 [TCP segment of a reassembled PDU]"
"1172","27.644955","ord37s34-in-f10.1e100.net","10.8.0.1","TCP","54","443  >  59336 [ACK] Seq=70481 Ack=19648 Win=65535 Len=0"
"1173","27.644961","10.8.0.1","ord37s34-in-f10.1e100.net","TCP","590","59336  >  443 [ACK] Seq=19648 Ack=70481 Win=65535 Len=536 [TCP segment of a reassembled PDU]"
"1174","27.644971","ord37s34-in-f10.1e100.net","10.8.0.1","TCP","54","443  >  59336 [ACK] Seq=70481 Ack=20184 Win=65535 Len=0"
"1175","27.644977","10.8.0.1","ord37s34-in-f10.1e100.net","TCP","590","59336  >  443 [PSH, ACK] Seq=20184 Ack=70481 Win=65535 Len=536 [TCP segment of a reassembled PDU]"
"1176","27.644987","ord37s34-in-f10.1e100.net","10.8.0.1","TCP","54","443  >  59336 [ACK] Seq=70481 Ack=20720 Win=65535 Len=0"
"1177","27.644993","10.8.0.1","ord37s34-in-f10.1e100.net","TCP","590","59336  >  443 [ACK] Seq=20720 Ack=70481 Win=65535 Len=536 [TCP segment of a reassembled PDU]"
"1178","27.645002","ord37s34-in-f10.1e100.net","10.8.0.1","TCP","54","443  >  59336 [ACK] Seq=70481 Ack=21256 Win=65535 Len=0"
"1179","27.645009","10.8.0.1","ord37s34-in-f10.1e100.net","TCP","590","59336  >  443 [PSH, ACK] Seq=21256 Ack=70481 Win=65535 Len=536 [TCP segment of a reassembled PDU]"
"1180","27.645019","ord37s34-in-f10.1e100.net","10.8.0.1","TCP","54","443  >  59336 [ACK] Seq=70481 Ack=21792 Win=65535 Len=0"
"1181","27.645024","10.8.0.1","ord37s34-in-f10.1e100.net","TCP","590","59336  >  443 [ACK] Seq=21792 Ack=70481 Win=65535 Len=536 [TCP segment of a reassembled PDU]"
"1182","27.645047","ord37s34-in-f10.1e100.net","10.8.0.1","TCP","54","443  >  59336 [ACK] Seq=70481 Ack=22328 Win=65535 Len=0"
"1183","27.645054","10.8.0.1","ord37s34-in-f10.1e100.net","TCP","590","59336  >  443 [PSH, ACK] Seq=22328 Ack=70481 Win=65535 Len=536 [TCP segment of a reassembled PDU]"
"1184","27.645064","ord37s34-in-f10.1e100.net","10.8.0.1","TCP","54","443  >  59336 [ACK] Seq=70481 Ack=22864 Win=65535 Len=0"
"1185","27.645069","10.8.0.1","ord37s34-in-f10.1e100.net","TCP","590","59336  >  443 [ACK] Seq=22864 Ack=70481 Win=65535 Len=536 [TCP segment of a reassembled PDU]"
"1186","27.645091","ord37s34-in-f10.1e100.net","10.8.0.1","TCP","54","443  >  59336 [ACK] Seq=70481 Ack=23400 Win=65535 Len=0"
"1187","27.645098","10.8.0.1","ord37s34-in-f10.1e100.net","TCP","590","59336  >  443 [PSH, ACK] Seq=23400 Ack=70481 Win=65535 Len=536 [TCP segment of a reassembled PDU]"
"1188","27.645108","ord37s34-in-f10.1e100.net","10.8.0.1","TCP","54","443  >  59336 [ACK] Seq=70481 Ack=23936 Win=65535 Len=0"
"1189","27.645114","10.8.0.1","ord37s34-in-f10.1e100.net","TCP","590","59336  >  443 [ACK] Seq=23936 Ack=70481 Win=65535 Len=536 [TCP segment of a reassembled PDU]"
"1190","27.645133","ord37s34-in-f10.1e100.net","10.8.0.1","TCP","54","443  >  59336 [ACK] Seq=70481 Ack=24472 Win=65535 Len=0"
"1191","27.645140","10.8.0.1","ord37s34-in-f10.1e100.net","TCP","590","59336  >  443 [PSH, ACK] Seq=24472 Ack=70481 Win=65535 Len=536 [TCP segment of a reassembled PDU]"
"1192","27.645150","ord37s34-in-f10.1e100.net","10.8.0.1","TCP","54","443  >  59336 [ACK] Seq=70481 Ack=25008 Win=65535 Len=0"
"1193","27.645156","10.8.0.1","ord37s34-in-f10.1e100.net","TCP","590","59336  >  443 [ACK] Seq=25008 Ack=70481 Win=65535 Len=536 [TCP segment of a reassembled PDU]"
"1194","27.645178","ord37s34-in-f10.1e100.net","10.8.0.1","TCP","54","443  >  59336 [ACK] Seq=70481 Ack=25544 Win=65535 Len=0"
"1195","27.645185","10.8.0.1","ord37s34-in-f10.1e100.net","TCP","590","59336  >  443 [PSH, ACK] Seq=25544 Ack=70481 Win=65535 Len=536 [TCP segment of a reassembled PDU]"
"1196","27.645196","ord37s34-in-f10.1e100.net","10.8.0.1","TCP","54","443  >  59336 [ACK] Seq=70481 Ack=26080 Win=65535 Len=0"
"1197","27.645202","10.8.0.1","ord37s34-in-f10.1e100.net","TCP","590","59336  >  443 [ACK] Seq=26080 Ack=70481 Win=65535 Len=536 [TCP segment of a reassembled PDU]"
"1198","27.645212","ord37s34-in-f10.1e100.net","10.8.0.1","TCP","54","443  >  59336 [ACK] Seq=70481 Ack=26616 Win=65535 Len=0"
"1199","27.645218","10.8.0.1","ord37s34-in-f10.1e100.net","TCP","590","59336  >  443 [PSH, ACK] Seq=26616 Ack=70481 Win=65535 Len=536 [TCP segment of a reassembled PDU]"
"1200","27.645228","ord37s34-in-f10.1e100.net","10.8.0.1","TCP","54","443  >  59336 [ACK] Seq=70481 Ack=27152 Win=65535 Len=0"
"1201","27.645233","10.8.0.1","ord37s34-in-f10.1e100.net","TCP","590","59336  >  443 [ACK] Seq=27152 Ack=70481 Win=65535 Len=536 [TCP segment of a reassembled PDU]"
"1202","27.645242","ord37s34-in-f10.1e100.net","10.8.0.1","TCP","54","443  >  59336 [ACK] Seq=70481 Ack=27688 Win=65535 Len=0"
"1203","27.645249","10.8.0.1","ord37s34-in-f10.1e100.net","TCP","590","59336  >  443 [PSH, ACK] Seq=27688 Ack=70481 Win=65535 Len=536 [TCP segment of a reassembled PDU]"
"1204","27.645258","ord37s34-in-f10.1e100.net","10.8.0.1","TCP","54","443  >  59336 [ACK] Seq=70481 Ack=28224 Win=65535 Len=0"
"1205","27.645265","10.8.0.1","ord37s34-in-f10.1e100.net","TCP","590","59336  >  443 [ACK] Seq=28224 Ack=70481 Win=65535 Len=536 [TCP segment of a reassembled PDU]"
"1206","27.646497","ord37s34-in-f10.1e100.net","10.8.0.1","TCP","54","443  >  59336 [ACK] Seq=70481 Ack=28760 Win=65535 Len=0"
"1207","27.646538","10.8.0.1","ord37s34-in-f10.1e100.net","TCP","590","59336  >  443 [PSH, ACK] Seq=28760 Ack=70481 Win=65535 Len=536 [TCP segment of a reassembled PDU]"
"1208","27.646586","ord37s34-in-f10.1e100.net","10.8.0.1","TCP","54","443  >  59336 [ACK] Seq=70481 Ack=29296 Win=65535 Len=0"
"1209","27.646594","10.8.0.1","ord37s34-in-f10.1e100.net","TCP","590","59336  >  443 [ACK] Seq=29296 Ack=70481 Win=65535 Len=536 [TCP segment of a reassembled PDU]"
"1210","27.646607","ord37s34-in-f10.1e100.net","10.8.0.1","TCP","54","443  >  59336 [ACK] Seq=70481 Ack=29832 Win=65535 Len=0"
"1211","27.646615","10.8.0.1","ord37s34-in-f10.1e100.net","TCP","590","59336  >  443 [PSH, ACK] Seq=29832 Ack=70481 Win=65535 Len=536 [TCP segment of a reassembled PDU]"
"1212","27.646647","ord37s34-in-f10.1e100.net","10.8.0.1","TCP","54","443  >  59336 [ACK] Seq=70481 Ack=30368 Win=65535 Len=0"
"1213","27.646654","10.8.0.1","ord37s34-in-f10.1e100.net","TCP","590","59336  >  443 [ACK] Seq=30368 Ack=70481 Win=65535 Len=536 [TCP segment of a reassembled PDU]"
"1214","27.646665","ord37s34-in-f10.1e100.net","10.8.0.1","TCP","54","443  >  59336 [ACK] Seq=70481 Ack=30904 Win=65535 Len=0"
"1215","27.646672","10.8.0.1","ord37s34-in-f10.1e100.net","TCP","590","59336  >  443 [PSH, ACK] Seq=30904 Ack=70481 Win=65535 Len=536 [TCP segment of a reassembled PDU]"
"1216","27.646682","ord37s34-in-f10.1e100.net","10.8.0.1","TCP","54","443  >  59336 [ACK] Seq=70481 Ack=31440 Win=65535 Len=0"
"1217","27.646688","10.8.0.1","ord37s34-in-f10.1e100.net","TCP","590","59336  >  443 [ACK] Seq=31440 Ack=70481 Win=65535 Len=536 [TCP segment of a reassembled PDU]"
"1218","27.646698","ord37s34-in-f10.1e100.net","10.8.0.1","TCP","54","443  >  59336 [ACK] Seq=70481 Ack=31976 Win=65535 Len=0"
"1219","27.646713","10.8.0.1","ord37s34-in-f10.1e100.net","TCP","590","59336  >  443 [PSH, ACK] Seq=31976 Ack=70481 Win=65535 Len=536 [TCP segment of a reassembled PDU]"
"1220","27.646725","ord37s34-in-f10.1e100.net","10.8.0.1","TCP","54","443  >  59336 [ACK] Seq=70481 Ack=32512 Win=65535 Len=0"
"1221","27.646730","10.8.0.1","ord37s34-in-f10.1e100.net","TCP","590","59336  >  443 [ACK] Seq=32512 Ack=70481 Win=65535 Len=536 [TCP segment of a reassembled PDU]"
"1222","27.646742","ord37s34-in-f10.1e100.net","10.8.0.1","TCP","54","443  >  59336 [ACK] Seq=70481 Ack=33048 Win=65535 Len=0"
"1223","27.646749","10.8.0.1","ord37s34-in-f10.1e100.net","TCP","590","59336  >  443 [PSH, ACK] Seq=33048 Ack=70481 Win=65535 Len=536 [TCP segment of a reassembled PDU]"
"1224","27.646759","ord37s34-in-f10.1e100.net","10.8.0.1","TCP","54","443  >  59336 [ACK] Seq=70481 Ack=33584 Win=65535 Len=0"
"1225","27.646766","10.8.0.1","ord37s34-in-f10.1e100.net","TCP","590","59336  >  443 [ACK] Seq=33584 Ack=70481 Win=65535 Len=536 [TCP segment of a reassembled PDU]"
"1226","27.646776","ord37s34-in-f10.1e100.net","10.8.0.1","TCP","54","443  >  59336 [ACK] Seq=70481 Ack=34120 Win=65535 Len=0"
"1227","27.646783","10.8.0.1","ord37s34-in-f10.1e100.net","TLSv1.2","590","Application Data [TCP segment of a reassembled PDU]"
"1228","27.646794","ord37s34-in-f10.1e100.net","10.8.0.1","TCP","54","443  >  59336 [ACK] Seq=70481 Ack=34656 Win=65535 Len=0"
"1229","27.646800","10.8.0.1","ord37s34-in-f10.1e100.net","TCP","590","59336  >  443 [ACK] Seq=34656 Ack=70481 Win=65535 Len=536 [TCP segment of a reassembled PDU]"
"1230","27.646810","ord37s34-in-f10.1e100.net","10.8.0.1","TCP","54","443  >  59336 [ACK] Seq=70481 Ack=35192 Win=65535 Len=0"
"1231","27.646822","10.8.0.1","ord37s34-in-f10.1e100.net","TLSv1.2","395","Application Data"
"1232","27.646885","ord37s34-in-f10.1e100.net","10.8.0.1","TCP","54","443  >  59336 [ACK] Seq=70481 Ack=35533 Win=65535 Len=0"
"1233","27.646962","10.8.0.1","ord38s30-in-f10.1e100.net","TLSv1.3","119","Application Data"
"1234","27.697116","10.8.0.1","ord38s30-in-f10.1e100.net","TLSv1.3","78","Application Data"
"1235","27.697387","ord37s34-in-f10.1e100.net","10.8.0.1","TLSv1.2","4654","Server Hello, Certificate, Server Key Exchange, Server Hello Done"
"1236","27.697458","ord37s34-in-f10.1e100.net","10.8.0.1","TLSv1.2","4654","Server Hello, Certificate, Server Key Exchange, Server Hello Done"
"1237","27.697511","ord37s34-in-f10.1e100.net","10.8.0.1","TLSv1.2","4654","Server Hello, Certificate, Server Key Exchange, Server Hello Done"
"1238","27.697554","ord38s32-in-f10.1e100.net","10.8.0.1","TLSv1.2","210","Server Hello, Change Cipher Spec, Encrypted Handshake Message"
"1239","27.697566","10.8.0.1","ord38s30-in-f10.1e100.net","TCP","54","40118  >  443 [FIN, ACK] Seq=2089 Ack=72261 Win=65535 Len=0"
"1240","27.697616","ord38s30-in-f10.1e100.net","10.8.0.1","TCP","54","443  >  40118 [ACK] Seq=72261 Ack=2090 Win=65535 Len=0"
"1241","27.697655","ord38s30-in-f10.1e100.net","10.8.0.1","TCP","54","443  >  40118 [FIN, ACK] Seq=72261 Ack=2090 Win=65535 Len=0"
"1242","27.697663","10.8.0.1","ord37s33-in-f10.1e100.net","TCP","74","49134  >  443 [SYN] Seq=0 Win=65535 Len=0 MSS=1460 SACK_PERM=1 TSval=3778527791 TSecr=0 WS=1024"
"1243","27.699171","ord37s33-in-f10.1e100.net","10.8.0.1","TCP","54","443  >  49134 [SYN, ACK] Seq=0 Ack=1 Win=65535 Len=0"
"1244","27.699194","10.8.0.1","ord37s34-in-f10.1e100.net","TCP","54","59370  >  443 [ACK] Seq=190 Ack=4601 Win=65535 Len=0"
"1245","27.699203","10.8.0.1","ord37s34-in-f10.1e100.net","TCP","54","59362  >  443 [ACK] Seq=190 Ack=4601 Win=65535 Len=0"
"1246","27.699209","10.8.0.1","ord37s34-in-f10.1e100.net","TCP","54","59360  >  443 [ACK] Seq=190 Ack=4601 Win=65535 Len=0"
"1247","27.699215","10.8.0.1","ord38s32-in-f10.1e100.net","TCP","54","43276  >  443 [ACK] Seq=518 Ack=157 Win=65535 Len=0"
"1248","27.699222","10.8.0.1","ord38s30-in-f10.1e100.net","TCP","54","40118  >  443 [RST] Seq=2090 Win=0 Len=0"
"1249","27.699227","10.8.0.1","ord37s33-in-f10.1e100.net","TCP","54","49134  >  443 [ACK] Seq=1 Ack=1 Win=65535 Len=0"
"1250","27.749347","10.8.0.1","ord37s33-in-f10.1e100.net","TLSv1.2","571","Client Hello"
"1251","27.749478","ord37s33-in-f10.1e100.net","10.8.0.1","TCP","54","443  >  49134 [ACK] Seq=1 Ack=518 Win=65535 Len=0"
"1252","27.749586","ord38s32-in-f10.1e100.net","10.8.0.1","TLSv1.2","123","Application Data"
"1253","27.749599","10.8.0.1","ord38s32-in-f10.1e100.net","TCP","54","43272  >  443 [ACK] Seq=637 Ack=226 Win=65535 Len=0"
"1254","27.799764","10.8.0.1","ord37s34-in-f10.1e100.net","TLSv1.2","147","Client Key Exchange, Change Cipher Spec, Encrypted Handshake Message"
"1255","27.799956","ord37s34-in-f10.1e100.net","10.8.0.1","TCP","54","443  >  59360 [ACK] Seq=4601 Ack=283 Win=65535 Len=0"
"1256","27.800040","ord38s32-in-f10.1e100.net","10.8.0.1","TLSv1.2","92","Application Data"
"1257","27.800140","10.8.0.1","ord38s32-in-f10.1e100.net","TCP","590","43272  >  443 [ACK] Seq=637 Ack=226 Win=65535 Len=536 [TCP segment of a reassembled PDU]"
"1258","27.800182","ord38s32-in-f10.1e100.net","10.8.0.1","TCP","54","443  >  43272 [ACK] Seq=226 Ack=1173 Win=65535 Len=0"
"1259","27.800226","10.8.0.1","ord38s32-in-f10.1e100.net","TLSv1.2","97","Application Data"
"1260","27.800251","ord38s32-in-f10.1e100.net","10.8.0.1","TCP","54","443  >  43272 [ACK] Seq=226 Ack=1216 Win=65535 Len=0"
"1261","27.800263","10.8.0.1","ord37s34-in-f10.1e100.net","TLSv1.2","590","Application Data, Application Data, Application Data"
"1262","27.800285","ord37s34-in-f10.1e100.net","10.8.0.1","TCP","54","443  >  59360 [ACK] Seq=4601 Ack=819 Win=65535 Len=0"
"1263","27.800319","10.8.0.1","ord37s34-in-f10.1e100.net","TCP","590","59360  >  443 [PSH, ACK] Seq=819 Ack=4601 Win=65535 Len=536 [TCP segment of a reassembled PDU]"
"1264","27.800343","ord37s34-in-f10.1e100.net","10.8.0.1","TCP","54","443  >  59360 [ACK] Seq=4601 Ack=1355 Win=65535 Len=0"
"1265","27.800354","10.8.0.1","ord38s32-in-f10.1e100.net","TCP","590","43272  >  443 [ACK] Seq=1216 Ack=226 Win=65535 Len=536 [TCP segment of a reassembled PDU]"
"1266","27.800371","ord38s32-in-f10.1e100.net","10.8.0.1","TCP","54","443  >  43272 [ACK] Seq=226 Ack=1752 Win=65535 Len=0"
"1267","27.800390","10.8.0.1","ord38s32-in-f10.1e100.net","TCP","590","43272  >  443 [PSH, ACK] Seq=1752 Ack=226 Win=65535 Len=536 [TCP segment of a reassembled PDU]"
"1268","27.800408","ord38s32-in-f10.1e100.net","10.8.0.1","TCP","54","443  >  43272 [ACK] Seq=226 Ack=2288 Win=65535 Len=0"
"1269","27.800438","10.8.0.1","ord38s32-in-f10.1e100.net","TCP","590","43272  >  443 [ACK] Seq=2288 Ack=226 Win=65535 Len=536 [TCP segment of a reassembled PDU]"
"1270","27.800459","ord38s32-in-f10.1e100.net","10.8.0.1","TCP","54","443  >  43272 [ACK] Seq=226 Ack=2824 Win=65535 Len=0"
"1271","27.800472","10.8.0.1","ord38s32-in-f10.1e100.net","TCP","590","43272  >  443 [PSH, ACK] Seq=2824 Ack=226 Win=65535 Len=536 [TCP segment of a reassembled PDU]"
"1272","27.800491","ord38s32-in-f10.1e100.net","10.8.0.1","TCP","54","443  >  43272 [ACK] Seq=226 Ack=3360 Win=65535 Len=0"
"1273","27.800502","10.8.0.1","ord38s32-in-f10.1e100.net","TCP","590","43272  >  443 [ACK] Seq=3360 Ack=226 Win=65535 Len=536 [TCP segment of a reassembled PDU]"
"1274","27.800520","ord38s32-in-f10.1e100.net","10.8.0.1","TCP","54","443  >  43272 [ACK] Seq=226 Ack=3896 Win=65535 Len=0"
"1275","27.800533","10.8.0.1","ord38s32-in-f10.1e100.net","TCP","590","43272  >  443 [PSH, ACK] Seq=3896 Ack=226 Win=65535 Len=536 [TCP segment of a reassembled PDU]"
"1276","27.800551","ord38s32-in-f10.1e100.net","10.8.0.1","TCP","54","443  >  43272 [ACK] Seq=226 Ack=4432 Win=65535 Len=0"
"1277","27.800622","ord37s34-in-f10.1e100.net","10.8.0.1","TLSv1.3","1472","Server Hello, Change Cipher Spec"
"1278","27.800645","10.8.0.1","ord38s32-in-f10.1e100.net","TCP","590","43272  >  443 [ACK] Seq=4432 Ack=226 Win=65535 Len=536 [TCP segment of a reassembled PDU]"
"1279","27.800669","ord38s32-in-f10.1e100.net","10.8.0.1","TCP","54","443  >  43272 [ACK] Seq=226 Ack=4968 Win=65535 Len=0"
"1280","27.800684","10.8.0.1","ord38s32-in-f10.1e100.net","TLSv1.2","459","Application Data"
"1281","27.800704","ord38s32-in-f10.1e100.net","10.8.0.1","TCP","54","443  >  43272 [ACK] Seq=226 Ack=5373 Win=65535 Len=0"
"1282","27.800716","10.8.0.1","ord37s34-in-f10.1e100.net","TLSv1.2","147","Client Key Exchange, Change Cipher Spec, Encrypted Handshake Message"
"1283","27.800753","ord37s34-in-f10.1e100.net","10.8.0.1","TCP","54","443  >  59370 [ACK] Seq=4601 Ack=283 Win=65535 Len=0"
"1284","27.800825","10.8.0.1","ord37s34-in-f10.1e100.net","TLSv1.2","590","Application Data, Application Data, Application Data"
"1285","27.800881","ord37s34-in-f10.1e100.net","10.8.0.1","TCP","54","443  >  59370 [ACK] Seq=4601 Ack=819 Win=65535 Len=0"
"1286","27.800919","10.8.0.1","ord37s34-in-f10.1e100.net","TCP","590","59370  >  443 [PSH, ACK] Seq=819 Ack=4601 Win=65535 Len=536 [TCP segment of a reassembled PDU]"
"1287","27.800953","ord37s34-in-f10.1e100.net","10.8.0.1","TCP","54","443  >  59370 [ACK] Seq=4601 Ack=1355 Win=65535 Len=0"
"1288","27.800966","10.8.0.1","ord37s34-in-f10.1e100.net","TLSv1.2","147","Client Key Exchange, Change Cipher Spec, Encrypted Handshake Message"
"1289","27.801009","ord37s34-in-f10.1e100.net","10.8.0.1","TCP","54","443  >  59362 [ACK] Seq=4601 Ack=283 Win=65535 Len=0"
"1290","27.801054","10.8.0.1","ord37s34-in-f10.1e100.net","TLSv1.2","189","Application Data"
"1291","27.801086","ord37s34-in-f10.1e100.net","10.8.0.1","TCP","54","443  >  59360 [ACK] Seq=4601 Ack=1490 Win=65535 Len=0"
"1292","27.801128","10.8.0.1","ord38s32-in-f10.1e100.net","TCP","54","43272  >  443 [ACK] Seq=5373 Ack=264 Win=65535 Len=0"
"1293","27.801152","10.8.0.1","ord38s32-in-f10.1e100.net","TCP","54","[TCP Dup ACK 1292#1] 43272  >  443 [ACK] Seq=5373 Ack=264 Win=65535 Len=0"
"1294","27.801167","10.8.0.1","ord37s34-in-f10.1e100.net","TCP","54","59374  >  443 [ACK] Seq=518 Ack=1419 Win=65535 Len=0"
"1295","27.801247","ord37s34-in-f10.1e100.net","10.8.0.1","TCP","1432","443  >  59374 [PSH, ACK] Seq=1419 Ack=518 Win=65535 Len=1378 [TCP segment of a reassembled PDU]"
"1296","27.801277","10.8.0.1","ord37s34-in-f10.1e100.net","TLSv1.2","189","Application Data"
"1297","27.801309","ord37s34-in-f10.1e100.net","10.8.0.1","TCP","54","443  >  59370 [ACK] Seq=4601 Ack=1490 Win=65535 Len=0"
"1298","27.801322","10.8.0.1","ord37s34-in-f10.1e100.net","TLSv1.2","193","Application Data, Application Data, Application Data"
"1299","27.801346","ord37s34-in-f10.1e100.net","10.8.0.1","TCP","54","443  >  59362 [ACK] Seq=4601 Ack=422 Win=65535 Len=0"
"1300","27.801373","10.8.0.1","ord37s34-in-f10.1e100.net","TCP","54","59374  >  443 [ACK] Seq=518 Ack=2797 Win=65535 Len=0"
"1301","27.851586","10.8.0.1","ord37s34-in-f10.1e100.net","TCP","590","59362  >  443 [ACK] Seq=422 Ack=4601 Win=65535 Len=536 [TCP segment of a reassembled PDU]"
"1302","27.851740","ord37s34-in-f10.1e100.net","10.8.0.1","TCP","54","443  >  59362 [ACK] Seq=4601 Ack=958 Win=65535 Len=0"
"1303","27.851830","ord37s34-in-f10.1e100.net","10.8.0.1","TCP","1432","443  >  59374 [PSH, ACK] Seq=2797 Ack=518 Win=65535 Len=1378 [TCP segment of a reassembled PDU]"
"1304","27.851844","10.8.0.1","ord37s34-in-f10.1e100.net","TLSv1.2","586","Application Data"
"1305","27.851885","ord37s34-in-f10.1e100.net","10.8.0.1","TCP","54","443  >  59362 [ACK] Seq=4601 Ack=1490 Win=65535 Len=0"
"1306","27.851896","10.8.0.1","ord38s32-in-f10.1e100.net","TLSv1.2","105","Change Cipher Spec, Encrypted Handshake Message"
"1307","27.851918","ord38s32-in-f10.1e100.net","10.8.0.1","TCP","54","443  >  43276 [ACK] Seq=157 Ack=569 Win=65535 Len=0"
"1308","27.851948","10.8.0.1","ord38s32-in-f10.1e100.net","TLSv1.2","122","Application Data"
"1309","27.851965","ord38s32-in-f10.1e100.net","10.8.0.1","TCP","54","443  >  43276 [ACK] Seq=157 Ack=637 Win=65535 Len=0"
"1310","27.852029","10.8.0.1","ord37s34-in-f10.1e100.net","TCP","54","59374  >  443 [ACK] Seq=518 Ack=4175 Win=65535 Len=0"
"1311","27.902266","ord37s34-in-f10.1e100.net","10.8.0.1","TLSv1.3","622","Application Data"
"1312","27.902337","ord37s34-in-f10.1e100.net","10.8.0.1","TLSv1.2","346","New Session Ticket, Change Cipher Spec, Encrypted Handshake Message"
"1313","27.902451","ord37s34-in-f10.1e100.net","10.8.0.1","TLSv1.2","34544","Application Data, Application Data, Application Data, Application Data, Application Data, Application Data, Application Data, Application Data, Application Data, Application Data, Application Data, Application Data, Application Data, Application Data, Application Data, Application Data, Application Data, Application Data, Application Data, Application Data, Application Data, Application Data, Application Data, Application Data, Application Data"
"1314","27.902511","10.8.0.1","ord37s34-in-f10.1e100.net","TCP","54","59374  >  443 [ACK] Seq=518 Ack=4743 Win=65535 Len=0"
"1315","27.902520","10.8.0.1","ord37s34-in-f10.1e100.net","TCP","54","59360  >  443 [ACK] Seq=1490 Ack=4893 Win=65535 Len=0"
"1316","27.902525","10.8.0.1","ord37s34-in-f10.1e100.net","TCP","54","59336  >  443 [ACK] Seq=35533 Ack=104971 Win=65535 Len=0"
"1317","27.952808","ord37s34-in-f10.1e100.net","10.8.0.1","TLSv1.2","24858","Application Data, Application Data, Application Data, Application Data, Application Data, Application Data, Application Data, Application Data, Application Data, Application Data, Application Data, Application Data, Application Data, Application Data, Application Data, Application Data, Application Data, Application Data"
"1318","27.952874","10.8.0.1","ord37s34-in-f10.1e100.net","TLSv1.3","118","Change Cipher Spec, Application Data"
"1319","27.952931","ord37s34-in-f10.1e100.net","10.8.0.1","TCP","54","443  >  59374 [ACK] Seq=4743 Ack=582 Win=65535 Len=0"
"1320","27.952974","ord37s33-in-f10.1e100.net","10.8.0.1","TLSv1.2","210","Server Hello, Change Cipher Spec, Encrypted Handshake Message"
"1321","27.953025","ord37s34-in-f10.1e100.net","10.8.0.1","TLSv1.2","346","New Session Ticket, Change Cipher Spec, Encrypted Handshake Message"
"1322","27.953058","ord37s34-in-f10.1e100.net","10.8.0.1","TLSv1.2","346","New Session Ticket, Change Cipher Spec, Encrypted Handshake Message"
"1323","27.953091","ord37s34-in-f10.1e100.net","10.8.0.1","TLSv1.2","123","Application Data"
"1324","27.953124","ord38s32-in-f10.1e100.net","10.8.0.1","TLSv1.2","123","Application Data"
"1325","27.953136","10.8.0.1","ord37s34-in-f10.1e100.net","TCP","590","59374  >  443 [ACK] Seq=582 Ack=4743 Win=65535 Len=536 [TCP segment of a reassembled PDU]"
"1326","27.953163","ord37s34-in-f10.1e100.net","10.8.0.1","TCP","54","443  >  59374 [ACK] Seq=4743 Ack=1118 Win=65535 Len=0"
"1327","27.953175","10.8.0.1","ord37s34-in-f10.1e100.net","TCP","590","59374  >  443 [PSH, ACK] Seq=1118 Ack=4743 Win=65535 Len=536 [TCP segment of a reassembled PDU]"
"1328","27.953197","ord37s34-in-f10.1e100.net","10.8.0.1","TCP","54","443  >  59374 [ACK] Seq=4743 Ack=1654 Win=65535 Len=0"
"1329","27.953205","10.8.0.1","ord37s34-in-f10.1e100.net","TCP","590","59374  >  443 [ACK] Seq=1654 Ack=4743 Win=65535 Len=536 [TCP segment of a reassembled PDU]"
"1330","27.953225","ord37s34-in-f10.1e100.net","10.8.0.1","TCP","54","443  >  59374 [ACK] Seq=4743 Ack=2190 Win=65535 Len=0"
"1331","27.953233","10.8.0.1","ord37s34-in-f10.1e100.net","TCP","590","59374  >  443 [PSH, ACK] Seq=2190 Ack=4743 Win=65535 Len=536 [TCP segment of a reassembled PDU]"
"1332","27.953252","ord37s34-in-f10.1e100.net","10.8.0.1","TCP","54","443  >  59374 [ACK] Seq=4743 Ack=2726 Win=65535 Len=0"
"1333","27.953266","10.8.0.1","ord37s34-in-f10.1e100.net","TCP","590","59374  >  443 [ACK] Seq=2726 Ack=4743 Win=65535 Len=536 [TCP segment of a reassembled PDU]"
"1334","27.953288","ord37s34-in-f10.1e100.net","10.8.0.1","TCP","54","443  >  59374 [ACK] Seq=4743 Ack=3262 Win=65535 Len=0"
"1335","27.953297","10.8.0.1","ord37s34-in-f10.1e100.net","TCP","590","59374  >  443 [PSH, ACK] Seq=3262 Ack=4743 Win=65535 Len=536 [TCP segment of a reassembled PDU]"
"1336","27.953318","ord37s34-in-f10.1e100.net","10.8.0.1","TCP","54","443  >  59374 [ACK] Seq=4743 Ack=3798 Win=65535 Len=0"
"1337","27.953325","10.8.0.1","ord37s34-in-f10.1e100.net","TCP","590","59374  >  443 [ACK] Seq=3798 Ack=4743 Win=65535 Len=536 [TCP segment of a reassembled PDU]"
"1338","27.953346","ord37s34-in-f10.1e100.net","10.8.0.1","TCP","54","443  >  59374 [ACK] Seq=4743 Ack=4334 Win=65535 Len=0"
"1339","27.953354","10.8.0.1","ord37s34-in-f10.1e100.net","TCP","590","59374  >  443 [PSH, ACK] Seq=4334 Ack=4743 Win=65535 Len=536 [TCP segment of a reassembled PDU]"
"1340","27.953375","ord37s34-in-f10.1e100.net","10.8.0.1","TCP","54","443  >  59374 [ACK] Seq=4743 Ack=4870 Win=65535 Len=0"
"1341","27.953381","10.8.0.1","ord37s34-in-f10.1e100.net","TCP","590","59374  >  443 [ACK] Seq=4870 Ack=4743 Win=65535 Len=536 [TCP segment of a reassembled PDU]"
"1342","27.953403","ord37s34-in-f10.1e100.net","10.8.0.1","TCP","54","443  >  59374 [ACK] Seq=4743 Ack=5406 Win=65535 Len=0"
"1343","27.953411","10.8.0.1","ord37s34-in-f10.1e100.net","TCP","54","59336  >  443 [ACK] Seq=35533 Ack=129775 Win=65535 Len=0"
"1344","27.953417","10.8.0.1","ord37s34-in-f10.1e100.net","TCP","590","59374  >  443 [ACK] Seq=5406 Ack=4743 Win=65535 Len=536 [TCP segment of a reassembled PDU]"
"1345","27.953436","ord37s34-in-f10.1e100.net","10.8.0.1","TCP","54","443  >  59374 [ACK] Seq=4743 Ack=5942 Win=65535 Len=0"
"1346","27.953447","10.8.0.1","ord37s34-in-f10.1e100.net","TCP","590","59374  >  443 [PSH, ACK] Seq=5942 Ack=4743 Win=65535 Len=536 [TCP segment of a reassembled PDU]"
"1347","27.953469","ord37s34-in-f10.1e100.net","10.8.0.1","TCP","54","443  >  59374 [ACK] Seq=4743 Ack=6478 Win=65535 Len=0"
"1348","27.953475","10.8.0.1","ord37s33-in-f10.1e100.net","TCP","54","49134  >  443 [ACK] Seq=518 Ack=157 Win=65535 Len=0"
"1349","27.953541","10.8.0.1","ord37s34-in-f10.1e100.net","TCP","54","59362  >  443 [ACK] Seq=1490 Ack=4893 Win=65535 Len=0"
"1350","27.953550","10.8.0.1","ord37s34-in-f10.1e100.net","TCP","54","59370  >  443 [ACK] Seq=1490 Ack=4893 Win=65535 Len=0"
"1351","27.953556","10.8.0.1","ord37s34-in-f10.1e100.net","TCP","54","59360  >  443 [ACK] Seq=1490 Ack=4962 Win=65535 Len=0"
"1352","27.953561","10.8.0.1","ord38s32-in-f10.1e100.net","TCP","54","43276  >  443 [ACK] Seq=637 Ack=226 Win=65535 Len=0"
"1353","27.953567","10.8.0.1","ord37s34-in-f10.1e100.net","TCP","590","59374  >  443 [ACK] Seq=6478 Ack=4743 Win=65535 Len=536 [TCP segment of a reassembled PDU]"
"1354","27.953592","ord37s34-in-f10.1e100.net","10.8.0.1","TCP","54","443  >  59374 [ACK] Seq=4743 Ack=7014 Win=65535 Len=0"
"1355","27.953598","10.8.0.1","ord37s34-in-f10.1e100.net","TCP","590","59374  >  443 [PSH, ACK] Seq=7014 Ack=4743 Win=65535 Len=536 [TCP segment of a reassembled PDU]"
"1356","27.953619","ord37s34-in-f10.1e100.net","10.8.0.1","TCP","54","443  >  59374 [ACK] Seq=4743 Ack=7550 Win=65535 Len=0"
"1357","27.953625","10.8.0.1","ord37s34-in-f10.1e100.net","TCP","590","59374  >  443 [ACK] Seq=7550 Ack=4743 Win=65535 Len=536 [TCP segment of a reassembled PDU]"
"1358","27.953643","ord37s34-in-f10.1e100.net","10.8.0.1","TCP","54","443  >  59374 [ACK] Seq=4743 Ack=8086 Win=65535 Len=0"
"1359","27.953651","10.8.0.1","ord37s34-in-f10.1e100.net","TCP","590","59374  >  443 [PSH, ACK] Seq=8086 Ack=4743 Win=65535 Len=536 [TCP segment of a reassembled PDU]"
"1360","27.953670","ord37s34-in-f10.1e100.net","10.8.0.1","TCP","54","443  >  59374 [ACK] Seq=4743 Ack=8622 Win=65535 Len=0"
"1361","27.953677","10.8.0.1","ord37s34-in-f10.1e100.net","TCP","590","59374  >  443 [ACK] Seq=8622 Ack=4743 Win=65535 Len=536 [TCP segment of a reassembled PDU]"
"1362","27.953707","ord37s34-in-f10.1e100.net","10.8.0.1","TCP","54","443  >  59374 [ACK] Seq=4743 Ack=9158 Win=65535 Len=0"
"1363","27.953716","10.8.0.1","ord37s34-in-f10.1e100.net","TCP","590","59374  >  443 [PSH, ACK] Seq=9158 Ack=4743 Win=65535 Len=536 [TCP segment of a reassembled PDU]"
"1364","27.953735","ord37s34-in-f10.1e100.net","10.8.0.1","TCP","54","443  >  59374 [ACK] Seq=4743 Ack=9694 Win=65535 Len=0"
"1365","27.953743","10.8.0.1","ord37s34-in-f10.1e100.net","TCP","590","59374  >  443 [ACK] Seq=9694 Ack=4743 Win=65535 Len=536 [TCP segment of a reassembled PDU]"
"1366","27.953761","ord37s34-in-f10.1e100.net","10.8.0.1","TCP","54","443  >  59374 [ACK] Seq=4743 Ack=10230 Win=65535 Len=0"
"1367","27.953770","10.8.0.1","ord37s34-in-f10.1e100.net","TCP","590","59374  >  443 [PSH, ACK] Seq=10230 Ack=4743 Win=65535 Len=536 [TCP segment of a reassembled PDU]"
"1368","27.953788","ord37s34-in-f10.1e100.net","10.8.0.1","TCP","54","443  >  59374 [ACK] Seq=4743 Ack=10766 Win=65535 Len=0"
"1369","27.953795","10.8.0.1","ord37s34-in-f10.1e100.net","TCP","590","59374  >  443 [ACK] Seq=10766 Ack=4743 Win=65535 Len=536 [TCP segment of a reassembled PDU]"
"1370","27.953838","ord37s34-in-f10.1e100.net","10.8.0.1","TCP","54","443  >  59374 [ACK] Seq=4743 Ack=11302 Win=65535 Len=0"
"1371","27.953851","10.8.0.1","ord37s34-in-f10.1e100.net","TCP","590","59374  >  443 [PSH, ACK] Seq=11302 Ack=4743 Win=65535 Len=536 [TCP segment of a reassembled PDU]"
"1372","27.953872","ord37s34-in-f10.1e100.net","10.8.0.1","TCP","54","443  >  59374 [ACK] Seq=4743 Ack=11838 Win=65535 Len=0"
"1373","27.953879","10.8.0.1","ord37s34-in-f10.1e100.net","TCP","590","59374  >  443 [ACK] Seq=11838 Ack=4743 Win=65535 Len=536 [TCP segment of a reassembled PDU]"
"1374","27.953903","ord37s34-in-f10.1e100.net","10.8.0.1","TCP","54","443  >  59374 [ACK] Seq=4743 Ack=12374 Win=65535 Len=0"
"1375","27.953912","10.8.0.1","ord37s34-in-f10.1e100.net","TCP","590","59374  >  443 [PSH, ACK] Seq=12374 Ack=4743 Win=65535 Len=536 [TCP segment of a reassembled PDU]"
"1376","27.953931","ord37s34-in-f10.1e100.net","10.8.0.1","TCP","54","443  >  59374 [ACK] Seq=4743 Ack=12910 Win=65535 Len=0"
"1377","27.953937","10.8.0.1","ord37s34-in-f10.1e100.net","TCP","590","59374  >  443 [ACK] Seq=12910 Ack=4743 Win=65535 Len=536 [TCP segment of a reassembled PDU]"
"1378","27.953957","ord37s34-in-f10.1e100.net","10.8.0.1","TCP","54","443  >  59374 [ACK] Seq=4743 Ack=13446 Win=65535 Len=0"
"1379","27.953969","10.8.0.1","ord37s34-in-f10.1e100.net","TCP","590","59374  >  443 [PSH, ACK] Seq=13446 Ack=4743 Win=65535 Len=536 [TCP segment of a reassembled PDU]"
"1380","27.953991","ord37s34-in-f10.1e100.net","10.8.0.1","TCP","54","443  >  59374 [ACK] Seq=4743 Ack=13982 Win=65535 Len=0"
"1381","27.953999","10.8.0.1","ord37s34-in-f10.1e100.net","TCP","590","59374  >  443 [ACK] Seq=13982 Ack=4743 Win=65535 Len=536 [TCP segment of a reassembled PDU]"
"1382","27.954018","ord37s34-in-f10.1e100.net","10.8.0.1","TCP","54","443  >  59374 [ACK] Seq=4743 Ack=14518 Win=65535 Len=0"
"1383","27.954027","10.8.0.1","ord37s34-in-f10.1e100.net","TCP","590","59374  >  443 [PSH, ACK] Seq=14518 Ack=4743 Win=65535 Len=536 [TCP segment of a reassembled PDU]"
"1384","27.954047","ord37s34-in-f10.1e100.net","10.8.0.1","TCP","54","443  >  59374 [ACK] Seq=4743 Ack=15054 Win=65535 Len=0"
"1385","27.954054","10.8.0.1","ord37s34-in-f10.1e100.net","TCP","590","59374  >  443 [ACK] Seq=15054 Ack=4743 Win=65535 Len=536 [TCP segment of a reassembled PDU]"
"1386","27.954081","ord37s34-in-f10.1e100.net","10.8.0.1","TCP","54","443  >  59374 [ACK] Seq=4743 Ack=15590 Win=65535 Len=0"
"1387","27.954093","10.8.0.1","ord37s34-in-f10.1e100.net","TCP","590","59374  >  443 [PSH, ACK] Seq=15590 Ack=4743 Win=65535 Len=536 [TCP segment of a reassembled PDU]"
"1388","27.954118","ord37s34-in-f10.1e100.net","10.8.0.1","TCP","54","443  >  59374 [ACK] Seq=4743 Ack=16126 Win=65535 Len=0"
"1389","27.954125","10.8.0.1","ord37s34-in-f10.1e100.net","TCP","590","59374  >  443 [ACK] Seq=16126 Ack=4743 Win=65535 Len=536 [TCP segment of a reassembled PDU]"
"1390","27.954141","ord37s34-in-f10.1e100.net","10.8.0.1","TCP","54","443  >  59374 [ACK] Seq=4743 Ack=16662 Win=65535 Len=0"
"1391","27.954149","10.8.0.1","ord37s34-in-f10.1e100.net","TLSv1.3","590","Application Data [TCP segment of a reassembled PDU]"
"1392","27.954161","ord37s34-in-f10.1e100.net","10.8.0.1","TCP","54","443  >  59374 [ACK] Seq=4743 Ack=17198 Win=65535 Len=0"
"1393","27.954167","10.8.0.1","ord37s34-in-f10.1e100.net","TCP","590","59374  >  443 [ACK] Seq=17198 Ack=4743 Win=65535 Len=536 [TCP segment of a reassembled PDU]"
"1394","27.954181","ord37s34-in-f10.1e100.net","10.8.0.1","TCP","54","443  >  59374 [ACK] Seq=4743 Ack=17734 Win=65535 Len=0"
"1395","27.954189","10.8.0.1","ord37s34-in-f10.1e100.net","TCP","590","59374  >  443 [PSH, ACK] Seq=17734 Ack=4743 Win=65535 Len=536 [TCP segment of a reassembled PDU]"
"1396","27.954201","ord37s34-in-f10.1e100.net","10.8.0.1","TCP","54","443  >  59374 [ACK] Seq=4743 Ack=18270 Win=65535 Len=0"
"1397","27.954206","10.8.0.1","ord37s34-in-f10.1e100.net","TCP","590","59374  >  443 [ACK] Seq=18270 Ack=4743 Win=65535 Len=536 [TCP segment of a reassembled PDU]"
"1398","27.954222","ord37s34-in-f10.1e100.net","10.8.0.1","TCP","54","443  >  59374 [ACK] Seq=4743 Ack=18806 Win=65535 Len=0"
"1399","27.954230","10.8.0.1","ord37s34-in-f10.1e100.net","TCP","590","59374  >  443 [PSH, ACK] Seq=18806 Ack=4743 Win=65535 Len=536 [TCP segment of a reassembled PDU]"
"1400","27.954242","ord37s34-in-f10.1e100.net","10.8.0.1","TCP","54","443  >  59374 [ACK] Seq=4743 Ack=19342 Win=65535 Len=0"
"1401","27.954247","10.8.0.1","ord37s34-in-f10.1e100.net","TCP","590","59374  >  443 [ACK] Seq=19342 Ack=4743 Win=65535 Len=536 [TCP segment of a reassembled PDU]"
"1402","27.954257","ord37s34-in-f10.1e100.net","10.8.0.1","TCP","54","443  >  59374 [ACK] Seq=4743 Ack=19878 Win=65535 Len=0"
"1403","27.954264","10.8.0.1","ord37s34-in-f10.1e100.net","TCP","590","59374  >  443 [PSH, ACK] Seq=19878 Ack=4743 Win=65535 Len=536 [TCP segment of a reassembled PDU]"
"1404","27.954274","ord37s34-in-f10.1e100.net","10.8.0.1","TCP","54","443  >  59374 [ACK] Seq=4743 Ack=20414 Win=65535 Len=0"
"1405","27.954279","10.8.0.1","ord37s34-in-f10.1e100.net","TCP","590","59374  >  443 [ACK] Seq=20414 Ack=4743 Win=65535 Len=536 [TCP segment of a reassembled PDU]"
"1406","27.954289","ord37s34-in-f10.1e100.net","10.8.0.1","TCP","54","443  >  59374 [ACK] Seq=4743 Ack=20950 Win=65535 Len=0"
"1407","27.954296","10.8.0.1","ord37s34-in-f10.1e100.net","TCP","590","59374  >  443 [PSH, ACK] Seq=20950 Ack=4743 Win=65535 Len=536 [TCP segment of a reassembled PDU]"
"1408","27.954306","ord37s34-in-f10.1e100.net","10.8.0.1","TCP","54","443  >  59374 [ACK] Seq=4743 Ack=21486 Win=65535 Len=0"
"1409","27.954312","10.8.0.1","ord37s34-in-f10.1e100.net","TCP","590","59374  >  443 [ACK] Seq=21486 Ack=4743 Win=65535 Len=536 [TCP segment of a reassembled PDU]"
"1410","27.954327","ord37s34-in-f10.1e100.net","10.8.0.1","TCP","54","443  >  59374 [ACK] Seq=4743 Ack=22022 Win=65535 Len=0"
"1411","27.954335","10.8.0.1","ord37s34-in-f10.1e100.net","TCP","590","59374  >  443 [PSH, ACK] Seq=22022 Ack=4743 Win=65535 Len=536 [TCP segment of a reassembled PDU]"
"1412","27.954345","ord37s34-in-f10.1e100.net","10.8.0.1","TCP","54","443  >  59374 [ACK] Seq=4743 Ack=22558 Win=65535 Len=0"
"1413","27.954351","10.8.0.1","ord37s34-in-f10.1e100.net","TCP","590","59374  >  443 [ACK] Seq=22558 Ack=4743 Win=65535 Len=536 [TCP segment of a reassembled PDU]"
"1414","27.954362","ord37s34-in-f10.1e100.net","10.8.0.1","TCP","54","443  >  59374 [ACK] Seq=4743 Ack=23094 Win=65535 Len=0"
"1415","27.954369","10.8.0.1","ord37s34-in-f10.1e100.net","TCP","590","59374  >  443 [PSH, ACK] Seq=23094 Ack=4743 Win=65535 Len=536 [TCP segment of a reassembled PDU]"
"1416","27.954379","ord37s34-in-f10.1e100.net","10.8.0.1","TCP","54","443  >  59374 [ACK] Seq=4743 Ack=23630 Win=65535 Len=0"
"1417","27.954385","10.8.0.1","ord37s34-in-f10.1e100.net","TCP","590","59374  >  443 [ACK] Seq=23630 Ack=4743 Win=65535 Len=536 [TCP segment of a reassembled PDU]"
"1418","27.954396","ord37s34-in-f10.1e100.net","10.8.0.1","TCP","54","443  >  59374 [ACK] Seq=4743 Ack=24166 Win=65535 Len=0"
"1419","27.954403","10.8.0.1","ord37s34-in-f10.1e100.net","TCP","590","59374  >  443 [PSH, ACK] Seq=24166 Ack=4743 Win=65535 Len=536 [TCP segment of a reassembled PDU]"
"1420","27.954413","ord37s34-in-f10.1e100.net","10.8.0.1","TCP","54","443  >  59374 [ACK] Seq=4743 Ack=24702 Win=65535 Len=0"
"1421","27.954418","10.8.0.1","ord37s34-in-f10.1e100.net","TCP","590","59374  >  443 [ACK] Seq=24702 Ack=4743 Win=65535 Len=536 [TCP segment of a reassembled PDU]"
"1422","27.954434","ord37s34-in-f10.1e100.net","10.8.0.1","TCP","54","443  >  59374 [ACK] Seq=4743 Ack=25238 Win=65535 Len=0"
"1423","27.954441","10.8.0.1","ord37s34-in-f10.1e100.net","TCP","590","59374  >  443 [PSH, ACK] Seq=25238 Ack=4743 Win=65535 Len=536 [TCP segment of a reassembled PDU]"
"1424","27.954451","ord37s34-in-f10.1e100.net","10.8.0.1","TCP","54","443  >  59374 [ACK] Seq=4743 Ack=25774 Win=65535 Len=0"
"1425","27.954456","10.8.0.1","ord37s34-in-f10.1e100.net","TCP","590","59374  >  443 [ACK] Seq=25774 Ack=4743 Win=65535 Len=536 [TCP segment of a reassembled PDU]"
"1426","27.954466","ord37s34-in-f10.1e100.net","10.8.0.1","TCP","54","443  >  59374 [ACK] Seq=4743 Ack=26310 Win=65535 Len=0"
"1427","27.954473","10.8.0.1","ord37s34-in-f10.1e100.net","TCP","590","59374  >  443 [PSH, ACK] Seq=26310 Ack=4743 Win=65535 Len=536 [TCP segment of a reassembled PDU]"
"1428","27.954483","ord37s34-in-f10.1e100.net","10.8.0.1","TCP","54","443  >  59374 [ACK] Seq=4743 Ack=26846 Win=65535 Len=0"
"1429","27.954488","10.8.0.1","ord37s34-in-f10.1e100.net","TCP","590","59374  >  443 [ACK] Seq=26846 Ack=4743 Win=65535 Len=536 [TCP segment of a reassembled PDU]"
"1430","27.954498","ord37s34-in-f10.1e100.net","10.8.0.1","TCP","54","443  >  59374 [ACK] Seq=4743 Ack=27382 Win=65535 Len=0"
"1431","27.954504","10.8.0.1","ord37s34-in-f10.1e100.net","TCP","590","59374  >  443 [PSH, ACK] Seq=27382 Ack=4743 Win=65535 Len=536 [TCP segment of a reassembled PDU]"
"1432","27.954514","ord37s34-in-f10.1e100.net","10.8.0.1","TCP","54","443  >  59374 [ACK] Seq=4743 Ack=27918 Win=65535 Len=0"
"1433","27.954531","10.8.0.1","ord37s34-in-f10.1e100.net","TCP","590","59374  >  443 [ACK] Seq=27918 Ack=4743 Win=65535 Len=536 [TCP segment of a reassembled PDU]"
"1434","27.954551","ord37s34-in-f10.1e100.net","10.8.0.1","TCP","54","443  >  59374 [ACK] Seq=4743 Ack=28454 Win=65535 Len=0"
"1435","27.954559","10.8.0.1","ord37s34-in-f10.1e100.net","TCP","590","59374  >  443 [PSH, ACK] Seq=28454 Ack=4743 Win=65535 Len=536 [TCP segment of a reassembled PDU]"
"1436","27.954569","ord37s34-in-f10.1e100.net","10.8.0.1","TCP","54","443  >  59374 [ACK] Seq=4743 Ack=28990 Win=65535 Len=0"
"1437","27.954575","10.8.0.1","ord37s34-in-f10.1e100.net","TCP","590","59374  >  443 [ACK] Seq=28990 Ack=4743 Win=65535 Len=536 [TCP segment of a reassembled PDU]"
"1438","27.954585","ord37s34-in-f10.1e100.net","10.8.0.1","TCP","54","443  >  59374 [ACK] Seq=4743 Ack=29526 Win=65535 Len=0"
"1439","27.954591","10.8.0.1","ord37s34-in-f10.1e100.net","TCP","590","59374  >  443 [PSH, ACK] Seq=29526 Ack=4743 Win=65535 Len=536 [TCP segment of a reassembled PDU]"
"1440","27.954604","ord37s34-in-f10.1e100.net","10.8.0.1","TCP","54","443  >  59374 [ACK] Seq=4743 Ack=30062 Win=65535 Len=0"
"1441","27.954609","10.8.0.1","ord37s34-in-f10.1e100.net","TCP","590","59374  >  443 [ACK] Seq=30062 Ack=4743 Win=65535 Len=536 [TCP segment of a reassembled PDU]"
"1442","27.954619","ord37s34-in-f10.1e100.net","10.8.0.1","TCP","54","443  >  59374 [ACK] Seq=4743 Ack=30598 Win=65535 Len=0"
"1443","27.954626","10.8.0.1","ord37s34-in-f10.1e100.net","TCP","590","59374  >  443 [PSH, ACK] Seq=30598 Ack=4743 Win=65535 Len=536 [TCP segment of a reassembled PDU]"
"1444","27.954636","ord37s34-in-f10.1e100.net","10.8.0.1","TCP","54","443  >  59374 [ACK] Seq=4743 Ack=31134 Win=65535 Len=0"
"1445","27.954641","10.8.0.1","ord37s34-in-f10.1e100.net","TCP","590","59374  >  443 [ACK] Seq=31134 Ack=4743 Win=65535 Len=536 [TCP segment of a reassembled PDU]"
"1446","27.954654","ord37s34-in-f10.1e100.net","10.8.0.1","TCP","54","443  >  59374 [ACK] Seq=4743 Ack=31670 Win=65535 Len=0"
"1447","27.954662","10.8.0.1","ord37s34-in-f10.1e100.net","TCP","590","59374  >  443 [PSH, ACK] Seq=31670 Ack=4743 Win=65535 Len=536 [TCP segment of a reassembled PDU]"
"1448","27.954672","ord37s34-in-f10.1e100.net","10.8.0.1","TCP","54","443  >  59374 [ACK] Seq=4743 Ack=32206 Win=65535 Len=0"
"1449","27.954678","10.8.0.1","ord37s34-in-f10.1e100.net","TCP","590","59374  >  443 [ACK] Seq=32206 Ack=4743 Win=65535 Len=536 [TCP segment of a reassembled PDU]"
"1450","27.954688","ord37s34-in-f10.1e100.net","10.8.0.1","TCP","54","443  >  59374 [ACK] Seq=4743 Ack=32742 Win=65535 Len=0"
"1451","27.954695","10.8.0.1","ord37s34-in-f10.1e100.net","TCP","590","59374  >  443 [PSH, ACK] Seq=32742 Ack=4743 Win=65535 Len=536 [TCP segment of a reassembled PDU]"
"1452","27.954705","ord37s34-in-f10.1e100.net","10.8.0.1","TCP","54","443  >  59374 [ACK] Seq=4743 Ack=33278 Win=65535 Len=0"
"1453","27.954710","10.8.0.1","ord37s34-in-f10.1e100.net","TLSv1.3","590","Application Data [TCP segment of a reassembled PDU]"
"1454","27.954721","ord37s34-in-f10.1e100.net","10.8.0.1","TCP","54","443  >  59374 [ACK] Seq=4743 Ack=33814 Win=65535 Len=0"
"1455","27.954728","10.8.0.1","ord37s34-in-f10.1e100.net","TCP","590","59374  >  443 [PSH, ACK] Seq=33814 Ack=4743 Win=65535 Len=536 [TCP segment of a reassembled PDU]"
"1456","27.954738","ord37s34-in-f10.1e100.net","10.8.0.1","TCP","54","443  >  59374 [ACK] Seq=4743 Ack=34350 Win=65535 Len=0"
"1457","27.954743","10.8.0.1","ord37s34-in-f10.1e100.net","TCP","590","59374  >  443 [ACK] Seq=34350 Ack=4743 Win=65535 Len=536 [TCP segment of a reassembled PDU]"
"1458","27.954753","ord37s34-in-f10.1e100.net","10.8.0.1","TCP","54","443  >  59374 [ACK] Seq=4743 Ack=34886 Win=65535 Len=0"
"1459","27.954763","10.8.0.1","ord37s34-in-f10.1e100.net","TCP","590","59374  >  443 [PSH, ACK] Seq=34886 Ack=4743 Win=65535 Len=536 [TCP segment of a reassembled PDU]"
"1460","27.954777","ord37s34-in-f10.1e100.net","10.8.0.1","TCP","54","443  >  59374 [ACK] Seq=4743 Ack=35422 Win=65535 Len=0"
"1461","27.954782","10.8.0.1","ord37s34-in-f10.1e100.net","TCP","590","59374  >  443 [ACK] Seq=35422 Ack=4743 Win=65535 Len=536 [TCP segment of a reassembled PDU]"
"1462","27.954796","ord37s34-in-f10.1e100.net","10.8.0.1","TCP","54","443  >  59374 [ACK] Seq=4743 Ack=35958 Win=65535 Len=0"
"1463","27.954803","10.8.0.1","ord37s34-in-f10.1e100.net","TCP","590","59374  >  443 [PSH, ACK] Seq=35958 Ack=4743 Win=65535 Len=536 [TCP segment of a reassembled PDU]"
"1464","27.954813","ord37s34-in-f10.1e100.net","10.8.0.1","TCP","54","443  >  59374 [ACK] Seq=4743 Ack=36494 Win=65535 Len=0"
"1465","27.954819","10.8.0.1","ord37s34-in-f10.1e100.net","TCP","590","59374  >  443 [ACK] Seq=36494 Ack=4743 Win=65535 Len=536 [TCP segment of a reassembled PDU]"
"1466","27.954828","ord37s34-in-f10.1e100.net","10.8.0.1","TCP","54","443  >  59374 [ACK] Seq=4743 Ack=37030 Win=65535 Len=0"
"1467","27.954835","10.8.0.1","ord37s34-in-f10.1e100.net","TLSv1.3","306","Application Data"
"1468","27.954846","ord37s34-in-f10.1e100.net","10.8.0.1","TCP","54","443  >  59374 [ACK] Seq=4743 Ack=37282 Win=65535 Len=0"
"1469","28.005056","10.8.0.1","ord37s33-in-f10.1e100.net","TLSv1.2","105","Change Cipher Spec, Encrypted Handshake Message"
"1470","28.005178","ord37s33-in-f10.1e100.net","10.8.0.1","TCP","54","443  >  49134 [ACK] Seq=157 Ack=569 Win=65535 Len=0"
"1471","28.005260","ord37s34-in-f10.1e100.net","10.8.0.1","TLSv1.2","963","Application Data, Application Data"
"1472","28.005322","ord37s34-in-f10.1e100.net","10.8.0.1","TLSv1.2","123","Application Data"
"1473","28.005358","ord37s34-in-f10.1e100.net","10.8.0.1","TLSv1.2","161","Application Data, Application Data"
"1474","28.005369","10.8.0.1","ord38s32-in-f10.1e100.net","TCP","590","43276  >  443 [ACK] Seq=637 Ack=226 Win=65535 Len=536 [TCP segment of a reassembled PDU]"
"1475","28.005412","ord38s32-in-f10.1e100.net","10.8.0.1","TCP","54","443  >  43276 [ACK] Seq=226 Ack=1173 Win=65535 Len=0"
"1476","28.005481","10.8.0.1","ord38s32-in-f10.1e100.net","TLSv1.2","97","Application Data"
"1477","28.005511","ord38s32-in-f10.1e100.net","10.8.0.1","TCP","54","443  >  43276 [ACK] Seq=226 Ack=1216 Win=65535 Len=0"
"1478","28.005520","10.8.0.1","ord37s33-in-f10.1e100.net","TLSv1.2","122","Application Data"
"1479","28.005533","ord37s33-in-f10.1e100.net","10.8.0.1","TCP","54","443  >  49134 [ACK] Seq=157 Ack=637 Win=65535 Len=0"
"1480","28.005562","10.8.0.1","ord38s32-in-f10.1e100.net","TCP","590","43276  >  443 [ACK] Seq=1216 Ack=226 Win=65535 Len=536 [TCP segment of a reassembled PDU]"
"1481","28.005586","ord38s32-in-f10.1e100.net","10.8.0.1","TCP","54","443  >  43276 [ACK] Seq=226 Ack=1752 Win=65535 Len=0"
"1482","28.005601","10.8.0.1","ord38s32-in-f10.1e100.net","TCP","590","43276  >  443 [PSH, ACK] Seq=1752 Ack=226 Win=65535 Len=536 [TCP segment of a reassembled PDU]"
"1483","28.005625","ord38s32-in-f10.1e100.net","10.8.0.1","TCP","54","443  >  43276 [ACK] Seq=226 Ack=2288 Win=65535 Len=0"
"1484","28.005633","10.8.0.1","ord38s32-in-f10.1e100.net","TCP","590","43276  >  443 [ACK] Seq=2288 Ack=226 Win=65535 Len=536 [TCP segment of a reassembled PDU]"
"1485","28.005651","ord38s32-in-f10.1e100.net","10.8.0.1","TCP","54","443  >  43276 [ACK] Seq=226 Ack=2824 Win=65535 Len=0"
"1486","28.005660","10.8.0.1","ord38s32-in-f10.1e100.net","TCP","590","43276  >  443 [PSH, ACK] Seq=2824 Ack=226 Win=65535 Len=536 [TCP segment of a reassembled PDU]"
"1487","28.005680","ord38s32-in-f10.1e100.net","10.8.0.1","TCP","54","443  >  43276 [ACK] Seq=226 Ack=3360 Win=65535 Len=0"
"1488","28.005687","10.8.0.1","ord38s32-in-f10.1e100.net","TCP","590","43276  >  443 [ACK] Seq=3360 Ack=226 Win=65535 Len=536 [TCP segment of a reassembled PDU]"
"1489","28.005699","ord38s32-in-f10.1e100.net","10.8.0.1","TCP","54","443  >  43276 [ACK] Seq=226 Ack=3896 Win=65535 Len=0"
"1490","28.005706","10.8.0.1","ord38s32-in-f10.1e100.net","TCP","590","43276  >  443 [PSH, ACK] Seq=3896 Ack=226 Win=65535 Len=536 [TCP segment of a reassembled PDU]"
"1491","28.005718","ord38s32-in-f10.1e100.net","10.8.0.1","TCP","54","443  >  43276 [ACK] Seq=226 Ack=4432 Win=65535 Len=0"
"1492","28.005724","10.8.0.1","ord38s32-in-f10.1e100.net","TCP","590","43276  >  443 [ACK] Seq=4432 Ack=226 Win=65535 Len=536 [TCP segment of a reassembled PDU]"
"1493","28.005735","ord38s32-in-f10.1e100.net","10.8.0.1","TCP","54","443  >  43276 [ACK] Seq=226 Ack=4968 Win=65535 Len=0"
"1494","28.005743","10.8.0.1","ord38s32-in-f10.1e100.net","TLSv1.2","459","Application Data"
"1495","28.005755","ord38s32-in-f10.1e100.net","10.8.0.1","TCP","54","443  >  43276 [ACK] Seq=226 Ack=5373 Win=65535 Len=0"
"1496","28.005761","10.8.0.1","ord37s34-in-f10.1e100.net","TLSv1.2","92","Application Data"
"1497","28.005776","ord37s34-in-f10.1e100.net","10.8.0.1","TCP","54","443  >  59360 [ACK] Seq=4962 Ack=1528 Win=65535 Len=0"
"1498","28.005830","10.8.0.1","ord38s32-in-f10.1e100.net","TCP","74","43300  >  443 [SYN] Seq=0 Win=65535 Len=0 MSS=1460 SACK_PERM=1 TSval=615970987 TSecr=0 WS=1024"
"1499","28.008158","ord38s32-in-f10.1e100.net","10.8.0.1","TCP","54","443  >  43300 [SYN, ACK] Seq=0 Ack=1 Win=65535 Len=0"
"1500","28.008222","10.8.0.1","ord38s32-in-f10.1e100.net","TCP","590","[TCP Spurious Retransmission] 43272  >  443 [ACK] Seq=637 Ack=264 Win=65535 Len=536"
"1501","28.008271","ord38s32-in-f10.1e100.net","10.8.0.1","TCP","54","443  >  43272 [ACK] Seq=264 Ack=1173 Win=65535 Len=0"
"1502","28.008280","10.8.0.1","ord37s34-in-f10.1e100.net","TCP","54","59336  >  443 [ACK] Seq=35533 Ack=130684 Win=65535 Len=0"
"1503","28.008288","10.8.0.1","ord37s34-in-f10.1e100.net","TCP","54","59362  >  443 [ACK] Seq=1490 Ack=4962 Win=65535 Len=0"
"1504","28.008295","10.8.0.1","ord37s34-in-f10.1e100.net","TCP","54","59370  >  443 [ACK] Seq=1490 Ack=5000 Win=65535 Len=0"
"1505","28.008302","10.8.0.1","ord38s32-in-f10.1e100.net","TCP","590","43276  >  443 [ACK] Seq=5373 Ack=226 Win=65535 Len=536 [TCP segment of a reassembled PDU]"
"1506","28.008335","ord38s32-in-f10.1e100.net","10.8.0.1","TCP","54","443  >  43276 [ACK] Seq=226 Ack=5909 Win=65535 Len=0"
"1507","28.008342","10.8.0.1","ord38s32-in-f10.1e100.net","TCP","590","43276  >  443 [PSH, ACK] Seq=5909 Ack=226 Win=65535 Len=536 [TCP segment of a reassembled PDU]"
"1508","28.008356","ord38s32-in-f10.1e100.net","10.8.0.1","TCP","54","443  >  43276 [ACK] Seq=226 Ack=6445 Win=65535 Len=0"
"1509","28.008362","10.8.0.1","ord38s32-in-f10.1e100.net","TCP","590","43276  >  443 [ACK] Seq=6445 Ack=226 Win=65535 Len=536 [TCP segment of a reassembled PDU]"
"1510","28.008374","ord38s32-in-f10.1e100.net","10.8.0.1","TCP","54","443  >  43276 [ACK] Seq=226 Ack=6981 Win=65535 Len=0"
"1511","28.008382","10.8.0.1","ord38s32-in-f10.1e100.net","TCP","590","43276  >  443 [PSH, ACK] Seq=6981 Ack=226 Win=65535 Len=536 [TCP segment of a reassembled PDU]"
"1512","28.008394","ord38s32-in-f10.1e100.net","10.8.0.1","TCP","54","443  >  43276 [ACK] Seq=226 Ack=7517 Win=65535 Len=0"
"1513","28.008401","10.8.0.1","ord38s32-in-f10.1e100.net","TCP","590","43276  >  443 [ACK] Seq=7517 Ack=226 Win=65535 Len=536 [TCP segment of a reassembled PDU]"
"1514","28.008412","ord38s32-in-f10.1e100.net","10.8.0.1","TCP","54","443  >  43276 [ACK] Seq=226 Ack=8053 Win=65535 Len=0"
"1515","28.008419","10.8.0.1","ord38s32-in-f10.1e100.net","TCP","590","43276  >  443 [PSH, ACK] Seq=8053 Ack=226 Win=65535 Len=536 [TCP segment of a reassembled PDU]"
"1516","28.008431","ord38s32-in-f10.1e100.net","10.8.0.1","TCP","54","443  >  43276 [ACK] Seq=226 Ack=8589 Win=65535 Len=0"
"1517","28.008437","10.8.0.1","ord38s32-in-f10.1e100.net","TCP","590","43276  >  443 [ACK] Seq=8589 Ack=226 Win=65535 Len=536 [TCP segment of a reassembled PDU]"
"1518","28.008453","ord38s32-in-f10.1e100.net","10.8.0.1","TCP","54","443  >  43276 [ACK] Seq=226 Ack=9125 Win=65535 Len=0"
"1519","28.008461","10.8.0.1","ord38s32-in-f10.1e100.net","TCP","590","43276  >  443 [PSH, ACK] Seq=9125 Ack=226 Win=65535 Len=536 [TCP segment of a reassembled PDU]"
"1520","28.008473","ord38s32-in-f10.1e100.net","10.8.0.1","TCP","54","443  >  43276 [ACK] Seq=226 Ack=9661 Win=65535 Len=0"
"1521","28.008479","10.8.0.1","ord38s32-in-f10.1e100.net","TLSv1.2","171","Application Data"
"1522","28.008506","ord38s32-in-f10.1e100.net","10.8.0.1","TCP","54","443  >  43276 [ACK] Seq=226 Ack=9778 Win=65535 Len=0"
"1523","28.008547","10.8.0.1","ord37s34-in-f10.1e100.net","TLSv1.2","92","Application Data"
"1524","28.008566","ord37s34-in-f10.1e100.net","10.8.0.1","TCP","54","443  >  59370 [ACK] Seq=5000 Ack=1528 Win=65535 Len=0"
"1525","28.008573","10.8.0.1","ord37s34-in-f10.1e100.net","TLSv1.2","92","Application Data"
"1526","28.008586","ord37s34-in-f10.1e100.net","10.8.0.1","TCP","54","443  >  59362 [ACK] Seq=4962 Ack=1528 Win=65535 Len=0"
"1527","28.008607","10.8.0.1","ord38s32-in-f10.1e100.net","TCP","54","43300  >  443 [ACK] Seq=1 Ack=1 Win=65535 Len=0"
"1528","28.008625","10.8.0.1","ord38s32-in-f10.1e100.net","TCP","590","43272  >  443 [ACK] Seq=5373 Ack=264 Win=65535 Len=536 [TCP segment of a reassembled PDU]"
"1529","28.008672","ord38s32-in-f10.1e100.net","10.8.0.1","TCP","54","443  >  43272 [ACK] Seq=264 Ack=5909 Win=65535 Len=0"
"1530","28.008679","10.8.0.1","ord38s32-in-f10.1e100.net","TCP","590","43272  >  443 [ACK] Seq=5909 Ack=264 Win=65535 Len=536 [TCP segment of a reassembled PDU]"
"1531","28.008692","ord38s32-in-f10.1e100.net","10.8.0.1","TCP","54","443  >  43272 [ACK] Seq=264 Ack=6445 Win=65535 Len=0"
"1532","28.008697","10.8.0.1","ord38s32-in-f10.1e100.net","TCP","590","43272  >  443 [ACK] Seq=6445 Ack=264 Win=65535 Len=536 [TCP segment of a reassembled PDU]"
"1533","28.008708","ord38s32-in-f10.1e100.net","10.8.0.1","TCP","54","443  >  43272 [ACK] Seq=264 Ack=6981 Win=65535 Len=0"
"1534","28.008713","10.8.0.1","ord38s32-in-f10.1e100.net","TCP","590","43272  >  443 [PSH, ACK] Seq=6981 Ack=264 Win=65535 Len=536 [TCP segment of a reassembled PDU]"
"1535","28.008730","ord38s32-in-f10.1e100.net","10.8.0.1","TCP","54","443  >  43272 [ACK] Seq=264 Ack=7517 Win=65535 Len=0"
"1536","28.008736","10.8.0.1","ord38s32-in-f10.1e100.net","TCP","590","43272  >  443 [ACK] Seq=7517 Ack=264 Win=65535 Len=536 [TCP segment of a reassembled PDU]"
"1537","28.008784","ord38s32-in-f10.1e100.net","10.8.0.1","TCP","54","443  >  43272 [ACK] Seq=264 Ack=8053 Win=65535 Len=0"
"1538","28.008796","10.8.0.1","ord38s32-in-f10.1e100.net","TCP","590","43272  >  443 [PSH, ACK] Seq=8053 Ack=264 Win=65535 Len=536 [TCP segment of a reassembled PDU]"
"1539","28.008811","ord38s32-in-f10.1e100.net","10.8.0.1","TCP","54","443  >  43272 [ACK] Seq=264 Ack=8589 Win=65535 Len=0"
"1540","28.008818","10.8.0.1","ord38s32-in-f10.1e100.net","TCP","590","43272  >  443 [ACK] Seq=8589 Ack=264 Win=65535 Len=536 [TCP segment of a reassembled PDU]"
"1541","28.008830","ord38s32-in-f10.1e100.net","10.8.0.1","TCP","54","443  >  43272 [ACK] Seq=264 Ack=9125 Win=65535 Len=0"
"1542","28.008837","10.8.0.1","ord38s32-in-f10.1e100.net","TCP","590","43272  >  443 [PSH, ACK] Seq=9125 Ack=264 Win=65535 Len=536 [TCP segment of a reassembled PDU]"
"1543","28.008849","ord38s32-in-f10.1e100.net","10.8.0.1","TCP","54","443  >  43272 [ACK] Seq=264 Ack=9661 Win=65535 Len=0"
"1544","28.008855","10.8.0.1","ord38s32-in-f10.1e100.net","TLSv1.2","124","Application Data"
"1545","28.008865","ord38s32-in-f10.1e100.net","10.8.0.1","TCP","54","443  >  43272 [ACK] Seq=264 Ack=9731 Win=65535 Len=0"
"1546","28.059138","10.8.0.1","ord38s32-in-f10.1e100.net","TLSv1.2","218","Client Hello"
"1547","28.059218","ord38s32-in-f10.1e100.net","10.8.0.1","TCP","54","443  >  43300 [ACK] Seq=1 Ack=165 Win=65535 Len=0"
"1548","28.059289","ord37s34-in-f10.1e100.net","10.8.0.1","TLSv1.2","92","Application Data"
"1549","28.059333","ord38s32-in-f10.1e100.net","10.8.0.1","TLSv1.2","92","Application Data"
"1550","28.059367","ord37s34-in-f10.1e100.net","10.8.0.1","TLSv1.2","92","Application Data"
"1551","28.059377","10.8.0.1","ord37s34-in-f10.1e100.net","TCP","54","59360  >  443 [ACK] Seq=1528 Ack=5000 Win=65535 Len=0"
"1552","28.059397","10.8.0.1","ord37s34-in-f10.1e100.net","TCP","54","59362  >  443 [ACK] Seq=1528 Ack=5000 Win=65535 Len=0"
"1553","28.109529","10.8.0.1","ord38s32-in-f10.1e100.net","TCP","54","43276  >  443 [ACK] Seq=9778 Ack=264 Win=65535 Len=0"
"1554","28.109693","ord37s33-in-f10.1e100.net","10.8.0.1","TLSv1.2","123","Application Data"
"1555","28.109745","ord37s34-in-f10.1e100.net","10.8.0.1","TLSv1.2","861","Application Data, Application Data"
"1556","28.109857","10.8.0.1","ord37s33-in-f10.1e100.net","TCP","54","49134  >  443 [ACK] Seq=637 Ack=226 Win=65535 Len=0"
"1557","28.109867","10.8.0.1","ord37s34-in-f10.1e100.net","TCP","54","59360  >  443 [ACK] Seq=1528 Ack=5807 Win=65535 Len=0"
"1558","28.160149","ord38s32-in-f10.1e100.net","10.8.0.1","TLSv1.2","85","Encrypted Alert"
"1559","28.160188","10.8.0.1","ord37s33-in-f10.1e100.net","TCP","590","49134  >  443 [ACK] Seq=637 Ack=226 Win=65535 Len=536 [TCP segment of a reassembled PDU]"
"1560","28.160248","ord37s33-in-f10.1e100.net","10.8.0.1","TCP","54","443  >  49134 [ACK] Seq=226 Ack=1173 Win=65535 Len=0"
"1561","28.160294","ord37s34-in-f10.1e100.net","10.8.0.1","TLSv1.2","834","Application Data, Application Data"
"1562","28.160305","10.8.0.1","ord37s33-in-f10.1e100.net","TCP","590","49134  >  443 [PSH, ACK] Seq=1173 Ack=226 Win=65535 Len=536 [TCP segment of a reassembled PDU]"
"1563","28.160335","ord37s33-in-f10.1e100.net","10.8.0.1","TCP","54","443  >  49134 [ACK] Seq=226 Ack=1709 Win=65535 Len=0"
"1564","28.160343","10.8.0.1","ord37s33-in-f10.1e100.net","TLSv1.2","90","Application Data"
"1565","28.160366","ord37s33-in-f10.1e100.net","10.8.0.1","TCP","54","443  >  49134 [ACK] Seq=226 Ack=1745 Win=65535 Len=0"
"1566","28.160398","10.8.0.1","ord37s33-in-f10.1e100.net","TCP","590","49134  >  443 [ACK] Seq=1745 Ack=226 Win=65535 Len=536 [TCP segment of a reassembled PDU]"
"1567","28.160441","ord37s33-in-f10.1e100.net","10.8.0.1","TCP","54","443  >  49134 [ACK] Seq=226 Ack=2281 Win=65535 Len=0"
"1568","28.160450","10.8.0.1","ord37s33-in-f10.1e100.net","TCP","590","49134  >  443 [PSH, ACK] Seq=2281 Ack=226 Win=65535 Len=536 [TCP segment of a reassembled PDU]"
"1569","28.160471","ord37s33-in-f10.1e100.net","10.8.0.1","TCP","54","443  >  49134 [ACK] Seq=226 Ack=2817 Win=65535 Len=0"
"1570","28.160504","ord37s34-in-f10.1e100.net","10.8.0.1","TLSv1.2","284","Application Data, Application Data"
"1571","28.160514","10.8.0.1","ord37s33-in-f10.1e100.net","TCP","590","49134  >  443 [ACK] Seq=2817 Ack=226 Win=65535 Len=536 [TCP segment of a reassembled PDU]"
"1572","28.160528","ord37s33-in-f10.1e100.net","10.8.0.1","TCP","54","443  >  49134 [ACK] Seq=226 Ack=3353 Win=65535 Len=0"
"1573","28.160537","10.8.0.1","ord37s33-in-f10.1e100.net","TCP","590","49134  >  443 [PSH, ACK] Seq=3353 Ack=226 Win=65535 Len=536 [TCP segment of a reassembled PDU]"
"1574","28.160549","ord37s33-in-f10.1e100.net","10.8.0.1","TCP","54","443  >  49134 [ACK] Seq=226 Ack=3889 Win=65535 Len=0"
"1575","28.160556","10.8.0.1","ord37s33-in-f10.1e100.net","TCP","590","49134  >  443 [ACK] Seq=3889 Ack=226 Win=65535 Len=536 [TCP segment of a reassembled PDU]"
"1576","28.160568","ord37s33-in-f10.1e100.net","10.8.0.1","TCP","54","443  >  49134 [ACK] Seq=226 Ack=4425 Win=65535 Len=0"
"1577","28.160575","10.8.0.1","ord37s33-in-f10.1e100.net","TCP","590","49134  >  443 [PSH, ACK] Seq=4425 Ack=226 Win=65535 Len=536 [TCP segment of a reassembled PDU]"
"1578","28.160587","ord37s33-in-f10.1e100.net","10.8.0.1","TCP","54","443  >  49134 [ACK] Seq=226 Ack=4961 Win=65535 Len=0"
"1579","28.160593","10.8.0.1","ord37s33-in-f10.1e100.net","TCP","590","49134  >  443 [ACK] Seq=4961 Ack=226 Win=65535 Len=536 [TCP segment of a reassembled PDU]"
"1580","28.160615","ord37s33-in-f10.1e100.net","10.8.0.1","TCP","54","443  >  49134 [ACK] Seq=226 Ack=5497 Win=65535 Len=0"
"1581","28.160623","10.8.0.1","ord38s32-in-f10.1e100.net","TCP","54","43272  >  443 [ACK] Seq=9731 Ack=295 Win=65535 Len=0"
"1582","28.160642","ord38s32-in-f10.1e100.net","10.8.0.1","TCP","54","443  >  43272 [FIN, ACK] Seq=295 Ack=9731 Win=65535 Len=0"
"1583","28.160706","10.8.0.1","ord37s33-in-f10.1e100.net","TCP","590","49134  >  443 [ACK] Seq=5497 Ack=226 Win=65535 Len=536 [TCP segment of a reassembled PDU]"
"1584","28.160725","ord37s33-in-f10.1e100.net","10.8.0.1","TCP","54","443  >  49134 [ACK] Seq=226 Ack=6033 Win=65535 Len=0"
"1585","28.160732","10.8.0.1","ord37s33-in-f10.1e100.net","TCP","590","49134  >  443 [PSH, ACK] Seq=6033 Ack=226 Win=65535 Len=536 [TCP segment of a reassembled PDU]"
"1586","28.160745","ord37s33-in-f10.1e100.net","10.8.0.1","TCP","54","443  >  49134 [ACK] Seq=226 Ack=6569 Win=65535 Len=0"
"1587","28.160751","10.8.0.1","ord37s34-in-f10.1e100.net","TCP","54","59370  >  443 [ACK] Seq=1528 Ack=5780 Win=65535 Len=0"
"1588","28.160790","10.8.0.1","ord37s33-in-f10.1e100.net","TCP","590","49134  >  443 [ACK] Seq=6569 Ack=226 Win=65535 Len=536 [TCP segment of a reassembled PDU]"
"1589","28.160803","ord37s33-in-f10.1e100.net","10.8.0.1","TCP","54","443  >  49134 [ACK] Seq=226 Ack=7105 Win=65535 Len=0"
"1590","28.160809","10.8.0.1","ord37s33-in-f10.1e100.net","TCP","590","49134  >  443 [PSH, ACK] Seq=7105 Ack=226 Win=65535 Len=536 [TCP segment of a reassembled PDU]"
"1591","28.160821","ord37s33-in-f10.1e100.net","10.8.0.1","TCP","54","443  >  49134 [ACK] Seq=226 Ack=7641 Win=65535 Len=0"
"1592","28.160826","10.8.0.1","ord37s33-in-f10.1e100.net","TCP","590","49134  >  443 [ACK] Seq=7641 Ack=226 Win=65535 Len=536 [TCP segment of a reassembled PDU]"
"1593","28.160843","ord37s33-in-f10.1e100.net","10.8.0.1","TCP","54","443  >  49134 [ACK] Seq=226 Ack=8177 Win=65535 Len=0"
"1594","28.160850","10.8.0.1","ord37s33-in-f10.1e100.net","TCP","590","49134  >  443 [PSH, ACK] Seq=8177 Ack=226 Win=65535 Len=536 [TCP segment of a reassembled PDU]"
"1595","28.160862","ord37s33-in-f10.1e100.net","10.8.0.1","TCP","54","443  >  49134 [ACK] Seq=226 Ack=8713 Win=65535 Len=0"
"1596","28.160867","10.8.0.1","ord37s33-in-f10.1e100.net","TCP","590","49134  >  443 [ACK] Seq=8713 Ack=226 Win=65535 Len=536 [TCP segment of a reassembled PDU]"
"1597","28.160878","ord37s33-in-f10.1e100.net","10.8.0.1","TCP","54","443  >  49134 [ACK] Seq=226 Ack=9249 Win=65535 Len=0"
"1598","28.160885","10.8.0.1","ord37s33-in-f10.1e100.net","TCP","590","49134  >  443 [PSH, ACK] Seq=9249 Ack=226 Win=65535 Len=536 [TCP segment of a reassembled PDU]"
"1599","28.160896","ord37s33-in-f10.1e100.net","10.8.0.1","TCP","54","443  >  49134 [ACK] Seq=226 Ack=9785 Win=65535 Len=0"
"1600","28.160902","10.8.0.1","ord37s33-in-f10.1e100.net","TLSv1.2","590","Application Data [TCP segment of a reassembled PDU]"
"1601","28.160912","ord37s33-in-f10.1e100.net","10.8.0.1","TCP","54","443  >  49134 [ACK] Seq=226 Ack=10321 Win=65535 Len=0"
"1602","28.160918","10.8.0.1","ord37s33-in-f10.1e100.net","TLSv1.2","203","Application Data"
"1603","28.160928","ord37s33-in-f10.1e100.net","10.8.0.1","TCP","54","443  >  49134 [ACK] Seq=226 Ack=10470 Win=65535 Len=0"
"1604","28.160934","10.8.0.1","ord37s34-in-f10.1e100.net","TCP","54","59360  >  443 [ACK] Seq=1528 Ack=6037 Win=65535 Len=0"
"1605","28.211088","10.8.0.1","ord37s34-in-f10.1e100.net","TLSv1.2","100","Application Data"
"1606","28.211209","ord37s34-in-f10.1e100.net","10.8.0.1","TCP","54","443  >  59360 [ACK] Seq=6037 Ack=1574 Win=65535 Len=0"
"1607","28.211283","ord37s34-in-f10.1e100.net","10.8.0.1","TLSv1.2","390","Application Data"
"1608","28.211323","ord37s34-in-f10.1e100.net","10.8.0.1","TLSv1.2","263","Application Data, Application Data"
"1609","28.211357","ord37s33-in-f10.1e100.net","10.8.0.1","TLSv1.2","92","Application Data"
"1610","28.211386","10.8.0.1","ord38s32-in-f10.1e100.net","TLSv1.2","85","Encrypted Alert"
"1611","28.211460","10.8.0.1","ord38s32-in-f10.1e100.net","TCP","54","43272  >  443 [FIN, ACK] Seq=9762 Ack=296 Win=65535 Len=0"
"1612","28.211505","ord38s32-in-f10.1e100.net","10.8.0.1","TCP","54","443  >  43272 [ACK] Seq=296 Ack=9763 Win=65535 Len=0"
"1613","28.211546","ord38s32-in-f10.1e100.net","10.8.0.1","TCP","54","443  >  43272 [FIN, ACK] Seq=296 Ack=9763 Win=65535 Len=0"
"1614","28.211555","10.8.0.1","ord37s34-in-f10.1e100.net","TCP","54","59362  >  443 [ACK] Seq=1528 Ack=5336 Win=65535 Len=0"
"1615","28.211562","10.8.0.1","ord37s34-in-f10.1e100.net","TCP","54","59370  >  443 [ACK] Seq=1528 Ack=5989 Win=65535 Len=0"
"1616","28.211567","10.8.0.1","ord38s32-in-f10.1e100.net","TCP","54","43272  >  443 [RST] Seq=9763 Win=0 Len=0"
"1617","28.261879","10.8.0.1","ord37s33-in-f10.1e100.net","TCP","54","49134  >  443 [ACK] Seq=10470 Ack=264 Win=65535 Len=0"
"1618","28.262060","ord38s32-in-f10.1e100.net","10.8.0.1","TLSv1.2","4654","Server Hello, Certificate, Server Key Exchange, Server Hello Done"
"1619","28.262147","ord37s34-in-f10.1e100.net","10.8.0.1","TLSv1.2","760","Application Data, Application Data, Application Data"
"1620","28.262190","ord38s32-in-f10.1e100.net","10.8.0.1","TLSv1.2","1997","Application Data"
"1621","28.262202","10.8.0.1","ord37s34-in-f10.1e100.net","TLSv1.2","100","Application Data"
"1622","28.262232","ord37s34-in-f10.1e100.net","10.8.0.1","TCP","54","443  >  59370 [ACK] Seq=5989 Ack=1574 Win=65535 Len=0"
"1623","28.262239","10.8.0.1","ord38s32-in-f10.1e100.net","TCP","54","43300  >  443 [ACK] Seq=165 Ack=4601 Win=65535 Len=0"
"1624","28.262283","10.8.0.1","ord37s34-in-f10.1e100.net","TCP","54","59362  >  443 [ACK] Seq=1528 Ack=6042 Win=65535 Len=0"
"1625","28.262290","10.8.0.1","ord38s32-in-f10.1e100.net","TCP","54","43276  >  443 [ACK] Seq=9778 Ack=2207 Win=65535 Len=0"
"1626","28.312399","10.8.0.1","ord37s34-in-f10.1e100.net","TLSv1.2","100","Application Data"
"1627","28.312489","ord37s34-in-f10.1e100.net","10.8.0.1","TCP","54","443  >  59362 [ACK] Seq=6042 Ack=1574 Win=65535 Len=0"
"1628","28.312527","ord38s32-in-f10.1e100.net","10.8.0.1","TLSv1.2","1432","Application Data [TCP segment of a reassembled PDU]"
"1629","28.312579","ord37s34-in-f10.1e100.net","10.8.0.1","TLSv1.3","1472","Application Data"
"1630","28.312586","10.8.0.1","ord38s32-in-f10.1e100.net","TLSv1.2","147","Client Key Exchange, Change Cipher Spec, Encrypted Handshake Message"
"1631","28.312601","ord38s32-in-f10.1e100.net","10.8.0.1","TCP","54","443  >  43300 [ACK] Seq=4601 Ack=258 Win=65535 Len=0"
"1632","28.312654","10.8.0.1","ord38s32-in-f10.1e100.net","TLSv1.2","122","Application Data"
"1633","28.312664","ord38s32-in-f10.1e100.net","10.8.0.1","TCP","54","443  >  43300 [ACK] Seq=4601 Ack=326 Win=65535 Len=0"
"1634","28.312681","10.8.0.1","ord37s34-in-f10.1e100.net","TCP","54","59374  >  443 [ACK] Seq=37282 Ack=6161 Win=65535 Len=0"
"1635","28.362838","10.8.0.1","ord38s32-in-f10.1e100.net","TCP","54","43276  >  443 [ACK] Seq=9778 Ack=3585 Win=65535 Len=0"
"1636","28.362964","ord38s32-in-f10.1e100.net","10.8.0.1","TLSv1.2","450","Application Data, Application Data, Application Data"
"1637","28.363062","ord37s34-in-f10.1e100.net","10.8.0.1","TLSv1.3","623","Application Data, Application Data, Application Data"
"1638","28.363076","10.8.0.1","ord37s34-in-f10.1e100.net","TCP","54","59374  >  443 [ACK] Seq=37282 Ack=6730 Win=65535 Len=0"
"1639","28.413191","10.8.0.1","ord38s32-in-f10.1e100.net","TCP","54","43276  >  443 [ACK] Seq=9778 Ack=3981 Win=65535 Len=0"
"1640","28.413336","ord38s32-in-f10.1e100.net","10.8.0.1","TLSv1.2","346","New Session Ticket, Change Cipher Spec, Encrypted Handshake Message"
"1641","28.413349","10.8.0.1","ord38s32-in-f10.1e100.net","TLSv1.2","100","Application Data"
"1642","28.413379","ord38s32-in-f10.1e100.net","10.8.0.1","TCP","54","443  >  43276 [ACK] Seq=3981 Ack=9824 Win=65535 Len=0"
"1643","28.413388","10.8.0.1","ord37s34-in-f10.1e100.net","TCP","590","59336  >  443 [ACK] Seq=35533 Ack=130684 Win=65535 Len=536 [TCP segment of a reassembled PDU]"
"1644","28.413408","ord37s34-in-f10.1e100.net","10.8.0.1","TCP","54","443  >  59336 [ACK] Seq=130684 Ack=36069 Win=65535 Len=0"
"1645","28.413474","10.8.0.1","ord37s34-in-f10.1e100.net","TCP","590","59336  >  443 [ACK] Seq=36069 Ack=130684 Win=65535 Len=536 [TCP segment of a reassembled PDU]"
"1646","28.413494","ord37s34-in-f10.1e100.net","10.8.0.1","TCP","54","443  >  59336 [ACK] Seq=130684 Ack=36605 Win=65535 Len=0"
"1647","28.413500","10.8.0.1","ord37s34-in-f10.1e100.net","TLSv1.2","148","Application Data"
"1648","28.413512","ord37s34-in-f10.1e100.net","10.8.0.1","TCP","54","443  >  59336 [ACK] Seq=130684 Ack=36699 Win=65535 Len=0"
"1649","28.413519","10.8.0.1","ord38s32-in-f10.1e100.net","TCP","54","43300  >  443 [ACK] Seq=326 Ack=4893 Win=65535 Len=0"
"1650","28.463810","ord37s33-in-f10.1e100.net","10.8.0.1","TLSv1.2","277","Application Data"
"1651","28.463880","ord38s32-in-f10.1e100.net","10.8.0.1","TLSv1.2","161","Application Data, Application Data"
"1652","28.463893","10.8.0.1","ord37s33-in-f10.1e100.net","TCP","54","49134  >  443 [ACK] Seq=10470 Ack=487 Win=65535 Len=0"
"1653","28.463902","10.8.0.1","ord38s32-in-f10.1e100.net","TCP","54","43300  >  443 [ACK] Seq=326 Ack=5000 Win=65535 Len=0"
"1654","28.514279","ord37s33-in-f10.1e100.net","10.8.0.1","TLSv1.2","430","Application Data, Application Data"
"1655","28.514338","10.8.0.1","ord38s32-in-f10.1e100.net","TCP","590","43300  >  443 [ACK] Seq=326 Ack=5000 Win=65535 Len=536 [TCP segment of a reassembled PDU]"
"1656","28.514385","ord38s32-in-f10.1e100.net","10.8.0.1","TCP","54","443  >  43300 [ACK] Seq=5000 Ack=862 Win=65535 Len=0"
"1657","28.514395","10.8.0.1","ord38s32-in-f10.1e100.net","TLSv1.2","226","Application Data"
"1658","28.514414","ord38s32-in-f10.1e100.net","10.8.0.1","TCP","54","443  >  43300 [ACK] Seq=5000 Ack=1034 Win=65535 Len=0"
"1659","28.514420","10.8.0.1","ord38s32-in-f10.1e100.net","TLSv1.2","159","Application Data"
"1660","28.514433","ord38s32-in-f10.1e100.net","10.8.0.1","TCP","54","443  >  43300 [ACK] Seq=5000 Ack=1139 Win=65535 Len=0"
"1661","28.514515","10.8.0.1","ord37s33-in-f10.1e100.net","TCP","54","49134  >  443 [ACK] Seq=10470 Ack=863 Win=65535 Len=0"
"1662","28.564844","ord37s34-in-f10.1e100.net","10.8.0.1","TLSv1.2","51429","Application Data, Application Data, Application Data, Application Data, Application Data, Application Data, Application Data, Application Data, Application Data, Application Data, Application Data, Application Data, Application Data, Application Data, Application Data, Application Data, Application Data, Application Data, Application Data, Application Data, Application Data, Application Data, Application Data, Application Data, Application Data, Application Data, Application Data, Application Data, Application Data, Application Data, Application Data, Application Data, Application Data, Application Data, Application Data, Application Data, Application Data"
"1663","28.564939","10.8.0.1","ord37s33-in-f10.1e100.net","TLSv1.2","100","Application Data"
"1664","28.564975","ord37s33-in-f10.1e100.net","10.8.0.1","TCP","54","443  >  49134 [ACK] Seq=863 Ack=10516 Win=65535 Len=0"
"1665","28.564988","10.8.0.1","ord37s33-in-f10.1e100.net","TLSv1.2","100","Application Data"
"1666","28.565003","ord37s33-in-f10.1e100.net","10.8.0.1","TCP","54","443  >  49134 [ACK] Seq=863 Ack=10562 Win=65535 Len=0"
"1667","28.565066","10.8.0.1","ord37s33-in-f10.1e100.net","TLSv1.2","85","Encrypted Alert"
"1668","28.565084","ord37s33-in-f10.1e100.net","10.8.0.1","TCP","54","443  >  49134 [ACK] Seq=863 Ack=10593 Win=65535 Len=0"
"1669","28.565091","10.8.0.1","ord37s34-in-f10.1e100.net","TCP","54","59336  >  443 [ACK] Seq=36699 Ack=182059 Win=65535 Len=0"
"1670","28.615346","ord37s34-in-f10.1e100.net","10.8.0.1","TLSv1.2","1196","Application Data, Application Data, Application Data"
"1671","28.615380","10.8.0.1","ord37s34-in-f10.1e100.net","TCP","54","59336  >  443 [ACK] Seq=36699 Ack=183201 Win=65535 Len=0"
"1672","28.665733","ord38s32-in-f10.1e100.net","10.8.0.1","TLSv1.2","619","Application Data"
"1673","28.665765","10.8.0.1","ord38s32-in-f10.1e100.net","TCP","54","43300  >  443 [ACK] Seq=1139 Ack=5565 Win=65535 Len=0"
"1674","28.715974","ord38s32-in-f10.1e100.net","10.8.0.1","TLSv1.2","230","Application Data, Application Data"
"1675","28.715995","10.8.0.1","ord38s32-in-f10.1e100.net","TLSv1.2","100","Application Data"
"1676","28.716030","ord38s32-in-f10.1e100.net","10.8.0.1","TCP","54","443  >  43276 [ACK] Seq=3981 Ack=9870 Win=65535 Len=0"
"1677","28.716039","10.8.0.1","ord38s32-in-f10.1e100.net","TLSv1.2","85","Encrypted Alert"
"1678","28.716053","ord38s32-in-f10.1e100.net","10.8.0.1","TCP","54","443  >  43276 [ACK] Seq=3981 Ack=9901 Win=65535 Len=0"
"1679","28.716112","10.8.0.1","ord38s32-in-f10.1e100.net","TCP","54","43276  >  443 [FIN, ACK] Seq=9901 Ack=3981 Win=65535 Len=0"
"1680","28.716149","ord38s32-in-f10.1e100.net","10.8.0.1","TCP","54","443  >  43276 [ACK] Seq=3981 Ack=9902 Win=65535 Len=0"
"1681","28.716187","ord38s32-in-f10.1e100.net","10.8.0.1","TCP","54","443  >  43276 [FIN, ACK] Seq=3981 Ack=9902 Win=65535 Len=0"
"1682","28.716276","10.8.0.1","ord38s32-in-f10.1e100.net","TCP","54","43300  >  443 [ACK] Seq=1139 Ack=5741 Win=65535 Len=0"
"1683","28.716284","10.8.0.1","ord38s32-in-f10.1e100.net","TCP","54","43276  >  443 [ACK] Seq=9902 Ack=3982 Win=65535 Len=0"
"1684","28.766450","10.8.0.1","ord38s32-in-f10.1e100.net","TLSv1.2","100","Application Data"
"1685","28.766560","ord38s32-in-f10.1e100.net","10.8.0.1","TCP","54","443  >  43300 [ACK] Seq=5741 Ack=1185 Win=65535 Len=0"
"1686","28.766572","10.8.0.1","ord38s28-in-f10.1e100.net","QUIC","1292","Initial, DCID=e8b5581b47ac6862, PKN: 1, PING, CRYPTO, PING, PING, PADDING, PING, PADDING, CRYPTO, CRYPTO, CRYPTO, PING, CRYPTO, PING, PADDING, CRYPTO, PADDING, CRYPTO, CRYPTO, PING, PADDING, PING"
"1687","28.849779","ord38s28-in-f10.1e100.net","10.8.0.1","QUIC","1292","Initial, SCID=e8b5581b47ac6862, PKN: 1, ACK, CRYPTO, PADDING"
"1688","28.849946","10.8.0.1","ord38s32-in-f10.1e100.net","TLSv1.2","100","Application Data"
"1689","28.849990","ord38s32-in-f10.1e100.net","10.8.0.1","TCP","54","443  >  43300 [ACK] Seq=5741 Ack=1231 Win=65535 Len=0"
"1690","28.850034","ord37s33-in-f10.1e100.net","10.8.0.1","TCP","54","443  >  49134 [FIN, ACK] Seq=863 Ack=10593 Win=65535 Len=0"
"1691","28.850156","10.8.0.1","ord38s32-in-f10.1e100.net","TLSv1.2","85","Encrypted Alert"
"1692","28.850181","ord38s32-in-f10.1e100.net","10.8.0.1","TCP","54","443  >  43300 [ACK] Seq=5741 Ack=1262 Win=65535 Len=0"
"1693","28.850199","10.8.0.1","lga15s46-in-f22.1e100.net","TCP","74","33402  >  443 [SYN] Seq=0 Win=65535 Len=0 MSS=1460 SACK_PERM=1 TSval=2717613903 TSecr=0 WS=1024"
"1694","28.851866","lga15s46-in-f22.1e100.net","10.8.0.1","TCP","54","443  >  33402 [SYN, ACK] Seq=0 Ack=1 Win=65535 Len=0"
"1695","28.851905","10.8.0.1","ord38s28-in-f10.1e100.net","TCP","74","46678  >  443 [SYN] Seq=0 Win=65535 Len=0 MSS=1460 SACK_PERM=1 TSval=2641932598 TSecr=0 WS=1024"
"1696","28.852858","ord38s28-in-f10.1e100.net","10.8.0.1","TCP","54","443  >  46678 [SYN, ACK] Seq=0 Ack=1 Win=65535 Len=0"
"1697","28.852888","10.8.0.1","ord38s18-in-f2.1e100.net","QUIC","1292","Initial, DCID=0737c010e58a0148, PKN: 1, PING, PADDING, PING, CRYPTO, PADDING, CRYPTO, PING, PING, PING"
"1698","28.931584","ord38s18-in-f2.1e100.net","10.8.0.1","QUIC","1292","Initial, SCID=0737c010e58a0148, PKN: 1, ACK, CRYPTO, PADDING"
"1699","28.931632","10.8.0.1","ord38s18-in-f2.1e100.net","TCP","74","60450  >  443 [SYN] Seq=0 Win=65535 Len=0 MSS=1460 SACK_PERM=1 TSval=1357613088 TSecr=0 WS=1024"
"1700","28.932842","ord38s18-in-f2.1e100.net","10.8.0.1","TCP","54","443  >  60450 [SYN, ACK] Seq=0 Ack=1 Win=65535 Len=0"
"1701","28.932881","10.8.0.1","ord37s33-in-f10.1e100.net","TCP","54","49134  >  443 [FIN, ACK] Seq=10593 Ack=863 Win=65535 Len=0"
"1702","28.932914","ord37s33-in-f10.1e100.net","10.8.0.1","TCP","54","[TCP Keep-Alive] 443  >  49134 [ACK] Seq=863 Ack=10594 Win=65535 Len=0"
"1703","28.932944","ord37s33-in-f10.1e100.net","10.8.0.1","TCP","54","[TCP Retransmission] 443  >  49134 [FIN, ACK] Seq=863 Ack=10594 Win=65535 Len=0"
"1704","28.932953","10.8.0.1","ord37s33-in-f10.1e100.net","TCP","54","49134  >  443 [ACK] Seq=10594 Ack=864 Win=65535 Len=0"
"1705","28.932959","10.8.0.1","lga15s46-in-f22.1e100.net","TCP","54","33402  >  443 [ACK] Seq=1 Ack=1 Win=65535 Len=0"
"1706","28.932968","10.8.0.1","ord38s28-in-f10.1e100.net","QUIC","1292","Initial, DCID=e8b5581b47ac6862, PKN: 2, ACK, PADDING"
"1707","29.954201","10.8.0.1","ord38s28-in-f10.1e100.net","TCP","54","46678  >  443 [ACK] Seq=1 Ack=1 Win=65535 Len=0"
"1708","29.954367","ord38s32-in-f10.1e100.net","10.8.0.1","TCP","54","443  >  43300 [FIN, ACK] Seq=5741 Ack=1262 Win=65535 Len=0"
"1709","29.954548","ord38s32-in-f10.1e100.net","10.8.0.1","TCP","54","[TCP Out-Of-Order] 443  >  43300 [FIN, ACK] Seq=5741 Ack=1262 Win=65535 Len=0"
"1710","29.954572","10.8.0.1","lga15s46-in-f22.1e100.net","TLSv1.3","571","Client Hello"
"1711","29.954616","lga15s46-in-f22.1e100.net","10.8.0.1","TCP","54","443  >  33402 [ACK] Seq=1 Ack=518 Win=65535 Len=0"
"1712","29.954627","10.8.0.1","ord38s28-in-f10.1e100.net","TLSv1.3","571","Client Hello"
"1713","29.954671","ord38s28-in-f10.1e100.net","10.8.0.1","TCP","54","443  >  46678 [ACK] Seq=1 Ack=518 Win=65535 Len=0"
"1714","29.954763","10.8.0.1","ord37s34-in-f10.1e100.net","TCP","74","59396  >  443 [SYN] Seq=0 Win=65535 Len=0 MSS=1460 SACK_PERM=1 TSval=2022296485 TSecr=0 WS=1024"
"1715","29.956868","ord37s34-in-f10.1e100.net","10.8.0.1","TCP","54","443  >  59396 [SYN, ACK] Seq=0 Ack=1 Win=65535 Len=0"
"1716","29.956943","10.8.0.1","ord38s18-in-f2.1e100.net","TCP","54","60450  >  443 [ACK] Seq=1 Ack=1 Win=65535 Len=0"
"1717","29.956958","10.8.0.1","ord37s33-in-f10.1e100.net","TCP","54","[TCP Dup ACK 1704#1] 49134  >  443 [ACK] Seq=10594 Ack=864 Win=65535 Len=0"
"1718","29.956967","10.8.0.1","ord38s18-in-f2.1e100.net","TLSv1.3","571","Client Hello"
"1719","29.957000","ord38s18-in-f2.1e100.net","10.8.0.1","TCP","54","443  >  60450 [ACK] Seq=1 Ack=518 Win=65535 Len=0"
"1720","29.957012","10.8.0.1","ord38s18-in-f2.1e100.net","QUIC","1292","Initial, DCID=0737c010e58a0148, PKN: 2, ACK, PADDING"
"1721","30.974431","10.8.0.1","ord37s33-in-f10.1e100.net","TCP","74","49156  >  443 [SYN] Seq=0 Win=65535 Len=0 MSS=1460 SACK_PERM=1 TSval=3778529169 TSecr=0 WS=1024"
"1722","30.976437","ord37s33-in-f10.1e100.net","10.8.0.1","TCP","54","443  >  49156 [SYN, ACK] Seq=0 Ack=1 Win=65535 Len=0"
"1723","30.976532","lga15s46-in-f22.1e100.net","10.8.0.1","TLSv1.3","4804","Server Hello, Change Cipher Spec, Application Data"
"1724","30.976625","ord38s28-in-f10.1e100.net","10.8.0.1","TLSv1.3","4736","Server Hello, Change Cipher Spec, Application Data"
"1725","30.976705","10.8.0.1","ord38s28-in-f10.1e100.net","QUIC","83","Handshake, DCID=e8b5581b47ac6862"
"1726","31.059663","ord38s28-in-f10.1e100.net","10.8.0.1","QUIC","136","Initial, SCID=e8b5581b47ac6862, PKN: 7, CC"
"1727","31.059736","10.8.0.1","ord38s18-in-f2.1e100.net","QUIC","83","Handshake, DCID=0737c010e58a0148"
"1728","31.121724","ord38s18-in-f2.1e100.net","10.8.0.1","QUIC","136","Initial, SCID=0737c010e58a0148, PKN: 12, CC"
"1729","31.121848","10.8.0.1","ord38s28-in-f10.1e100.net","TLSv1.3","571","[TCP Spurious Retransmission] , Client Hello"
"1730","31.121963","ord38s28-in-f10.1e100.net","10.8.0.1","TCP","54","443  >  46678 [ACK] Seq=1 Ack=518 Win=65535 Len=0"
"1731","31.122070","ord38s18-in-f2.1e100.net","10.8.0.1","TLSv1.3","4228","Server Hello, Change Cipher Spec"
"1732","31.122153","10.8.0.1","lga15s46-in-f22.1e100.net","TLSv1.3","571","[TCP Spurious Retransmission] , Client Hello"
"1733","31.122213","lga15s46-in-f22.1e100.net","10.8.0.1","TCP","54","443  >  33402 [ACK] Seq=1 Ack=518 Win=65535 Len=0"
"1734","31.122335","10.8.0.1","ord38s18-in-f2.1e100.net","TLSv1.3","571","[TCP Spurious Retransmission] , Client Hello"
"1735","31.122399","ord38s18-in-f2.1e100.net","10.8.0.1","TCP","54","443  >  60450 [ACK] Seq=1 Ack=518 Win=65535 Len=0"
"1736","31.122485","10.8.0.1","ord38s28-in-f10.1e100.net","QUIC","83","Handshake, DCID=e8b5581b47ac6862"
"1737","31.258384","ord38s28-in-f10.1e100.net","10.8.0.1","QUIC","136","Initial, SCID=e8b5581b47ac6862, PKN: 7, CC"
"1738","31.258555","10.8.0.1","ord38s18-in-f2.1e100.net","QUIC","83","Handshake, DCID=0737c010e58a0148"
"1739","31.346748","ord38s18-in-f2.1e100.net","10.8.0.1","QUIC","136","Initial, SCID=0737c010e58a0148, PKN: 12, CC"
"1740","31.346892","ord38s18-in-f2.1e100.net","10.8.0.1","TCP","211","[TCP Out-Of-Order] 443  >  60450 [PSH, ACK] Seq=1 Ack=518 Win=65535 Len=157"
"1741","31.346971","ord38s28-in-f10.1e100.net","10.8.0.1","TCP","54","[TCP Out-Of-Order] 443  >  46678 [FIN, ACK] Seq=1 Ack=518 Win=65535 Len=0"
"1742","31.347072","ord38s28-in-f10.1e100.net","10.8.0.1","TCP","54","[TCP Out-Of-Order] 443  >  46678 [FIN, ACK] Seq=1 Ack=518 Win=65535 Len=0"
"1743","31.347139","lga15s46-in-f22.1e100.net","10.8.0.1","TCP","78","[TCP Retransmission] 443  >  33402 [PSH, ACK] Seq=1 Ack=518 Win=65535 Len=24"
"1744","31.347170","10.8.0.1","64.4.54.254","TCP","74","48556  >  443 [SYN] Seq=0 Win=65535 Len=0 MSS=1460 SACK_PERM=1 TSval=2156468809 TSecr=0 WS=1024"
"1745","31.349566","64.4.54.254","10.8.0.1","TCP","54","443  >  48556 [SYN, ACK] Seq=0 Ack=1 Win=65535 Len=0"
"1746","31.349614","10.8.0.1","64.4.54.254","TCP","74","48558  >  443 [SYN] Seq=0 Win=65535 Len=0 MSS=1460 SACK_PERM=1 TSval=2156468810 TSecr=0 WS=1024"
"1747","31.351882","64.4.54.254","10.8.0.1","TCP","54","443  >  48558 [SYN, ACK] Seq=0 Ack=1 Win=65535 Len=0"
"1748","31.351931","10.8.0.1","52.185.211.133","TCP","74","56720  >  443 [SYN] Seq=0 Win=65535 Len=0 MSS=1460 SACK_PERM=1 TSval=1089676413 TSecr=0 WS=1024"
"1749","31.353764","52.185.211.133","10.8.0.1","TCP","54","443  >  56720 [SYN, ACK] Seq=0 Ack=1 Win=65535 Len=0"
"1750","31.353829","10.8.0.1","ord38s28-in-f10.1e100.net","QUIC","83","Handshake, DCID=e8b5581b47ac6862"
"1751","32.382134","10.8.0.1","ord37s34-in-f10.1e100.net","TCP","74","[TCP Retransmission] 59396  >  443 [SYN] Seq=0 Win=65535 Len=0 MSS=1460 SACK_PERM=1 TSval=2022297490 TSecr=0 WS=1024"
"1752","32.383876","ord37s34-in-f10.1e100.net","10.8.0.1","TCP","54","[TCP Retransmission] 443  >  59396 [SYN, ACK] Seq=0 Ack=1 Win=65535 Len=0"
"1753","32.383924","ord38s18-in-f2.1e100.net","10.8.0.1","TCP","54","[TCP Retransmission] 443  >  60450 [FIN, ACK] Seq=158 Ack=518 Win=65535 Len=0"
"1754","32.383972","lga15s46-in-f22.1e100.net","10.8.0.1","TCP","54","[TCP Retransmission] 443  >  33402 [FIN, ACK] Seq=25 Ack=518 Win=65535 Len=0"
"1755","32.384011","10.8.0.1","lga15s46-in-f22.1e100.net","TLSv1.3","571","[TCP Spurious Retransmission] , Client Hello"
"1756","32.384019","10.8.0.1","ord38s28-in-f10.1e100.net","TLSv1.3","571","[TCP Spurious Retransmission] , Client Hello"
"1757","32.384025","10.8.0.1","ord38s32-in-f10.1e100.net","TCP","54","43300  >  443 [ACK] Seq=1262 Ack=5742 Win=65535 Len=0"
"1758","32.384031","10.8.0.1","ord37s34-in-f10.1e100.net","TCP","54","59396  >  443 [ACK] Seq=1 Ack=1 Win=67107840 Len=0"
"1759","32.384038","10.8.0.1","ord37s34-in-f10.1e100.net","TLSv1.3","571","Client Hello"
"1760","32.384060","ord37s34-in-f10.1e100.net","10.8.0.1","TCP","54","443  >  59396 [ACK] Seq=1 Ack=518 Win=65535 Len=0"
"1761","32.384067","10.8.0.1","ord38s18-in-f2.1e100.net","QUIC","83","Handshake, DCID=0737c010e58a0148"
"1762","33.406186","10.8.0.1","ord37s33-in-f10.1e100.net","TCP","74","[TCP Retransmission] 49156  >  443 [SYN] Seq=0 Win=65535 Len=0 MSS=1460 SACK_PERM=1 TSval=3778530179 TSecr=0 WS=1024"
"1763","33.408221","ord37s33-in-f10.1e100.net","10.8.0.1","TCP","54","[TCP Retransmission] 443  >  49156 [SYN, ACK] Seq=0 Ack=1 Win=65535 Len=0"
"1764","33.408290","10.8.0.1","ord37s34-in-f10.1e100.net","TLSv1.3","571","[TCP Spurious Retransmission] , Client Hello"
"1765","33.408320","ord37s34-in-f10.1e100.net","10.8.0.1","TCP","54","[TCP Dup ACK 1760#1] 443  >  59396 [ACK] Seq=1 Ack=518 Win=65535 Len=0"
"1766","33.408346","10.8.0.1","64.4.54.254","TCP","74","[TCP Retransmission] 48558  >  443 [SYN] Seq=0 Win=65535 Len=0 MSS=1460 SACK_PERM=1 TSval=2156469828 TSecr=0 WS=1024"
"1767","33.409478","64.4.54.254","10.8.0.1","TCP","54","[TCP Retransmission] 443  >  48558 [SYN, ACK] Seq=0 Ack=1 Win=65535 Len=0"
"1768","33.409502","10.8.0.1","64.4.54.254","TCP","74","[TCP Retransmission] 48556  >  443 [SYN] Seq=0 Win=65535 Len=0 MSS=1460 SACK_PERM=1 TSval=2156469828 TSecr=0 WS=1024"
"1769","33.410744","64.4.54.254","10.8.0.1","TCP","54","[TCP Retransmission] 443  >  48556 [SYN, ACK] Seq=0 Ack=1 Win=65535 Len=0"
"1770","33.410770","10.8.0.1","52.185.211.133","TCP","74","[TCP Retransmission] 56720  >  443 [SYN] Seq=0 Win=65535 Len=0 MSS=1460 SACK_PERM=1 TSval=1089677431 TSecr=0 WS=1024"
"1771","33.411943","52.185.211.133","10.8.0.1","TCP","54","[TCP Retransmission] 443  >  56720 [SYN, ACK] Seq=0 Ack=1 Win=65535 Len=0"
"1772","33.411967","10.8.0.1","ord37s34-in-f10.1e100.net","TLSv1.3","571","[TCP Spurious Retransmission] , Client Hello"
"1773","33.412022","ord37s34-in-f10.1e100.net","10.8.0.1","TCP","54","[TCP Dup ACK 1760#2] 443  >  59396 [ACK] Seq=1 Ack=518 Win=65535 Len=0"
"1774","33.412033","10.8.0.1","server-52-84-121-34.ord53.r.cloudfront.net","TCP","74","51450  >  443 [SYN] Seq=0 Win=65535 Len=0 MSS=1460 SACK_PERM=1 TSval=59822388 TSecr=0 WS=1024"
"1775","33.413104","server-52-84-121-34.ord53.r.cloudfront.net","10.8.0.1","TCP","54","443  >  51450 [SYN, ACK] Seq=0 Ack=1 Win=65535 Len=0"
"1776","33.413143","10.8.0.1","ec2-35-163-36-111.us-west-2.compute.amazonaws.com","TCP","74","53396  >  443 [SYN] Seq=0 Win=65535 Len=0 MSS=1460 SACK_PERM=1 TSval=2945193478 TSecr=0 WS=1024"
"1777","33.414270","ec2-35-163-36-111.us-west-2.compute.amazonaws.com","10.8.0.1","TCP","54","443  >  53396 [SYN, ACK] Seq=0 Ack=1 Win=65535 Len=0"
"1778","33.414291","10.8.0.1","ord38s28-in-f10.1e100.net","QUIC","83","Handshake, DCID=e8b5581b47ac6862"
"1779","33.510263","ord38s28-in-f10.1e100.net","10.8.0.1","QUIC","136","Initial, SCID=e8b5581b47ac6862, PKN: 7, CC"
"1780","33.510328","10.8.0.1","ord37s33-in-f10.1e100.net","TCP","54","49156  >  443 [ACK] Seq=1 Ack=1 Win=67107840 Len=0"
"1781","33.510370","10.8.0.1","lga15s46-in-f22.1e100.net","TCP","54","33402  >  443 [ACK] Seq=518 Ack=4751 Win=65535 Len=0"
"1782","33.510382","10.8.0.1","ord38s28-in-f10.1e100.net","TCP","54","46678  >  443 [ACK] Seq=518 Ack=4683 Win=65535 Len=0"
"1783","33.510393","10.8.0.1","ord37s33-in-f10.1e100.net","TLSv1","571","Client Hello"
"1784","33.510443","ord37s33-in-f10.1e100.net","10.8.0.1","TCP","54","443  >  49156 [ACK] Seq=1 Ack=518 Win=65535 Len=0"
"1785","33.510458","10.8.0.1","ord38s18-in-f2.1e100.net","QUIC","83","Handshake, DCID=0737c010e58a0148"
"1786","33.582676","ord38s18-in-f2.1e100.net","10.8.0.1","QUIC","136","Initial, SCID=0737c010e58a0148, PKN: 12, CC"
"1787","33.582863","10.8.0.1","ord38s28-in-f10.1e100.net","TCP","54","[TCP Dup ACK 1782#1] 46678  >  443 [ACK] Seq=518 Ack=4683 Win=65535 Len=0"
"1788","33.583028","ord37s34-in-f10.1e100.net","10.8.0.1","TLSv1.3","4726","Server Hello, Change Cipher Spec, Application Data"
"1789","33.583083","10.8.0.1","ord38s18-in-f2.1e100.net","TCP","54","60450  >  443 [ACK] Seq=518 Ack=4175 Win=65535 Len=0"
"1790","33.583096","10.8.0.1","lga15s46-in-f22.1e100.net","TCP","54","[TCP Dup ACK 1781#1] 33402  >  443 [ACK] Seq=518 Ack=4751 Win=65535 Len=0"
"1791","33.583108","10.8.0.1","ord38s18-in-f2.1e100.net","TCP","54","[TCP Dup ACK 1789#1] 60450  >  443 [ACK] Seq=518 Ack=4175 Win=65535 Len=0"
"1792","33.583121","10.8.0.1","ord38s28-in-f10.1e100.net","TLSv1.3","118","Change Cipher Spec, Application Data"
"1793","33.583133","10.8.0.1","lga15s46-in-f22.1e100.net","TLSv1.3","118","Change Cipher Spec, Application Data"
"1794","33.583146","10.8.0.1","server-52-84-121-34.ord53.r.cloudfront.net","TCP","74","51456  >  443 [SYN] Seq=0 Win=65535 Len=0 MSS=1460 SACK_PERM=1 TSval=59822639 TSecr=0 WS=1024"
"1795","33.588336","server-52-84-121-34.ord53.r.cloudfront.net","10.8.0.1","TCP","54","443  >  51456 [SYN, ACK] Seq=0 Ack=1 Win=65535 Len=0"
"1796","33.588395","10.8.0.1","ec2-35-163-36-111.us-west-2.compute.amazonaws.com","TCP","74","53402  >  443 [SYN] Seq=0 Win=65535 Len=0 MSS=1460 SACK_PERM=1 TSval=2945193728 TSecr=0 WS=1024"
"1797","33.591925","ec2-35-163-36-111.us-west-2.compute.amazonaws.com","10.8.0.1","TCP","54","443  >  53402 [SYN, ACK] Seq=0 Ack=1 Win=65535 Len=0"
"1798","33.591981","10.8.0.1","ord38s28-in-f10.1e100.net","TLSv1.3","146","Application Data"
"1799","33.591994","10.8.0.1","lga15s46-in-f22.1e100.net","TLSv1.3","146","Application Data"
"1800","33.592033","10.8.0.1","ord37s33-in-f10.1e100.net","TLSv1","571","[TCP Spurious Retransmission] , Client Hello"
"1801","33.592081","ord37s33-in-f10.1e100.net","10.8.0.1","TCP","54","[TCP Dup ACK 1784#1] 443  >  49156 [ACK] Seq=1 Ack=518 Win=65535 Len=0"
"1802","33.592095","10.8.0.1","ord38s18-in-f2.1e100.net","TCP","54","[TCP Dup ACK 1789#2] 60450  >  443 [ACK] Seq=518 Ack=4175 Win=65535 Len=0"
"1803","33.592132","10.8.0.1","ord38s28-in-f10.1e100.net","TCP","54","[TCP Dup ACK 1782#2] 46678  >  443 [ACK] Seq=674 Ack=4683 Win=65535 Len=0"
"1804","33.592144","10.8.0.1","ord38s28-in-f10.1e100.net","TCP","54","[TCP Dup ACK 1782#3] 46678  >  443 [ACK] Seq=674 Ack=4683 Win=65535 Len=0"
"1805","33.592154","10.8.0.1","lga15s46-in-f22.1e100.net","TCP","54","[TCP Dup ACK 1781#2] 33402  >  443 [ACK] Seq=674 Ack=4751 Win=65535 Len=0"
"1806","33.592164","10.8.0.1","64.4.54.254","TCP","54","48556  >  443 [ACK] Seq=1 Ack=1 Win=67107840 Len=0"
"1807","33.592177","10.8.0.1","64.4.54.254","TCP","54","48558  >  443 [ACK] Seq=1 Ack=1 Win=67107840 Len=0"
"1808","33.592192","10.8.0.1","52.185.211.133","TCP","54","56720  >  443 [ACK] Seq=1 Ack=1 Win=67107840 Len=0"
"1809","33.592206","10.8.0.1","52.185.211.133","TLSv1.2","571","Client Hello"
"1810","33.592243","52.185.211.133","10.8.0.1","TCP","54","443  >  56720 [ACK] Seq=1 Ack=518 Win=65535 Len=0"
"1811","33.592255","10.8.0.1","64.4.54.254","TLSv1.2","571","Client Hello"
"1812","33.592284","64.4.54.254","10.8.0.1","TCP","54","443  >  48558 [ACK] Seq=1 Ack=518 Win=65535 Len=0"
"1813","33.592666","10.8.0.1","64.4.54.254","TLSv1.2","571","Client Hello"
"1814","33.592748","64.4.54.254","10.8.0.1","TCP","54","443  >  48556 [ACK] Seq=1 Ack=518 Win=65535 Len=0"
"1815","33.592825","10.8.0.1","ord37s34-in-f10.1e100.net","TLSv1.3","571","[TCP Spurious Retransmission] , Client Hello"
"1816","33.592885","ord37s34-in-f10.1e100.net","10.8.0.1","TCP","54","443  >  59396 [ACK] Seq=1 Ack=518 Win=65535 Len=0"
"1817","33.592933","10.8.0.1","ord37s33-in-f10.1e100.net","TLSv1","571","[TCP Spurious Retransmission] , Client Hello"
"1818","33.592984","ord37s33-in-f10.1e100.net","10.8.0.1","TCP","54","[TCP Dup ACK 1784#2] 443  >  49156 [ACK] Seq=1 Ack=518 Win=65535 Len=0"
"1819","33.593015","10.8.0.1","ec2-35-163-36-111.us-west-2.compute.amazonaws.com","TCP","74","[TCP Retransmission] 53396  >  443 [SYN] Seq=0 Win=65535 Len=0 MSS=1460 SACK_PERM=1 TSval=2945194480 TSecr=0 WS=1024"
"1820","33.594854","ec2-35-163-36-111.us-west-2.compute.amazonaws.com","10.8.0.1","TCP","54","[TCP Retransmission] 443  >  53396 [SYN, ACK] Seq=0 Ack=1 Win=65535 Len=0"
"1821","33.594903","10.8.0.1","server-52-84-121-34.ord53.r.cloudfront.net","TCP","74","[TCP Retransmission] 51450  >  443 [SYN] Seq=0 Win=65535 Len=0 MSS=1460 SACK_PERM=1 TSval=59823393 TSecr=0 WS=1024"
"1822","33.597853","server-52-84-121-34.ord53.r.cloudfront.net","10.8.0.1","TCP","54","[TCP Retransmission] 443  >  51450 [SYN, ACK] Seq=0 Ack=1 Win=65535 Len=0"
"1823","33.597886","10.8.0.1","lga15s46-in-f35.1e100.net","TLSv1.3","78","Application Data"
"1824","33.597935","ord37s34-in-f10.1e100.net","10.8.0.1","TCP","78","[TCP Retransmission] 443  >  59396 [PSH, ACK] Seq=1 Ack=518 Win=65535 Len=24"
"1825","33.599014","10.8.0.1","ec2-35-163-36-111.us-west-2.compute.amazonaws.com","TCP","74","[TCP Retransmission] 53402  >  443 [SYN] Seq=0 Win=65535 Len=0 MSS=1460 SACK_PERM=1 TSval=2945194736 TSecr=0 WS=1024"
"1826","33.600085","ec2-35-163-36-111.us-west-2.compute.amazonaws.com","10.8.0.1","TCP","54","[TCP Retransmission] 443  >  53402 [SYN, ACK] Seq=0 Ack=1 Win=65535 Len=0"
"1827","33.600111","10.8.0.1","server-52-84-121-34.ord53.r.cloudfront.net","TCP","74","[TCP Retransmission] 51456  >  443 [SYN] Seq=0 Win=65535 Len=0 MSS=1460 SACK_PERM=1 TSval=59823649 TSecr=0 WS=1024"
"1828","33.601115","server-52-84-121-34.ord53.r.cloudfront.net","10.8.0.1","TCP","54","[TCP Retransmission] 443  >  51456 [SYN, ACK] Seq=0 Ack=1 Win=65535 Len=0"
"1829","33.601139","10.8.0.1","lga15s46-in-f35.1e100.net","TCP","54","44368  >  443 [FIN, ACK] Seq=856 Ack=68825 Win=65535 Len=0"
"1830","33.601274","lga15s46-in-f35.1e100.net","10.8.0.1","TCP","54","443  >  44368 [ACK] Seq=68825 Ack=857 Win=65535 Len=0"
"1831","33.601364","lga15s46-in-f35.1e100.net","10.8.0.1","TCP","54","[TCP Retransmission] 443  >  44368 [FIN, ACK] Seq=68825 Ack=857 Win=65535 Len=0"
"1832","33.601384","10.8.0.1","lga15s46-in-f35.1e100.net","TCP","78","[TCP Out-Of-Order] 44368  >  443 [PSH, ACK] Seq=832 Ack=68825 Win=65535 Len=24"
"1833","33.601392","10.8.0.1","ord37s34-in-f10.1e100.net","TCP","54","[TCP Dup ACK 1758#1] 59396  >  443 [ACK] Seq=518 Ack=1 Win=67107840 Len=0"
"1834","33.601428","ord37s34-in-f10.1e100.net","10.8.0.1","TCP","54","[TCP Retransmission] 443  >  59396 [FIN, ACK] Seq=1 Ack=518 Win=65535 Len=0"
"1835","33.601475","10.8.0.1","ord38s18-in-f2.1e100.net","TCP","54","[TCP Dup ACK 1789#3] 60450  >  443 [ACK] Seq=518 Ack=4175 Win=65535 Len=0"
"1836","33.601483","10.8.0.1","lga15s46-in-f22.1e100.net","TCP","54","[TCP Dup ACK 1781#3] 33402  >  443 [ACK] Seq=674 Ack=4751 Win=65535 Len=0"
"1837","33.601489","10.8.0.1","40.70.161.102","TCP","74","40176  >  443 [SYN] Seq=0 Win=65535 Len=0 MSS=1460 SACK_PERM=1 TSval=1564225340 TSecr=0 WS=1024"
"1838","33.602307","40.70.161.102","10.8.0.1","TCP","54","443  >  40176 [SYN, ACK] Seq=0 Ack=1 Win=65535 Len=0"
"1839","33.602327","10.8.0.1","lga15s46-in-f22.1e100.net","TCP","118","[TCP Out-Of-Order] 33402  >  443 [PSH, ACK] Seq=518 Ack=4751 Win=65535 Len=64"
"1840","33.602334","10.8.0.1","ord38s28-in-f10.1e100.net","TCP","118","[TCP Out-Of-Order] 46678  >  443 [PSH, ACK] Seq=518 Ack=4683 Win=65535 Len=64"
"1841","33.602341","10.8.0.1","ord37s33-in-f10.1e100.net","TLSv1","571","[TCP Spurious Retransmission] , Client Hello"
"1842","33.602364","ord37s33-in-f10.1e100.net","10.8.0.1","TCP","54","[TCP Dup ACK 1784#3] 443  >  49156 [ACK] Seq=1 Ack=518 Win=65535 Len=0"
"1843","33.602371","10.8.0.1","lga15s46-in-f35.1e100.net","TCP","78","[TCP Out-Of-Order] 44368  >  443 [PSH, ACK] Seq=832 Ack=68825 Win=65535 Len=24"
"1844","33.602404","10.8.0.1","ord38s28-in-f10.1e100.net","QUIC","83","Handshake, DCID=e8b5581b47ac6862"
"1845","34.622504","10.8.0.1","ord38s28-in-f10.1e100.net","QUIC","169","Handshake, DCID=e8b5581b47ac6862"
"1846","35.622257","ord37s33-in-f10.1e100.net","10.8.0.1","TCP","54","443  >  49156 [FIN, ACK] Seq=1 Ack=518 Win=65535 Len=0"
"1847","35.622455","52.185.211.133","10.8.0.1","TLSv1.2","5917","Server Hello, Certificate, Certificate Status, Server Key Exchange, Server Hello Done"
"1848","35.622558","64.4.54.254","10.8.0.1","TLSv1.2","5703","Server Hello, Certificate, Certificate Status, Server Key Exchange, Server Hello Done"
"1849","35.622629","64.4.54.254","10.8.0.1","TLSv1.2","5703","Server Hello, Certificate, Certificate Status, Server Key Exchange, Server Hello Done"
"1850","35.622664","10.8.0.1","ord38s18-in-f2.1e100.net","QUIC","83","Handshake, DCID=0737c010e58a0148"
"1851","36.638188","10.8.0.1","ord38s18-in-f2.1e100.net","QUIC","169","Handshake, DCID=0737c010e58a0148"
"1852","37.662317","10.8.0.1","ord37s33-in-f10.1e100.net","TCP","54","[TCP Dup ACK 1780#1] 49156  >  443 [ACK] Seq=518 Ack=1 Win=67107840 Len=0"
"1853","37.662377","10.8.0.1","64.4.54.254","TCP","54","[TCP Dup ACK 1807#1] 48558  >  443 [ACK] Seq=518 Ack=1 Win=67107840 Len=0"
"1854","37.662405","10.8.0.1","64.4.54.254","TCP","54","[TCP Dup ACK 1806#1] 48556  >  443 [ACK] Seq=518 Ack=1 Win=67107840 Len=0"
"1855","37.662425","10.8.0.1","52.185.211.133","TCP","54","[TCP Dup ACK 1808#1] 56720  >  443 [ACK] Seq=518 Ack=1 Win=67107840 Len=0"
"1856","37.662446","10.8.0.1","server-52-84-121-34.ord53.r.cloudfront.net","TCP","54","51450  >  443 [ACK] Seq=1 Ack=1 Win=67107840 Len=0"
"1857","37.662469","10.8.0.1","ec2-35-163-36-111.us-west-2.compute.amazonaws.com","TCP","54","53396  >  443 [ACK] Seq=1 Ack=1 Win=67107840 Len=0"
"1858","37.662491","10.8.0.1","server-52-84-121-34.ord53.r.cloudfront.net","TLSv1.3","571","Client Hello"
"1859","37.662635","server-52-84-121-34.ord53.r.cloudfront.net","10.8.0.1","TCP","54","443  >  51450 [ACK] Seq=1 Ack=518 Win=65535 Len=0"
"1860","37.662657","10.8.0.1","ec2-35-163-36-111.us-west-2.compute.amazonaws.com","TLSv1.2","571","Client Hello"
"1861","37.662707","ec2-35-163-36-111.us-west-2.compute.amazonaws.com","10.8.0.1","TCP","54","443  >  53396 [ACK] Seq=1 Ack=518 Win=65535 Len=0"
"1862","37.662914","10.8.0.1","40.70.161.102","TCP","74","[TCP Retransmission] 40176  >  443 [SYN] Seq=0 Win=65535 Len=0 MSS=1460 SACK_PERM=1 TSval=1564226347 TSecr=0 WS=1024"
"1863","37.666312","40.70.161.102","10.8.0.1","TCP","54","[TCP Retransmission] 443  >  40176 [SYN, ACK] Seq=0 Ack=1 Win=65535 Len=0"
"1864","37.666499","10.8.0.1","ord37s34-in-f10.1e100.net","TCP","54","59396  >  443 [ACK] Seq=518 Ack=4673 Win=67107840 Len=0"
"1865","37.666527","10.8.0.1","server-52-84-121-34.ord53.r.cloudfront.net","TCP","54","51456  >  443 [ACK] Seq=1 Ack=1 Win=67107840 Len=0"
"1866","37.666556","10.8.0.1","ec2-35-163-36-111.us-west-2.compute.amazonaws.com","TCP","54","53402  >  443 [ACK] Seq=1 Ack=1 Win=67107840 Len=0"
"1867","37.666579","10.8.0.1","ord37s34-in-f10.1e100.net","TCP","54","[TCP Dup ACK 1864#1] 59396  >  443 [ACK] Seq=518 Ack=4673 Win=67107840 Len=0"
"1868","37.666598","10.8.0.1","ec2-35-163-36-111.us-west-2.compute.amazonaws.com","TCP","54","[TCP Dup ACK 1857#1] 53396  >  443 [ACK] Seq=518 Ack=1 Win=67107840 Len=0"
"1869","37.666617","10.8.0.1","server-52-84-121-34.ord53.r.cloudfront.net","TCP","54","[TCP Dup ACK 1856#1] 51450  >  443 [ACK] Seq=518 Ack=1 Win=67107840 Len=0"
"1870","37.666635","10.8.0.1","ord37s34-in-f10.1e100.net","TCP","54","[TCP Dup ACK 1864#2] 59396  >  443 [ACK] Seq=518 Ack=4673 Win=67107840 Len=0"
"1871","37.666650","10.8.0.1","ec2-35-163-36-111.us-west-2.compute.amazonaws.com","TCP","54","[TCP Dup ACK 1866#1] 53402  >  443 [ACK] Seq=1 Ack=1 Win=67107840 Len=0"
"1872","37.666667","10.8.0.1","server-52-84-121-34.ord53.r.cloudfront.net","TCP","54","[TCP Dup ACK 1865#1] 51456  >  443 [ACK] Seq=1 Ack=1 Win=67107840 Len=0"
"1873","37.666686","10.8.0.1","lga15s46-in-f35.1e100.net","TCP","54","44368  >  443 [ACK] Seq=857 Ack=68826 Win=65535 Len=0"
"1874","37.666701","10.8.0.1","ord37s34-in-f10.1e100.net","TCP","54","[TCP Dup ACK 1864#3] 59396  >  443 [ACK] Seq=518 Ack=4673 Win=67107840 Len=0"
"1875","37.666718","10.8.0.1","ord37s34-in-f10.1e100.net","TLSv1.3","118","Change Cipher Spec, Application Data"
"1876","37.666762","10.8.0.1","40.70.161.102","TCP","54","40176  >  443 [ACK] Seq=1 Ack=1 Win=67107840 Len=0"
"1877","37.666782","10.8.0.1","ord37s34-in-f10.1e100.net","TCP","590","59396  >  443 [ACK] Seq=582 Ack=4673 Win=67107840 Len=536 [TCP segment of a reassembled PDU]"
"1878","37.666800","10.8.0.1","server-52-84-121-34.ord53.r.cloudfront.net","TLSv1.3","571","Client Hello"
"1879","37.666905","server-52-84-121-34.ord53.r.cloudfront.net","10.8.0.1","TCP","54","443  >  51456 [ACK] Seq=1 Ack=518 Win=65535 Len=0"
"1880","37.666930","10.8.0.1","ec2-35-163-36-111.us-west-2.compute.amazonaws.com","TLSv1.2","571","Client Hello"
"1881","37.666973","ec2-35-163-36-111.us-west-2.compute.amazonaws.com","10.8.0.1","TCP","54","443  >  53402 [ACK] Seq=1 Ack=518 Win=65535 Len=0"
"1882","37.667051","10.8.0.1","40.70.161.102","TCP","74","40204  >  443 [SYN] Seq=0 Win=65535 Len=0 MSS=1460 SACK_PERM=1 TSval=1564226525 TSecr=0 WS=1024"
"1883","37.669158","40.70.161.102","10.8.0.1","TCP","54","443  >  40204 [SYN, ACK] Seq=0 Ack=1 Win=65535 Len=0"
"1884","37.669270","10.8.0.1","40.70.161.102","TLSv1","571","Client Hello"
"1885","37.669329","40.70.161.102","10.8.0.1","TCP","54","443  >  40176 [ACK] Seq=1 Ack=518 Win=65535 Len=0"
"1886","37.669353","10.8.0.1","40.70.161.102","TCP","74","[TCP Out-Of-Order] 40204  >  443 [SYN] Seq=0 Win=65535 Len=0 MSS=1460 SACK_PERM=1 TSval=1564227531 TSecr=0 WS=1024"
"1887","37.671752","40.70.161.102","10.8.0.1","TCP","54","[TCP Out-Of-Order] 443  >  40204 [SYN, ACK] Seq=0 Ack=1 Win=65535 Len=0"
"1888","37.671797","10.8.0.1","ord37s34-in-f10.1e100.net","TCP","118","[TCP Retransmission] 59396  >  443 [PSH, ACK] Seq=518 Ack=4673 Win=67107840 Len=64"
"1889","37.671819","10.8.0.1","ord38s28-in-f10.1e100.net","TCP","210","[TCP Retransmission] 46678  >  443 [PSH, ACK] Seq=518 Ack=4683 Win=65535 Len=156"
"1890","37.671837","10.8.0.1","lga15s46-in-f22.1e100.net","TCP","210","[TCP Retransmission] 33402  >  443 [PSH, ACK] Seq=518 Ack=4751 Win=65535 Len=156"
"1891","37.671855","10.8.0.1","52.185.211.133","TCP","54","56720  >  443 [ACK] Seq=518 Ack=5864 Win=67107840 Len=0"
"1892","37.671876","10.8.0.1","64.4.54.254","TCP","54","48558  >  443 [ACK] Seq=518 Ack=5650 Win=67107840 Len=0"
"1893","37.671896","10.8.0.1","64.4.54.254","TCP","54","48556  >  443 [ACK] Seq=518 Ack=5650 Win=67107840 Len=0"
"1894","37.671980","10.8.0.1","ord37s33-in-f10.1e100.net","TCP","54","49156  >  443 [FIN, ACK] Seq=518 Ack=2 Win=67107840 Len=0"
"1895","37.672160","ord37s33-in-f10.1e100.net","10.8.0.1","TCP","54","443  >  49156 [ACK] Seq=2 Ack=519 Win=65535 Len=0"
"1896","37.672275","ord37s33-in-f10.1e100.net","10.8.0.1","TCP","54","443  >  49156 [FIN, ACK] Seq=2 Ack=519 Win=65535 Len=0"
"1897","37.672305","10.8.0.1","ord37s33-in-f10.1e100.net","TCP","74","49214  >  443 [SYN] Seq=0 Win=65535 Len=0 MSS=1460 SACK_PERM=1 TSval=3778535764 TSecr=0 WS=1024"
"1898","37.674639","ord37s33-in-f10.1e100.net","10.8.0.1","TCP","54","443  >  49214 [SYN, ACK] Seq=0 Ack=1 Win=65535 Len=0"
"1899","37.674690","10.8.0.1","64.4.54.254","TLSv1.2","147","Client Key Exchange, Change Cipher Spec, Encrypted Handshake Message"
"1900","37.674779","64.4.54.254","10.8.0.1","TCP","54","443  >  48558 [ACK] Seq=5650 Ack=611 Win=65535 Len=0"
"1901","37.674800","10.8.0.1","64.4.54.254","TLSv1.2","147","Client Key Exchange, Change Cipher Spec, Encrypted Handshake Message"
"1902","37.674842","64.4.54.254","10.8.0.1","TCP","54","443  >  48556 [ACK] Seq=5650 Ack=611 Win=65535 Len=0"
"1903","37.674930","10.8.0.1","52.185.211.133","TLSv1.2","147","Client Key Exchange, Change Cipher Spec, Encrypted Handshake Message"
"1904","37.675044","52.185.211.133","10.8.0.1","TCP","54","443  >  56720 [ACK] Seq=5864 Ack=611 Win=65535 Len=0"
"1905","37.675130","10.8.0.1","ec2-52-200-91-14.compute-1.amazonaws.com","TCP","74","55102  >  443 [SYN] Seq=0 Win=65535 Len=0 MSS=1460 SACK_PERM=1 TSval=2152159136 TSecr=0 WS=1024"
"1906","37.676890","ec2-52-200-91-14.compute-1.amazonaws.com","10.8.0.1","TCP","54","443  >  55102 [SYN, ACK] Seq=0 Ack=1 Win=65535 Len=0"
"1907","37.676989","10.8.0.1","ec2-35-163-36-111.us-west-2.compute.amazonaws.com","TLSv1.2","571","[TCP Spurious Retransmission] , Client Hello"
"1908","37.677080","ec2-35-163-36-111.us-west-2.compute.amazonaws.com","10.8.0.1","TCP","54","[TCP Dup ACK 1861#1] 443  >  53396 [ACK] Seq=1 Ack=518 Win=65535 Len=0"
"1909","37.677105","10.8.0.1","server-52-84-121-34.ord53.r.cloudfront.net","TLSv1.3","571","[TCP Spurious Retransmission] , Client Hello"
"1910","37.677152","server-52-84-121-34.ord53.r.cloudfront.net","10.8.0.1","TCP","54","[TCP Dup ACK 1859#1] 443  >  51450 [ACK] Seq=1 Ack=518 Win=65535 Len=0"
"1911","37.677192","10.8.0.1","40.70.161.102","TCP","74","[TCP Retransmission] 40204  >  443 [SYN] Seq=0 Win=65535 Len=0 MSS=1460 SACK_PERM=1 TSval=1564229547 TSecr=0 WS=1024"
"1912","37.678583","40.70.161.102","10.8.0.1","TCP","54","[TCP Retransmission] 443  >  40204 [SYN, ACK] Seq=0 Ack=1 Win=65535 Len=0"
"1913","37.678622","10.8.0.1","ord37s33-in-f10.1e100.net","TCP","74","[TCP Retransmission] 49214  >  443 [SYN] Seq=0 Win=65535 Len=0 MSS=1460 SACK_PERM=1 TSval=3778536771 TSecr=0 WS=1024"
"1914","37.679730","ord37s33-in-f10.1e100.net","10.8.0.1","TCP","54","[TCP Retransmission] 443  >  49214 [SYN, ACK] Seq=0 Ack=1 Win=65535 Len=0"
"1915","37.679753","10.8.0.1","ec2-35-163-36-111.us-west-2.compute.amazonaws.com","TLSv1.2","571","[TCP Spurious Retransmission] , Client Hello"
"1916","37.679782","ec2-35-163-36-111.us-west-2.compute.amazonaws.com","10.8.0.1","TCP","54","[TCP Dup ACK 1881#1] 443  >  53402 [ACK] Seq=1 Ack=518 Win=65535 Len=0"
"1917","37.679794","10.8.0.1","40.70.161.102","TLSv1","571","[TCP Spurious Retransmission] , Client Hello"
"1918","37.679820","40.70.161.102","10.8.0.1","TCP","54","[TCP Dup ACK 1885#1] 443  >  40176 [ACK] Seq=1 Ack=518 Win=65535 Len=0"
"1919","37.679843","10.8.0.1","server-52-84-121-34.ord53.r.cloudfront.net","TLSv1.3","571","[TCP Spurious Retransmission] , Client Hello"
"1920","37.679864","server-52-84-121-34.ord53.r.cloudfront.net","10.8.0.1","TCP","54","[TCP Dup ACK 1879#1] 443  >  51456 [ACK] Seq=1 Ack=518 Win=65535 Len=0"
"1921","37.679876","10.8.0.1","ec2-52-200-91-14.compute-1.amazonaws.com","TCP","74","[TCP Retransmission] 55102  >  443 [SYN] Seq=0 Win=65535 Len=0 MSS=1460 SACK_PERM=1 TSval=2152160164 TSecr=0 WS=1024"
"1922","37.680955","ec2-52-200-91-14.compute-1.amazonaws.com","10.8.0.1","TCP","54","[TCP Retransmission] 443  >  55102 [SYN, ACK] Seq=0 Ack=1 Win=65535 Len=0"
"1923","37.680990","10.8.0.1","ord37s33-in-f10.1e100.net","TCP","54","[TCP Out-Of-Order] 49156  >  443 [FIN, ACK] Seq=518 Ack=2 Win=67107840 Len=0"
"1924","37.681033","ord37s33-in-f10.1e100.net","10.8.0.1","TCP","54","[TCP Keep-Alive] 443  >  49156 [ACK] Seq=2 Ack=519 Win=65535 Len=0"
"1925","37.681057","ord37s33-in-f10.1e100.net","10.8.0.1","TCP","54","[TCP Out-Of-Order] 443  >  49156 [FIN, ACK] Seq=2 Ack=519 Win=65535 Len=0"
"1926","37.681084","10.8.0.1","40.70.161.102","TCP","54","[TCP Dup ACK 1876#1] 40176  >  443 [ACK] Seq=518 Ack=1 Win=67107840 Len=0"
"1927","37.681097","10.8.0.1","40.70.161.102","TCP","54","40204  >  443 [ACK] Seq=1 Ack=1 Win=67107840 Len=0"
"1928","37.681106","10.8.0.1","40.70.161.102","TCP","54","[TCP Dup ACK 1927#1] 40204  >  443 [ACK] Seq=1 Ack=1 Win=67107840 Len=0"
"1929","37.681115","10.8.0.1","ord37s33-in-f10.1e100.net","TCP","54","49156  >  443 [RST] Seq=519 Win=0 Len=0"
"1930","37.681123","10.8.0.1","ord37s33-in-f10.1e100.net","TCP","54","49214  >  443 [ACK] Seq=1 Ack=1 Win=67107840 Len=0"
"1931","37.681132","10.8.0.1","ord37s33-in-f10.1e100.net","TLSv1","571","Client Hello"
"1932","37.681158","ord37s33-in-f10.1e100.net","10.8.0.1","TCP","54","443  >  49214 [ACK] Seq=1 Ack=518 Win=65535 Len=0"
"1933","37.681166","10.8.0.1","ec2-52-200-91-14.compute-1.amazonaws.com","TCP","54","55102  >  443 [ACK] Seq=1 Ack=1 Win=67107840 Len=0"
"1934","37.681174","10.8.0.1","ord37s33-in-f10.1e100.net","TCP","54","[TCP Dup ACK 1930#1] 49214  >  443 [ACK] Seq=518 Ack=1 Win=67107840 Len=0"
"1935","37.681182","10.8.0.1","ec2-52-200-91-14.compute-1.amazonaws.com","TCP","54","[TCP Dup ACK 1933#1] 55102  >  443 [ACK] Seq=1 Ack=1 Win=67107840 Len=0"
"1936","37.681189","10.8.0.1","ord37s33-in-f10.1e100.net","TCP","54","49156  >  443 [RST] Seq=519 Win=0 Len=0"
"1937","37.681196","10.8.0.1","ord37s33-in-f10.1e100.net","TCP","54","49156  >  443 [RST] Seq=519 Win=0 Len=0"
"1938","37.731312","10.8.0.1","40.70.161.102","TLSv1.2","571","Client Hello"
"1939","37.731437","40.70.161.102","10.8.0.1","TCP","54","443  >  40204 [ACK] Seq=1 Ack=518 Win=65535 Len=0"
"1940","37.731450","10.8.0.1","ec2-52-200-91-14.compute-1.amazonaws.com","TLSv1.2","571","Client Hello"
"1941","37.731476","ec2-52-200-91-14.compute-1.amazonaws.com","10.8.0.1","TCP","54","443  >  55102 [ACK] Seq=1 Ack=518 Win=65535 Len=0"
"1942","37.782080","server-52-84-121-34.ord53.r.cloudfront.net","10.8.0.1","TLSv1.3","2860","Server Hello, Change Cipher Spec, Application Data"
"1943","37.782240","server-52-84-121-34.ord53.r.cloudfront.net","10.8.0.1","TLSv1.3","2860","Server Hello, Change Cipher Spec, Application Data"
"1944","37.782286","10.8.0.1","server-52-84-121-34.ord53.r.cloudfront.net","TCP","54","51450  >  443 [ACK] Seq=518 Ack=2807 Win=67107840 Len=0"
"1945","37.782309","10.8.0.1","server-52-84-121-34.ord53.r.cloudfront.net","TCP","54","51456  >  443 [ACK] Seq=518 Ack=2807 Win=67107840 Len=0"
"1946","37.832666","52.185.211.133","10.8.0.1","TLSv1.2","105","Change Cipher Spec, Encrypted Handshake Message"
"1947","37.832795","64.4.54.254","10.8.0.1","TLSv1.2","105","Change Cipher Spec, Encrypted Handshake Message"
"1948","37.832878","64.4.54.254","10.8.0.1","TLSv1.2","105","Change Cipher Spec, Encrypted Handshake Message"
"1949","37.832970","server-52-84-121-34.ord53.r.cloudfront.net","10.8.0.1","TLSv1.3","1227","Application Data, Application Data, Application Data"
"1950","37.833041","server-52-84-121-34.ord53.r.cloudfront.net","10.8.0.1","TLSv1.3","1227","Application Data, Application Data, Application Data"
"1951","37.833071","10.8.0.1","52.185.211.133","TCP","54","56720  >  443 [ACK] Seq=611 Ack=5915 Win=67107840 Len=0"
"1952","37.833095","10.8.0.1","64.4.54.254","TCP","54","48558  >  443 [ACK] Seq=611 Ack=5701 Win=67107840 Len=0"
"1953","37.833116","10.8.0.1","64.4.54.254","TCP","54","48556  >  443 [ACK] Seq=611 Ack=5701 Win=67107840 Len=0"
"1954","37.833133","10.8.0.1","server-52-84-121-34.ord53.r.cloudfront.net","TCP","54","51450  >  443 [ACK] Seq=518 Ack=3980 Win=67107840 Len=0"
"1955","37.833150","10.8.0.1","server-52-84-121-34.ord53.r.cloudfront.net","TCP","54","51456  >  443 [ACK] Seq=518 Ack=3980 Win=67107840 Len=0"
"1956","37.883381","10.8.0.1","64.4.54.254","TCP","590","48558  >  443 [ACK] Seq=611 Ack=5701 Win=67107840 Len=536 [TCP segment of a reassembled PDU]"
"1957","37.883578","64.4.54.254","10.8.0.1","TCP","54","443  >  48558 [ACK] Seq=5701 Ack=1147 Win=65535 Len=0"
"1958","37.883611","10.8.0.1","64.4.54.254","TCP","590","48558  >  443 [PSH, ACK] Seq=1147 Ack=5701 Win=67107840 Len=536 [TCP segment of a reassembled PDU]"
"1959","37.883661","64.4.54.254","10.8.0.1","TCP","54","443  >  48558 [ACK] Seq=5701 Ack=1683 Win=65535 Len=0"
"1960","37.883681","10.8.0.1","64.4.54.254","TCP","590","48558  >  443 [ACK] Seq=1683 Ack=5701 Win=67107840 Len=536 [TCP segment of a reassembled PDU]"
"1961","37.883720","64.4.54.254","10.8.0.1","TCP","54","443  >  48558 [ACK] Seq=5701 Ack=2219 Win=65535 Len=0"
"1962","37.883752","10.8.0.1","64.4.54.254","TLSv1.2","533","Application Data"
"1963","37.883789","64.4.54.254","10.8.0.1","TCP","54","443  >  48558 [ACK] Seq=5701 Ack=2698 Win=65535 Len=0"
"1964","37.883808","10.8.0.1","64.4.54.254","TCP","590","48556  >  443 [ACK] Seq=611 Ack=5701 Win=67107840 Len=536 [TCP segment of a reassembled PDU]"
"1965","37.883847","64.4.54.254","10.8.0.1","TCP","54","443  >  48556 [ACK] Seq=5701 Ack=1147 Win=65535 Len=0"
"1966","37.884011","10.8.0.1","64.4.54.254","TCP","590","48556  >  443 [PSH, ACK] Seq=1147 Ack=5701 Win=67107840 Len=536 [TCP segment of a reassembled PDU]"
"1967","37.884062","64.4.54.254","10.8.0.1","TCP","54","443  >  48556 [ACK] Seq=5701 Ack=1683 Win=65535 Len=0"
"1968","37.884085","10.8.0.1","64.4.54.254","TCP","590","48556  >  443 [ACK] Seq=1683 Ack=5701 Win=67107840 Len=536 [TCP segment of a reassembled PDU]"
"1969","37.884120","64.4.54.254","10.8.0.1","TCP","54","443  >  48556 [ACK] Seq=5701 Ack=2219 Win=65535 Len=0"
"1970","37.884163","10.8.0.1","64.4.54.254","TCP","590","48556  >  443 [PSH, ACK] Seq=2219 Ack=5701 Win=67107840 Len=536 [TCP segment of a reassembled PDU]"
"1971","37.884202","64.4.54.254","10.8.0.1","TCP","54","443  >  48556 [ACK] Seq=5701 Ack=2755 Win=65535 Len=0"
"1972","37.884220","10.8.0.1","64.4.54.254","TCP","590","48556  >  443 [ACK] Seq=2755 Ack=5701 Win=67107840 Len=536 [TCP segment of a reassembled PDU]"
"1973","37.884255","64.4.54.254","10.8.0.1","TCP","54","443  >  48556 [ACK] Seq=5701 Ack=3291 Win=65535 Len=0"
"1974","37.884278","10.8.0.1","64.4.54.254","TLSv1.2","174","Application Data"
"1975","37.884311","64.4.54.254","10.8.0.1","TCP","54","443  >  48556 [ACK] Seq=5701 Ack=3411 Win=65535 Len=0"
"1976","37.884331","10.8.0.1","52.185.211.133","TLSv1.2","433","Application Data"
"1977","37.884370","52.185.211.133","10.8.0.1","TCP","54","443  >  56720 [ACK] Seq=5915 Ack=990 Win=65535 Len=0"
"1978","37.934825","10.8.0.1","server-52-84-121-34.ord53.r.cloudfront.net","TLSv1.3","118","Change Cipher Spec, Application Data"
"1979","37.934999","server-52-84-121-34.ord53.r.cloudfront.net","10.8.0.1","TCP","54","443  >  51456 [ACK] Seq=3980 Ack=582 Win=65535 Len=0"
"1980","37.935156","ec2-35-163-36-111.us-west-2.compute.amazonaws.com","10.8.0.1","TLSv1.2","3453","Server Hello, Certificate, Server Key Exchange, Server Hello Done"
"1981","37.935281","ec2-35-163-36-111.us-west-2.compute.amazonaws.com","10.8.0.1","TLSv1.2","3453","Server Hello, Certificate, Server Key Exchange, Server Hello Done"
"1982","37.935324","10.8.0.1","server-52-84-121-34.ord53.r.cloudfront.net","TLSv1.3","118","Change Cipher Spec, Application Data"
"1983","37.935379","server-52-84-121-34.ord53.r.cloudfront.net","10.8.0.1","TCP","54","443  >  51450 [ACK] Seq=3980 Ack=582 Win=65535 Len=0"
"1984","37.935436","10.8.0.1","server-52-84-121-34.ord53.r.cloudfront.net","TLSv1.3","489","Application Data"
"1985","37.935479","server-52-84-121-34.ord53.r.cloudfront.net","10.8.0.1","TCP","54","443  >  51450 [ACK] Seq=3980 Ack=1017 Win=65535 Len=0"
"1986","37.935516","10.8.0.1","ec2-35-163-36-111.us-west-2.compute.amazonaws.com","TCP","54","53396  >  443 [ACK] Seq=518 Ack=3400 Win=67107840 Len=0"
"1987","37.935534","10.8.0.1","ec2-35-163-36-111.us-west-2.compute.amazonaws.com","TCP","54","53402  >  443 [ACK] Seq=518 Ack=3400 Win=67107840 Len=0"
"1988","37.985712","10.8.0.1","ec2-35-163-36-111.us-west-2.compute.amazonaws.com","TLSv1.2","180","Client Key Exchange, Change Cipher Spec, Encrypted Handshake Message"
"1989","37.985886","ec2-35-163-36-111.us-west-2.compute.amazonaws.com","10.8.0.1","TCP","54","443  >  53396 [ACK] Seq=3400 Ack=644 Win=65535 Len=0"
"1990","37.986104","ec2-52-200-91-14.compute-1.amazonaws.com","10.8.0.1","TLSv1.2","4188","Server Hello"
"1991","37.986273","40.70.161.102","10.8.0.1","TLSv1.2","5111","Server Hello, Certificate, Server Key Exchange, Server Hello Done"
"1992","37.986325","10.8.0.1","ec2-35-163-36-111.us-west-2.compute.amazonaws.com","TLSv1.2","180","Client Key Exchange, Change Cipher Spec, Encrypted Handshake Message"
"1993","37.986379","ec2-35-163-36-111.us-west-2.compute.amazonaws.com","10.8.0.1","TCP","54","443  >  53402 [ACK] Seq=3400 Ack=644 Win=65535 Len=0"
"1994","37.986439","10.8.0.1","ec2-52-200-91-14.compute-1.amazonaws.com","TCP","54","55102  >  443 [ACK] Seq=518 Ack=4135 Win=67107840 Len=0"
"1995","37.986476","10.8.0.1","40.70.161.102","TCP","54","40204  >  443 [ACK] Seq=518 Ack=5058 Win=67107840 Len=0"
"1996","38.036793","ec2-35-163-36-111.us-west-2.compute.amazonaws.com","10.8.0.1","TLSv1.2","61","Alert (Level: Fatal, Description: Protocol Version)"
"1997","38.036887","ec2-35-163-36-111.us-west-2.compute.amazonaws.com","10.8.0.1","TLSv1.2","61","Alert (Level: Fatal, Description: Protocol Version)"
"1998","38.036959","52.185.211.133","10.8.0.1","TLSv1.2","218","Application Data"
"1999","38.037062","ec2-52-200-91-14.compute-1.amazonaws.com","10.8.0.1","TLSv1.2","1432","Certificate [TCP segment of a reassembled PDU]"
"2000","38.037089","10.8.0.1","ec2-35-163-36-111.us-west-2.compute.amazonaws.com","TCP","54","53396  >  443 [ACK] Seq=644 Ack=3407 Win=67107840 Len=0"
"2001","38.037138","ec2-35-163-36-111.us-west-2.compute.amazonaws.com","10.8.0.1","TCP","54","443  >  53396 [FIN, ACK] Seq=3407 Ack=644 Win=65535 Len=0"
"2002","38.037339","10.8.0.1","ec2-35-163-36-111.us-west-2.compute.amazonaws.com","TCP","54","53402  >  443 [ACK] Seq=644 Ack=3407 Win=67107840 Len=0"
"2003","38.037397","ec2-35-163-36-111.us-west-2.compute.amazonaws.com","10.8.0.1","TCP","54","443  >  53402 [FIN, ACK] Seq=3407 Ack=644 Win=65535 Len=0"
"2004","38.037470","10.8.0.1","52.185.211.133","TCP","54","56720  >  443 [ACK] Seq=990 Ack=6079 Win=67107840 Len=0"
"2005","38.037488","10.8.0.1","ec2-52-200-91-14.compute-1.amazonaws.com","TCP","54","55102  >  443 [ACK] Seq=518 Ack=5513 Win=67107840 Len=0"
"2006","38.087662","10.8.0.1","ec2-35-163-36-111.us-west-2.compute.amazonaws.com","TCP","54","53396  >  443 [FIN, ACK] Seq=644 Ack=3408 Win=67107840 Len=0"
"2007","38.087834","ec2-35-163-36-111.us-west-2.compute.amazonaws.com","10.8.0.1","TCP","54","443  >  53396 [ACK] Seq=3408 Ack=645 Win=65535 Len=0"
"2008","38.087936","ec2-35-163-36-111.us-west-2.compute.amazonaws.com","10.8.0.1","TCP","54","443  >  53396 [FIN, ACK] Seq=3408 Ack=645 Win=65535 Len=0"
"2009","38.088060","64.4.54.254","10.8.0.1","TLSv1.2","349","Application Data"
"2010","38.088142","ec2-52-200-91-14.compute-1.amazonaws.com","10.8.0.1","TLSv1.2","213","Server Key Exchange, Server Hello Done"
"2011","38.088170","10.8.0.1","ec2-35-163-36-111.us-west-2.compute.amazonaws.com","TCP","54","53402  >  443 [FIN, ACK] Seq=644 Ack=3408 Win=67107840 Len=0"
"2012","38.088224","ec2-35-163-36-111.us-west-2.compute.amazonaws.com","10.8.0.1","TCP","54","443  >  53402 [ACK] Seq=3408 Ack=645 Win=65535 Len=0"
"2013","38.088280","ec2-35-163-36-111.us-west-2.compute.amazonaws.com","10.8.0.1","TCP","54","443  >  53402 [FIN, ACK] Seq=3408 Ack=645 Win=65535 Len=0"
"2014","38.088301","10.8.0.1","52.185.211.133","TLSv1.2","418","Application Data"
"2015","38.088347","52.185.211.133","10.8.0.1","TCP","54","443  >  56720 [ACK] Seq=6079 Ack=1354 Win=65535 Len=0"
"2016","38.088367","10.8.0.1","40.70.161.102","TLSv1.2","180","Client Key Exchange, Change Cipher Spec, Encrypted Handshake Message"
"2017","38.088418","40.70.161.102","10.8.0.1","TCP","54","443  >  40204 [ACK] Seq=5058 Ack=644 Win=65535 Len=0"
"2018","38.088526","10.8.0.1","ec2-35-163-36-111.us-west-2.compute.amazonaws.com","TCP","54","53396  >  443 [RST] Seq=645 Win=0 Len=0"
"2019","38.088589","10.8.0.1","64.4.54.254","TCP","54","48556  >  443 [ACK] Seq=3411 Ack=5996 Win=67107840 Len=0"
"2020","38.088609","10.8.0.1","ec2-52-200-91-14.compute-1.amazonaws.com","TCP","54","55102  >  443 [ACK] Seq=518 Ack=5672 Win=67107840 Len=0"
"2021","38.088627","10.8.0.1","ec2-35-163-36-111.us-west-2.compute.amazonaws.com","TCP","54","53402  >  443 [RST] Seq=645 Win=0 Len=0"
"2022","38.138820","10.8.0.1","64.4.54.254","TCP","590","48556  >  443 [ACK] Seq=3411 Ack=5996 Win=67107840 Len=536 [TCP segment of a reassembled PDU]"
"2023","38.139568","64.4.54.254","10.8.0.1","TCP","54","443  >  48556 [ACK] Seq=5996 Ack=3947 Win=65535 Len=0"
"2024","38.139600","10.8.0.1","64.4.54.254","TCP","590","48556  >  443 [PSH, ACK] Seq=3947 Ack=5996 Win=67107840 Len=536 [TCP segment of a reassembled PDU]"
"2025","38.139646","64.4.54.254","10.8.0.1","TCP","54","443  >  48556 [ACK] Seq=5996 Ack=4483 Win=65535 Len=0"
"2026","38.139666","10.8.0.1","64.4.54.254","TCP","590","48556  >  443 [ACK] Seq=4483 Ack=5996 Win=67107840 Len=536 [TCP segment of a reassembled PDU]"
"2027","38.139703","64.4.54.254","10.8.0.1","TCP","54","443  >  48556 [ACK] Seq=5996 Ack=5019 Win=65535 Len=0"
"2028","38.139736","10.8.0.1","64.4.54.254","TCP","590","48556  >  443 [PSH, ACK] Seq=5019 Ack=5996 Win=67107840 Len=536 [TCP segment of a reassembled PDU]"
"2029","38.139773","64.4.54.254","10.8.0.1","TCP","54","443  >  48556 [ACK] Seq=5996 Ack=5555 Win=65535 Len=0"
"2030","38.139790","10.8.0.1","64.4.54.254","TLSv1.2","353","Application Data"
"2031","38.139827","64.4.54.254","10.8.0.1","TCP","54","443  >  48556 [ACK] Seq=5996 Ack=5854 Win=65535 Len=0"
"2032","38.139996","10.8.0.1","ec2-52-200-91-14.compute-1.amazonaws.com","TLSv1.2","180","Client Key Exchange, Change Cipher Spec, Encrypted Handshake Message"
"2033","38.140057","ec2-52-200-91-14.compute-1.amazonaws.com","10.8.0.1","TCP","54","443  >  55102 [ACK] Seq=5672 Ack=644 Win=65535 Len=0"
"2034","38.190696","64.4.54.254","10.8.0.1","TLSv1.2","349","Application Data"
"2035","38.190832","40.70.161.102","10.8.0.1","TLSv1.2","312","New Session Ticket, Change Cipher Spec, Encrypted Handshake Message"
"2036","38.190948","52.185.211.133","10.8.0.1","TLSv1.2","212","Application Data"
"2037","38.190978","10.8.0.1","64.4.54.254","TCP","54","48558  >  443 [ACK] Seq=2698 Ack=5996 Win=67107840 Len=0"
"2038","38.191003","10.8.0.1","40.70.161.102","TCP","54","40204  >  443 [ACK] Seq=644 Ack=5316 Win=67107840 Len=0"
"2039","38.191021","10.8.0.1","52.185.211.133","TCP","54","56720  >  443 [ACK] Seq=1354 Ack=6237 Win=67107840 Len=0"
"2040","38.241208","10.8.0.1","64.4.54.254","TCP","590","48558  >  443 [ACK] Seq=2698 Ack=5996 Win=67107840 Len=536 [TCP segment of a reassembled PDU]"
"2041","38.241397","64.4.54.254","10.8.0.1","TCP","54","443  >  48558 [ACK] Seq=5996 Ack=3234 Win=65535 Len=0"
"2042","38.241427","10.8.0.1","64.4.54.254","TCP","590","48558  >  443 [PSH, ACK] Seq=3234 Ack=5996 Win=67107840 Len=536 [TCP segment of a reassembled PDU]"
"2043","38.241479","64.4.54.254","10.8.0.1","TCP","54","443  >  48558 [ACK] Seq=5996 Ack=3770 Win=65535 Len=0"
"2044","38.241498","10.8.0.1","64.4.54.254","TLSv1.2","330","Application Data"
"2045","38.241536","64.4.54.254","10.8.0.1","TCP","54","443  >  48558 [ACK] Seq=5996 Ack=4046 Win=65535 Len=0"
"2046","38.241697","10.8.0.1","40.70.161.102","TCP","590","40204  >  443 [ACK] Seq=644 Ack=5316 Win=67107840 Len=536 [TCP segment of a reassembled PDU]"
"2047","38.241761","40.70.161.102","10.8.0.1","TCP","54","443  >  40204 [ACK] Seq=5316 Ack=1180 Win=65535 Len=0"
"2048","38.241781","10.8.0.1","40.70.161.102","TLSv1.2","377","Application Data"
"2049","38.241863","40.70.161.102","10.8.0.1","TCP","54","443  >  40204 [ACK] Seq=5316 Ack=1503 Win=65535 Len=0"
"2050","38.342397","ec2-52-200-91-14.compute-1.amazonaws.com","10.8.0.1","TLSv1.2","328","New Session Ticket, Change Cipher Spec, Encrypted Handshake Message"
"2051","38.342436","10.8.0.1","ec2-52-200-91-14.compute-1.amazonaws.com","TCP","54","55102  >  443 [ACK] Seq=644 Ack=5946 Win=67107840 Len=0"
"2052","38.392573","10.8.0.1","ec2-52-200-91-14.compute-1.amazonaws.com","TCP","590","55102  >  443 [ACK] Seq=644 Ack=5946 Win=67107840 Len=536 [TCP segment of a reassembled PDU]"
"2053","38.392723","ec2-52-200-91-14.compute-1.amazonaws.com","10.8.0.1","TCP","54","443  >  55102 [ACK] Seq=5946 Ack=1180 Win=65535 Len=0"
"2054","38.392808","40.70.161.102","10.8.0.1","TLSv1.2","371","Application Data"
"2055","38.392858","64.4.54.254","10.8.0.1","TLSv1.2","349","Application Data"
"2056","38.392887","64.4.54.254","10.8.0.1","TLSv1.2","349","Application Data"
"2057","38.392900","10.8.0.1","ec2-52-200-91-14.compute-1.amazonaws.com","TCP","590","55102  >  443 [PSH, ACK] Seq=1180 Ack=5946 Win=67107840 Len=536 [TCP segment of a reassembled PDU]"
"2058","38.392921","ec2-52-200-91-14.compute-1.amazonaws.com","10.8.0.1","TCP","54","443  >  55102 [ACK] Seq=5946 Ack=1716 Win=65535 Len=0"
"2059","38.392928","10.8.0.1","ec2-52-200-91-14.compute-1.amazonaws.com","TLSv1.2","170","Application Data"
"2060","38.392940","ec2-52-200-91-14.compute-1.amazonaws.com","10.8.0.1","TCP","54","443  >  55102 [ACK] Seq=5946 Ack=1832 Win=65535 Len=0"
"2061","38.393005","10.8.0.1","40.70.161.102","TCP","54","40204  >  443 [ACK] Seq=1503 Ack=5633 Win=67107840 Len=0"
"2062","38.393012","10.8.0.1","64.4.54.254","TCP","54","48556  >  443 [ACK] Seq=5854 Ack=6291 Win=67107840 Len=0"
"2063","38.443129","10.8.0.1","64.4.54.254","TCP","54","48558  >  443 [ACK] Seq=4046 Ack=6291 Win=67107840 Len=0"
"2064","38.543689","ec2-52-200-91-14.compute-1.amazonaws.com","10.8.0.1","TLSv1.2","1169","Application Data"
"2065","38.543731","10.8.0.1","ec2-52-200-91-14.compute-1.amazonaws.com","TCP","54","55102  >  443 [ACK] Seq=1832 Ack=7061 Win=67107840 Len=0"
"2066","38.594101","ec2-52-200-91-14.compute-1.amazonaws.com","10.8.0.1","TLSv1.2","88","Application Data"
"2067","38.594166","10.8.0.1","ec2-52-200-91-14.compute-1.amazonaws.com","TCP","54","55102  >  443 [ACK] Seq=1832 Ack=7095 Win=67107840 Len=0"
"2068","38.694418","10.8.0.1","ord38s32-in-f10.1e100.net","TCP","54","43300  >  443 [FIN, ACK] Seq=1262 Ack=5742 Win=65535 Len=0"
"2069","38.694584","ord38s32-in-f10.1e100.net","10.8.0.1","TCP","54","443  >  43300 [ACK] Seq=5742 Ack=1263 Win=65535 Len=0"
"2070","38.694657","ord38s32-in-f10.1e100.net","10.8.0.1","TCP","54","443  >  43300 [FIN, ACK] Seq=5742 Ack=1263 Win=65535 Len=0"
"2071","38.694668","10.8.0.1","ord38s32-in-f10.1e100.net","TCP","54","43300  >  443 [RST] Seq=1263 Win=0 Len=0"
"2072","38.794967","10.8.0.1","ord37s34-in-f10.1e100.net","TCP","118","[TCP Retransmission] 59396  >  443 [PSH, ACK] Seq=518 Ack=4673 Win=67107840 Len=64"
"2073","38.845167","10.8.0.1","52.182.143.211","TCP","74","42280  >  443 [SYN] Seq=0 Win=65535 Len=0 MSS=1460 SACK_PERM=1 TSval=1787433542 TSecr=0 WS=1024"
"2074","38.847682","52.182.143.211","10.8.0.1","TCP","54","443  >  42280 [SYN, ACK] Seq=0 Ack=1 Win=65535 Len=0"
"2075","38.847725","10.8.0.1","52.182.143.211","TCP","54","42280  >  443 [ACK] Seq=1 Ack=1 Win=65535 Len=0"
"2076","38.897899","10.8.0.1","52.182.143.211","TLSv1.2","571","Client Hello"
"2077","38.898069","52.182.143.211","10.8.0.1","TCP","54","443  >  42280 [ACK] Seq=1 Ack=518 Win=65535 Len=0"
"2078","38.948255","10.8.0.1","server-52-84-121-34.ord53.r.cloudfront.net","TLSv1.3","78","Application Data"
"2079","38.948440","server-52-84-121-34.ord53.r.cloudfront.net","10.8.0.1","TCP","54","443  >  51456 [ACK] Seq=3980 Ack=606 Win=65535 Len=0"
"2080","38.948574","10.8.0.1","server-52-84-121-34.ord53.r.cloudfront.net","TCP","54","51456  >  443 [FIN, ACK] Seq=606 Ack=3980 Win=67107840 Len=0"
"2081","38.948656","server-52-84-121-34.ord53.r.cloudfront.net","10.8.0.1","TCP","54","443  >  51456 [ACK] Seq=3980 Ack=607 Win=65535 Len=0"
"2082","38.948729","server-52-84-121-34.ord53.r.cloudfront.net","10.8.0.1","TCP","54","443  >  51456 [FIN, ACK] Seq=3980 Ack=607 Win=65535 Len=0"
"2083","38.948890","10.8.0.1","server-52-84-121-34.ord53.r.cloudfront.net","TCP","54","51456  >  443 [ACK] Seq=607 Ack=3981 Win=67107840 Len=0"
"2084","39.099793","52.182.143.211","10.8.0.1","TCP","4188","443  >  42280 [PSH, ACK] Seq=1 Ack=518 Win=65535 Len=4134 [TCP segment of a reassembled PDU]"
"2085","39.099888","10.8.0.1","52.182.143.211","TCP","54","42280  >  443 [ACK] Seq=518 Ack=4135 Win=65535 Len=0"
"2086","39.150287","52.182.143.211","10.8.0.1","TCP","1432","443  >  42280 [PSH, ACK] Seq=4135 Ack=518 Win=65535 Len=1378 [TCP segment of a reassembled PDU]"
"2087","39.150348","10.8.0.1","52.182.143.211","TCP","54","42280  >  443 [ACK] Seq=518 Ack=5513 Win=65535 Len=0"
"2088","39.200520","10.8.0.1","ord37s32-in-f10.1e100.net","TCP","54","37614  >  443 [FIN, ACK] Seq=1591 Ack=5637 Win=65535 Len=0"
"2089","39.200698","ord37s32-in-f10.1e100.net","10.8.0.1","TCP","54","443  >  37614 [ACK] Seq=5637 Ack=1592 Win=65535 Len=0"
"2090","39.200787","ord37s32-in-f10.1e100.net","10.8.0.1","TCP","54","443  >  37614 [FIN, ACK] Seq=5637 Ack=1592 Win=65535 Len=0"
"2091","39.201054","52.182.143.211","10.8.0.1","TLSv1.2","751","Server Hello, Certificate, Certificate Status, Server Key Exchange, Server Hello Done"
"2092","39.201102","10.8.0.1","ord37s32-in-f10.1e100.net","TCP","54","37614  >  443 [ACK] Seq=1592 Ack=5638 Win=65535 Len=0"
"2093","39.201114","10.8.0.1","52.182.143.211","TCP","54","42280  >  443 [ACK] Seq=518 Ack=6210 Win=65535 Len=0"
"2094","39.251308","10.8.0.1","52.182.143.211","TLSv1.2","212","Client Key Exchange, Change Cipher Spec, Encrypted Handshake Message"
"2095","39.251481","52.182.143.211","10.8.0.1","TCP","54","443  >  42280 [ACK] Seq=6210 Ack=676 Win=65535 Len=0"
"2096","39.453034","52.182.143.211","10.8.0.1","TLSv1.2","105","Change Cipher Spec, Encrypted Handshake Message"
"2097","39.453100","10.8.0.1","52.182.143.211","TCP","54","42280  >  443 [ACK] Seq=676 Ack=6261 Win=65535 Len=0"
"2098","39.503288","10.8.0.1","52.182.143.211","TCP","590","42280  >  443 [ACK] Seq=676 Ack=6261 Win=65535 Len=536 [TCP segment of a reassembled PDU]"
"2099","39.503458","52.182.143.211","10.8.0.1","TCP","54","443  >  42280 [ACK] Seq=6261 Ack=1212 Win=65535 Len=0"
"2100","39.503487","10.8.0.1","52.182.143.211","TCP","590","42280  >  443 [PSH, ACK] Seq=1212 Ack=6261 Win=65535 Len=536 [TCP segment of a reassembled PDU]"
"2101","39.503537","52.182.143.211","10.8.0.1","TCP","54","443  >  42280 [ACK] Seq=6261 Ack=1748 Win=65535 Len=0"
"2102","39.503558","10.8.0.1","52.182.143.211","TCP","590","42280  >  443 [ACK] Seq=1748 Ack=6261 Win=65535 Len=536 [TCP segment of a reassembled PDU]"
"2103","39.503596","52.182.143.211","10.8.0.1","TCP","54","443  >  42280 [ACK] Seq=6261 Ack=2284 Win=65535 Len=0"
"2104","39.503625","10.8.0.1","52.182.143.211","TLSv1.2","119","Application Data"
"2105","39.503661","52.182.143.211","10.8.0.1","TCP","54","443  >  42280 [ACK] Seq=6261 Ack=2349 Win=65535 Len=0"
"2106","39.754712","52.182.143.211","10.8.0.1","TLSv1.2","505","Application Data"
"2107","39.754751","10.8.0.1","52.182.143.211","TCP","54","42280  >  443 [ACK] Seq=2349 Ack=6712 Win=65535 Len=0"
"2108","40.657351","10.8.0.1","ord37s34-in-f10.1e100.net","TCP","54","59298  >  443 [FIN, ACK] Seq=5923 Ack=6939 Win=65535 Len=0"
"2109","40.657624","ord37s34-in-f10.1e100.net","10.8.0.1","TCP","54","443  >  59298 [ACK] Seq=6939 Ack=5924 Win=65535 Len=0"
"2110","40.657758","ord37s34-in-f10.1e100.net","10.8.0.1","TCP","54","443  >  59298 [FIN, ACK] Seq=6939 Ack=5924 Win=65535 Len=0"
"2111","40.658176","10.8.0.1","ord37s34-in-f10.1e100.net","TCP","54","59298  >  443 [ACK] Seq=5924 Ack=6940 Win=65535 Len=0"
"2112","40.708387","10.8.0.1","ec2-54-237-113-146.compute-1.amazonaws.com","TCP","74","38154  >  443 [SYN] Seq=0 Win=65535 Len=0 MSS=1460 SACK_PERM=1 TSval=387467328 TSecr=0 WS=1024"
"2113","40.711130","ec2-54-237-113-146.compute-1.amazonaws.com","10.8.0.1","TCP","54","443  >  38154 [SYN, ACK] Seq=0 Ack=1 Win=65535 Len=0"
"2114","40.711212","10.8.0.1","ec2-54-237-113-146.compute-1.amazonaws.com","TCP","54","38154  >  443 [ACK] Seq=1 Ack=1 Win=65535 Len=0"
"2115","40.761376","10.8.0.1","ec2-54-237-113-146.compute-1.amazonaws.com","TLSv1.2","571","Client Hello"
"2116","40.761526","ec2-54-237-113-146.compute-1.amazonaws.com","10.8.0.1","TCP","54","443  >  38154 [ACK] Seq=1 Ack=518 Win=65535 Len=0"
"2117","40.962721","ec2-54-237-113-146.compute-1.amazonaws.com","10.8.0.1","TLSv1.2","5421","Server Hello, Certificate, Server Key Exchange, Server Hello Done"
"2118","40.962823","10.8.0.1","ec2-54-237-113-146.compute-1.amazonaws.com","TCP","54","38154  >  443 [ACK] Seq=518 Ack=5368 Win=65535 Len=0"
"2119","41.013000","10.8.0.1","ec2-54-237-113-146.compute-1.amazonaws.com","TLSv1.2","180","Client Key Exchange, Change Cipher Spec, Encrypted Handshake Message"
"2120","41.013175","ec2-54-237-113-146.compute-1.amazonaws.com","10.8.0.1","TCP","54","443  >  38154 [ACK] Seq=5368 Ack=644 Win=65535 Len=0"
"2121","41.063432","10.8.0.1","lga15s46-in-f22.1e100.net","TCP","210","[TCP Retransmission] 33402  >  443 [PSH, ACK] Seq=518 Ack=4751 Win=65535 Len=156"
"2122","41.063466","10.8.0.1","ord38s28-in-f10.1e100.net","TCP","210","[TCP Retransmission] 46678  >  443 [PSH, ACK] Seq=518 Ack=4683 Win=65535 Len=156"
"2123","41.264226","ec2-54-237-113-146.compute-1.amazonaws.com","10.8.0.1","TLSv1.2","312","New Session Ticket, Change Cipher Spec, Encrypted Handshake Message"
"2124","41.264486","10.8.0.1","ec2-54-237-113-146.compute-1.amazonaws.com","TCP","54","38154  >  443 [ACK] Seq=644 Ack=5626 Win=65535 Len=0"
"2125","41.314625","10.8.0.1","ec2-54-237-113-146.compute-1.amazonaws.com","TLSv1.2","107","Application Data"
"2126","41.314788","ec2-54-237-113-146.compute-1.amazonaws.com","10.8.0.1","TCP","54","443  >  38154 [ACK] Seq=5626 Ack=697 Win=65535 Len=0"
"2127","41.314801","10.8.0.1","ec2-54-237-113-146.compute-1.amazonaws.com","TLSv1.2","590","Application Data, Application Data"
"2128","41.314842","ec2-54-237-113-146.compute-1.amazonaws.com","10.8.0.1","TCP","54","443  >  38154 [ACK] Seq=5626 Ack=1233 Win=65535 Len=0"
"2129","41.314890","10.8.0.1","ec2-54-237-113-146.compute-1.amazonaws.com","TLSv1.2","136","Application Data"
"2130","41.314906","ec2-54-237-113-146.compute-1.amazonaws.com","10.8.0.1","TCP","54","443  >  38154 [ACK] Seq=5626 Ack=1315 Win=65535 Len=0"
"2131","41.465881","ec2-54-237-113-146.compute-1.amazonaws.com","10.8.0.1","TLSv1.2","2879","Application Data, Application Data"
"2132","41.465941","10.8.0.1","ec2-54-237-113-146.compute-1.amazonaws.com","TCP","54","38154  >  443 [ACK] Seq=1315 Ack=8451 Win=65535 Len=0"
"2133","41.516124","10.8.0.1","ec2-54-237-113-146.compute-1.amazonaws.com","TLSv1.2","92","Application Data"
"2134","41.516307","ec2-54-237-113-146.compute-1.amazonaws.com","10.8.0.1","TCP","54","443  >  38154 [ACK] Seq=8451 Ack=1353 Win=65535 Len=0"
"2135","41.516455","ec2-54-237-113-146.compute-1.amazonaws.com","10.8.0.1","TLSv1.2","195","Application Data, Application Data"
"2136","41.516483","10.8.0.1","ec2-54-237-113-146.compute-1.amazonaws.com","TCP","54","38154  >  443 [ACK] Seq=1353 Ack=8592 Win=65535 Len=0"
"2137","41.566629","10.8.0.1","ec2-44-234-223-221.us-west-2.compute.amazonaws.com","TCP","74","54424  >  443 [SYN] Seq=0 Win=65535 Len=0 MSS=1460 SACK_PERM=1 TSval=2113041957 TSecr=0 WS=1024"
"2138","41.568334","ec2-44-234-223-221.us-west-2.compute.amazonaws.com","10.8.0.1","TCP","54","443  >  54424 [SYN, ACK] Seq=0 Ack=1 Win=65535 Len=0"
"2139","41.568359","10.8.0.1","ec2-44-234-223-221.us-west-2.compute.amazonaws.com","TCP","54","54424  >  443 [ACK] Seq=1 Ack=1 Win=65535 Len=0"
"2140","41.618475","10.8.0.1","ec2-44-234-223-221.us-west-2.compute.amazonaws.com","TLSv1.2","571","Client Hello"
"2141","41.618592","ec2-44-234-223-221.us-west-2.compute.amazonaws.com","10.8.0.1","TCP","54","443  >  54424 [ACK] Seq=1 Ack=518 Win=65535 Len=0"
"2142","41.819381","ec2-44-234-223-221.us-west-2.compute.amazonaws.com","10.8.0.1","TLSv1.2","4188","Server Hello"
"2143","41.819482","10.8.0.1","ec2-44-234-223-221.us-west-2.compute.amazonaws.com","TCP","54","54424  >  443 [ACK] Seq=518 Ack=4135 Win=65535 Len=0"
"2144","41.920317","ec2-44-234-223-221.us-west-2.compute.amazonaws.com","10.8.0.1","TCP","1432","443  >  54424 [PSH, ACK] Seq=4135 Ack=518 Win=65535 Len=1378 [TCP segment of a reassembled PDU]"
"2145","41.920365","10.8.0.1","ec2-44-234-223-221.us-west-2.compute.amazonaws.com","TCP","54","54424  >  443 [ACK] Seq=518 Ack=5513 Win=65535 Len=0"
"2146","41.970745","ec2-44-234-223-221.us-west-2.compute.amazonaws.com","10.8.0.1","TLSv1.2","844","Certificate, Server Key Exchange, Server Hello Done"
"2147","41.970807","10.8.0.1","ec2-44-234-223-221.us-west-2.compute.amazonaws.com","TCP","54","54424  >  443 [ACK] Seq=518 Ack=6303 Win=65535 Len=0"
"2148","42.071163","10.8.0.1","ec2-54-237-113-146.compute-1.amazonaws.com","TLSv1.2","434","Application Data"
"2149","42.071324","ec2-54-237-113-146.compute-1.amazonaws.com","10.8.0.1","TCP","54","443  >  38154 [ACK] Seq=8592 Ack=1733 Win=65535 Len=0"
"2150","42.121687","10.8.0.1","ec2-44-234-223-221.us-west-2.compute.amazonaws.com","TLSv1.2","180","Client Key Exchange, Change Cipher Spec, Encrypted Handshake Message"
"2151","42.121883","ec2-44-234-223-221.us-west-2.compute.amazonaws.com","10.8.0.1","TCP","54","443  >  54424 [ACK] Seq=6303 Ack=644 Win=65535 Len=0"
"2152","42.222512","ec2-54-237-113-146.compute-1.amazonaws.com","10.8.0.1","TLSv1.2","1125","Application Data"
"2153","42.222598","10.8.0.1","ec2-54-237-113-146.compute-1.amazonaws.com","TCP","54","38154  >  443 [ACK] Seq=1733 Ack=9663 Win=65535 Len=0"
"2154","42.272896","ec2-54-237-113-146.compute-1.amazonaws.com","10.8.0.1","TLSv1.2","92","Application Data"
"2155","42.272979","ec2-44-234-223-221.us-west-2.compute.amazonaws.com","10.8.0.1","TLSv1.2","328","New Session Ticket, Change Cipher Spec, Encrypted Handshake Message"
"2156","42.272992","10.8.0.1","ec2-54-237-113-146.compute-1.amazonaws.com","TCP","54","38154  >  443 [ACK] Seq=1733 Ack=9701 Win=65535 Len=0"
"2157","42.273001","10.8.0.1","ec2-44-234-223-221.us-west-2.compute.amazonaws.com","TCP","54","54424  >  443 [ACK] Seq=644 Ack=6577 Win=65535 Len=0"
"2158","42.323263","10.8.0.1","ec2-54-237-113-146.compute-1.amazonaws.com","TLSv1.2","236","Application Data"
"2159","42.323405","ec2-54-237-113-146.compute-1.amazonaws.com","10.8.0.1","TCP","54","443  >  38154 [ACK] Seq=9701 Ack=1915 Win=65535 Len=0"
"2160","42.323423","10.8.0.1","ec2-3-141-129-234.us-east-2.compute.amazonaws.com","TCP","74","56618  >  443 [SYN] Seq=0 Win=65535 Len=0 MSS=1460 SACK_PERM=1 TSval=2479973681 TSecr=0 WS=1024"
"2161","42.325191","ec2-3-141-129-234.us-east-2.compute.amazonaws.com","10.8.0.1","TCP","54","443  >  56618 [SYN, ACK] Seq=0 Ack=1 Win=65535 Len=0"
"2162","42.325272","10.8.0.1","ec2-44-234-223-221.us-west-2.compute.amazonaws.com","TCP","590","54424  >  443 [ACK] Seq=644 Ack=6577 Win=65535 Len=536 [TCP segment of a reassembled PDU]"
"2163","42.325316","ec2-44-234-223-221.us-west-2.compute.amazonaws.com","10.8.0.1","TCP","54","443  >  54424 [ACK] Seq=6577 Ack=1180 Win=65535 Len=0"
"2164","42.325329","10.8.0.1","ec2-44-234-223-221.us-west-2.compute.amazonaws.com","TCP","590","54424  >  443 [PSH, ACK] Seq=1180 Ack=6577 Win=65535 Len=536 [TCP segment of a reassembled PDU]"
"2165","42.325354","ec2-44-234-223-221.us-west-2.compute.amazonaws.com","10.8.0.1","TCP","54","443  >  54424 [ACK] Seq=6577 Ack=1716 Win=65535 Len=0"
"2166","42.325364","10.8.0.1","ec2-44-234-223-221.us-west-2.compute.amazonaws.com","TCP","590","54424  >  443 [ACK] Seq=1716 Ack=6577 Win=65535 Len=536 [TCP segment of a reassembled PDU]"
"2167","42.325383","ec2-44-234-223-221.us-west-2.compute.amazonaws.com","10.8.0.1","TCP","54","443  >  54424 [ACK] Seq=6577 Ack=2252 Win=65535 Len=0"
"2168","42.325423","10.8.0.1","ec2-44-234-223-221.us-west-2.compute.amazonaws.com","TLSv1.2","132","Application Data"
"2169","42.325567","ec2-44-234-223-221.us-west-2.compute.amazonaws.com","10.8.0.1","TCP","54","443  >  54424 [ACK] Seq=6577 Ack=2330 Win=65535 Len=0"
"2170","42.325586","10.8.0.1","ord37s34-in-f10.1e100.net","TCP","54","59362  >  443 [FIN, ACK] Seq=1574 Ack=6042 Win=65535 Len=0"
"2171","42.325641","ord37s34-in-f10.1e100.net","10.8.0.1","TCP","54","443  >  59362 [ACK] Seq=6042 Ack=1575 Win=65535 Len=0"
"2172","42.325690","ord37s34-in-f10.1e100.net","10.8.0.1","TCP","54","443  >  59362 [FIN, ACK] Seq=6042 Ack=1575 Win=65535 Len=0"
"2173","42.325896","10.8.0.1","ord37s34-in-f10.1e100.net","TCP","54","59360  >  443 [FIN, ACK] Seq=1574 Ack=6037 Win=65535 Len=0"
"2174","42.325942","ord37s34-in-f10.1e100.net","10.8.0.1","TCP","54","443  >  59360 [ACK] Seq=6037 Ack=1575 Win=65535 Len=0"
"2175","42.325977","ord37s34-in-f10.1e100.net","10.8.0.1","TCP","54","443  >  59360 [FIN, ACK] Seq=6037 Ack=1575 Win=65535 Len=0"
"2176","42.326029","10.8.0.1","ord37s34-in-f10.1e100.net","TCP","54","59370  >  443 [FIN, ACK] Seq=1574 Ack=5989 Win=65535 Len=0"
"2177","42.326063","ord37s34-in-f10.1e100.net","10.8.0.1","TCP","54","443  >  59370 [ACK] Seq=5989 Ack=1575 Win=65535 Len=0"
"2178","42.326095","ord37s34-in-f10.1e100.net","10.8.0.1","TCP","54","443  >  59370 [FIN, ACK] Seq=5989 Ack=1575 Win=65535 Len=0"
"2179","42.326143","10.8.0.1","ord37s36-in-f3.1e100.net","TCP","54","43986  >  443 [FIN, ACK] Seq=898 Ack=1055 Win=65535 Len=0"
"2180","42.326177","ord37s36-in-f3.1e100.net","10.8.0.1","TCP","54","443  >  43986 [ACK] Seq=1055 Ack=899 Win=65535 Len=0"
"2181","42.326207","ord37s36-in-f3.1e100.net","10.8.0.1","TCP","54","443  >  43986 [FIN, ACK] Seq=1055 Ack=899 Win=65535 Len=0"
"2182","42.326262","10.8.0.1","ec2-3-141-129-234.us-east-2.compute.amazonaws.com","TCP","54","56618  >  443 [ACK] Seq=1 Ack=1 Win=65535 Len=0"
"2183","42.326274","10.8.0.1","ord37s34-in-f10.1e100.net","TCP","54","59362  >  443 [ACK] Seq=1575 Ack=6043 Win=65535 Len=0"
"2184","42.326283","10.8.0.1","ord37s34-in-f10.1e100.net","TCP","54","59360  >  443 [ACK] Seq=1575 Ack=6038 Win=65535 Len=0"
"2185","42.326291","10.8.0.1","ord37s34-in-f10.1e100.net","TCP","54","59370  >  443 [ACK] Seq=1575 Ack=5990 Win=65535 Len=0"
"2186","42.326298","10.8.0.1","ord37s36-in-f3.1e100.net","TCP","54","43986  >  443 [ACK] Seq=899 Ack=1056 Win=65535 Len=0"
"2187","42.376457","10.8.0.1","ec2-3-141-129-234.us-east-2.compute.amazonaws.com","TLSv1","571","Client Hello"
"2188","42.376604","ec2-3-141-129-234.us-east-2.compute.amazonaws.com","10.8.0.1","TCP","54","443  >  56618 [ACK] Seq=1 Ack=518 Win=65535 Len=0"
"2189","42.435602","ec2-54-237-113-146.compute-1.amazonaws.com","10.8.0.1","TCP","1432","443  >  38154 [PSH, ACK] Seq=9701 Ack=1915 Win=65535 Len=1378 [TCP segment of a reassembled PDU]"
"2190","42.473993","10.8.0.1","ec2-54-237-113-146.compute-1.amazonaws.com","TCP","54","38154  >  443 [ACK] Seq=1915 Ack=11079 Win=65535 Len=0"
"2191","42.474155","ec2-54-237-113-146.compute-1.amazonaws.com","10.8.0.1","TCP","124","443  >  38154 [PSH, ACK] Seq=11079 Ack=1915 Win=65535 Len=70 [TCP segment of a reassembled PDU]"
"2192","42.474165","10.8.0.1","ec2-54-237-113-146.compute-1.amazonaws.com","TCP","54","38154  >  443 [ACK] Seq=1915 Ack=11149 Win=65535 Len=0"
"2193","42.494370","ec2-54-237-113-146.compute-1.amazonaws.com","10.8.0.1","TLSv1.2","829","Application Data, Application Data"
"2194","42.494396","10.8.0.1","ec2-54-237-113-146.compute-1.amazonaws.com","TCP","54","38154  >  443 [ACK] Seq=1915 Ack=11924 Win=65535 Len=0"
"2195","42.696177","ec2-44-234-223-221.us-west-2.compute.amazonaws.com","10.8.0.1","TLSv1.2","380","Application Data"
"2196","42.696206","10.8.0.1","ec2-44-234-223-221.us-west-2.compute.amazonaws.com","TCP","54","54424  >  443 [ACK] Seq=2330 Ack=6903 Win=65535 Len=0"
"2197","42.828906","10.8.0.1","ord38s18-in-f2.1e100.net","TCP","54","60450  >  443 [FIN, ACK] Seq=518 Ack=4175 Win=65535 Len=0"
"2198","42.829078","ord38s18-in-f2.1e100.net","10.8.0.1","TCP","54","443  >  60450 [ACK] Seq=4175 Ack=519 Win=65535 Len=0"
"2199","42.829116","ord38s18-in-f2.1e100.net","10.8.0.1","TCP","54","443  >  60450 [FIN, ACK] Seq=4175 Ack=519 Win=65535 Len=0"
"2200","42.829126","10.8.0.1","ord38s28-in-f10.1e100.net","TLSv1.3","219","Application Data"
"2201","42.829140","ord38s28-in-f10.1e100.net","10.8.0.1","TCP","54","443  >  46678 [ACK] Seq=4683 Ack=675 Win=65535 Len=0"
"2202","42.829153","ord38s28-in-f10.1e100.net","10.8.0.1","TCP","54","443  >  46678 [FIN, ACK] Seq=4683 Ack=675 Win=65535 Len=0"
"2203","42.829158","10.8.0.1","lga15s46-in-f22.1e100.net","TLSv1.3","211","Application Data"
"2204","42.829168","lga15s46-in-f22.1e100.net","10.8.0.1","TCP","54","443  >  33402 [ACK] Seq=4751 Ack=675 Win=65535 Len=0"
"2205","42.829178","lga15s46-in-f22.1e100.net","10.8.0.1","TCP","54","443  >  33402 [FIN, ACK] Seq=4751 Ack=675 Win=65535 Len=0"
"2206","42.829182","10.8.0.1","ord38s18-in-f2.1e100.net","TCP","54","60450  >  443 [ACK] Seq=519 Ack=4176 Win=65535 Len=0"
"2207","42.829186","10.8.0.1","ord38s28-in-f10.1e100.net","TCP","54","46678  >  443 [ACK] Seq=840 Ack=4684 Win=65535 Len=0"
"2208","42.829189","10.8.0.1","lga15s46-in-f22.1e100.net","TCP","54","33402  >  443 [ACK] Seq=832 Ack=4752 Win=65535 Len=0"
"2209","43.147992","10.8.0.1","edge-star-shv-01-ort2.facebook.com","TCP","54","42082  >  443 [FIN, ACK] Seq=2246 Ack=3923 Win=65535 Len=0"
"2210","43.148163","edge-star-shv-01-ort2.facebook.com","10.8.0.1","TCP","54","443  >  42082 [ACK] Seq=3923 Ack=2247 Win=65535 Len=0"
"2211","43.148212","edge-star-shv-01-ort2.facebook.com","10.8.0.1","TCP","54","443  >  42082 [FIN, ACK] Seq=3923 Ack=2247 Win=65535 Len=0"
"2212","43.148347","10.8.0.1","edge-star-mini-shv-01-msp1.facebook.com","TCP","54","34944  >  443 [FIN, ACK] Seq=474 Ack=472 Win=65535 Len=0"
"2213","43.148403","edge-star-mini-shv-01-msp1.facebook.com","10.8.0.1","TCP","54","443  >  34944 [ACK] Seq=472 Ack=475 Win=65535 Len=0"
"2214","43.148428","edge-star-mini-shv-01-msp1.facebook.com","10.8.0.1","TCP","54","443  >  34944 [FIN, ACK] Seq=472 Ack=475 Win=65535 Len=0"
"2215","43.148462","10.8.0.1","edge-star-mini-shv-01-msp1.facebook.com","TCP","54","34938  >  443 [FIN, ACK] Seq=472 Ack=472 Win=65535 Len=0"
"2216","43.148506","edge-star-mini-shv-01-msp1.facebook.com","10.8.0.1","TCP","54","443  >  34938 [ACK] Seq=472 Ack=473 Win=65535 Len=0"
"2217","43.148528","edge-star-mini-shv-01-msp1.facebook.com","10.8.0.1","TCP","54","443  >  34938 [FIN, ACK] Seq=472 Ack=473 Win=65535 Len=0"
"2218","43.148556","10.8.0.1","edge-star-shv-01-ort2.facebook.com","TCP","54","42082  >  443 [ACK] Seq=2247 Ack=3924 Win=65535 Len=0"
"2219","43.148562","10.8.0.1","edge-star-mini-shv-01-msp1.facebook.com","TCP","54","34944  >  443 [ACK] Seq=475 Ack=473 Win=65535 Len=0"
"2220","43.148567","10.8.0.1","edge-star-mini-shv-01-msp1.facebook.com","TCP","54","34938  >  443 [ACK] Seq=473 Ack=473 Win=65535 Len=0"
"2221","43.148685","10.8.0.1","edge-star-shv-01-ort2.facebook.com","TCP","54","42074  >  443 [FIN, ACK] Seq=470 Ack=2643 Win=65535 Len=0"
"2222","43.148729","edge-star-shv-01-ort2.facebook.com","10.8.0.1","TCP","54","443  >  42074 [ACK] Seq=2643 Ack=471 Win=65535 Len=0"
"2223","43.148752","edge-star-shv-01-ort2.facebook.com","10.8.0.1","TCP","54","443  >  42074 [FIN, ACK] Seq=2643 Ack=471 Win=65535 Len=0"
"2224","43.148777","10.8.0.1","edge-star-shv-01-ort2.facebook.com","TCP","54","42074  >  443 [ACK] Seq=471 Ack=2644 Win=65535 Len=0"
"2225","43.191310","10.8.0.1","server-52-84-121-34.ord53.r.cloudfront.net","TCP","54","51450  >  443 [FIN, ACK] Seq=1017 Ack=3980 Win=67107840 Len=0"
"2226","43.191437","server-52-84-121-34.ord53.r.cloudfront.net","10.8.0.1","TCP","54","443  >  51450 [ACK] Seq=3980 Ack=1018 Win=65535 Len=0"
"2227","43.191470","server-52-84-121-34.ord53.r.cloudfront.net","10.8.0.1","TCP","54","443  >  51450 [FIN, ACK] Seq=3980 Ack=1018 Win=65535 Len=0"
"2228","43.191522","10.8.0.1","server-52-84-121-34.ord53.r.cloudfront.net","TCP","54","51450  >  443 [ACK] Seq=1018 Ack=3981 Win=67107840 Len=0"
"2229","43.797551","10.8.0.1","40.70.161.102","TCP","54","40176  >  443 [FIN, ACK] Seq=518 Ack=1 Win=67107840 Len=0"
"2230","43.797874","40.70.161.102","10.8.0.1","TCP","54","443  >  40176 [ACK] Seq=1 Ack=519 Win=65535 Len=0"
"2231","43.797978","40.70.161.102","10.8.0.1","TCP","54","443  >  40176 [FIN, ACK] Seq=1 Ack=519 Win=65535 Len=0"
"2232","43.798252","10.8.0.1","40.70.161.102","TCP","54","40176  >  443 [ACK] Seq=519 Ack=2 Win=67107840 Len=0"
"2233","43.850848","10.8.0.1","52.185.211.133","TCP","54","56720  >  443 [FIN, ACK] Seq=1354 Ack=6237 Win=67107840 Len=0"
"2234","43.851056","52.185.211.133","10.8.0.1","TCP","54","443  >  56720 [ACK] Seq=6237 Ack=1355 Win=65535 Len=0"
"2235","43.851125","52.185.211.133","10.8.0.1","TCP","54","443  >  56720 [FIN, ACK] Seq=6237 Ack=1355 Win=65535 Len=0"
"2236","43.851248","10.8.0.1","64.4.54.254","TCP","54","48556  >  443 [FIN, ACK] Seq=5854 Ack=6291 Win=67107840 Len=0"
"2237","43.851300","64.4.54.254","10.8.0.1","TCP","54","443  >  48556 [ACK] Seq=6291 Ack=5855 Win=65535 Len=0"
"2238","43.851322","64.4.54.254","10.8.0.1","TCP","54","443  >  48556 [FIN, ACK] Seq=6291 Ack=5855 Win=65535 Len=0"
"2239","43.851353","10.8.0.1","64.4.54.254","TCP","54","48558  >  443 [FIN, ACK] Seq=4046 Ack=6291 Win=67107840 Len=0"
"2240","43.851398","64.4.54.254","10.8.0.1","TCP","54","443  >  48558 [ACK] Seq=6291 Ack=4047 Win=65535 Len=0"
"2241","43.851420","64.4.54.254","10.8.0.1","TCP","54","443  >  48558 [FIN, ACK] Seq=6291 Ack=4047 Win=65535 Len=0"
"2242","43.851448","10.8.0.1","52.185.211.133","TCP","54","56720  >  443 [ACK] Seq=1355 Ack=6238 Win=67107840 Len=0"
"2243","43.851453","10.8.0.1","64.4.54.254","TCP","54","48556  >  443 [ACK] Seq=5855 Ack=6292 Win=67107840 Len=0"
"2244","43.851458","10.8.0.1","64.4.54.254","TCP","54","48558  >  443 [ACK] Seq=4047 Ack=6292 Win=67107840 Len=0"
"2245","44.548087","10.8.0.1","52.182.143.211","TCP","54","42280  >  443 [FIN, ACK] Seq=2349 Ack=6712 Win=65535 Len=0"
"2246","44.548293","52.182.143.211","10.8.0.1","TCP","54","443  >  42280 [ACK] Seq=6712 Ack=2350 Win=65535 Len=0"
"2247","44.548338","52.182.143.211","10.8.0.1","TCP","54","443  >  42280 [FIN, ACK] Seq=6712 Ack=2350 Win=65535 Len=0"
"2248","44.548484","10.8.0.1","40.70.161.102","TCP","54","40204  >  443 [FIN, ACK] Seq=1503 Ack=5633 Win=67107840 Len=0"
"2249","44.548534","40.70.161.102","10.8.0.1","TCP","54","443  >  40204 [ACK] Seq=5633 Ack=1504 Win=65535 Len=0"
"2250","44.548557","40.70.161.102","10.8.0.1","TCP","54","443  >  40204 [FIN, ACK] Seq=5633 Ack=1504 Win=65535 Len=0"
"2251","44.548589","10.8.0.1","52.182.143.211","TCP","54","42280  >  443 [ACK] Seq=2350 Ack=6713 Win=65535 Len=0"
"2252","44.548594","10.8.0.1","40.70.161.102","TCP","54","40204  >  443 [ACK] Seq=1504 Ack=5634 Win=67107840 Len=0"
"2253","45.662171","10.8.0.1","ord37s34-in-f10.1e100.net","TCP","118","[TCP Retransmission] 59396  >  443 [PSH, ACK] Seq=518 Ack=4673 Win=67107840 Len=64"
"2254","46.140226","10.8.0.1","ord37s35-in-f14.1e100.net","TCP","74","34370  >  443 [SYN] Seq=0 Win=65535 Len=0 MSS=1460 SACK_PERM=1 TSval=2464878676 TSecr=0 WS=1024"
"2255","46.141316","ord37s35-in-f14.1e100.net","10.8.0.1","TCP","54","443  >  34370 [SYN, ACK] Seq=0 Ack=1 Win=65535 Len=0"
"2256","46.141332","10.8.0.1","ord37s35-in-f14.1e100.net","TCP","54","34370  >  443 [ACK] Seq=1 Ack=1 Win=65535 Len=0"
"2257","46.142044","10.8.0.1","ord37s35-in-f14.1e100.net","TCP","590","34370  >  443 [ACK] Seq=1 Ack=1 Win=65535 Len=536 [TCP segment of a reassembled PDU]"
"2258","46.142069","ord37s35-in-f14.1e100.net","10.8.0.1","TCP","54","443  >  34370 [ACK] Seq=1 Ack=537 Win=65535 Len=0"
"2259","46.142074","10.8.0.1","ord37s35-in-f14.1e100.net","TLSv1.3","63","Client Hello"
"2260","46.142083","ord37s35-in-f14.1e100.net","10.8.0.1","TCP","54","443  >  34370 [ACK] Seq=1 Ack=546 Win=65535 Len=0"
"2261","46.266578","ord37s35-in-f14.1e100.net","10.8.0.1","TLSv1.3","257","Server Hello, Change Cipher Spec, Application Data"
"2262","46.266608","10.8.0.1","ord37s35-in-f14.1e100.net","TCP","54","34370  >  443 [ACK] Seq=546 Ack=204 Win=65535 Len=0"
"2263","46.267831","10.8.0.1","ord37s35-in-f14.1e100.net","TLSv1.3","118","Change Cipher Spec, Application Data"
"2264","46.267845","ord37s35-in-f14.1e100.net","10.8.0.1","TCP","54","443  >  34370 [ACK] Seq=204 Ack=610 Win=65535 Len=0"
"2265","46.272826","10.8.0.1","ord37s35-in-f14.1e100.net","TCP","590","34370  >  443 [ACK] Seq=610 Ack=204 Win=65535 Len=536 [TCP segment of a reassembled PDU]"
"2266","46.272840","ord37s35-in-f14.1e100.net","10.8.0.1","TCP","54","443  >  34370 [ACK] Seq=204 Ack=1146 Win=65535 Len=0"
"2267","46.272845","10.8.0.1","ord37s35-in-f14.1e100.net","TLSv1.3","303","Application Data"
"2268","46.272853","ord37s35-in-f14.1e100.net","10.8.0.1","TCP","54","443  >  34370 [ACK] Seq=204 Ack=1395 Win=65535 Len=0"
"2269","46.703269","ord37s35-in-f14.1e100.net","10.8.0.1","TLSv1.3","1164","Application Data, Application Data"
"2270","46.703309","10.8.0.1","ord37s35-in-f14.1e100.net","TCP","54","34370  >  443 [ACK] Seq=1395 Ack=1314 Win=65535 Len=0"
"2271","46.783538","ord37s35-in-f14.1e100.net","10.8.0.1","TLSv1.3","315","Application Data, Application Data"
"2272","46.783561","10.8.0.1","ord37s35-in-f14.1e100.net","TCP","54","34370  >  443 [ACK] Seq=1395 Ack=1575 Win=65535 Len=0"
"2273","47.109705","10.8.0.1","https-208-111-182-63.yyz.llnw.net","TCP","74","50642  >  443 [SYN] Seq=0 Win=65535 Len=0 MSS=1460 SACK_PERM=1 TSval=1076461379 TSecr=0 WS=1024"
"2274","47.110902","https-208-111-182-63.yyz.llnw.net","10.8.0.1","TCP","54","443  >  50642 [SYN, ACK] Seq=0 Ack=1 Win=65535 Len=0"
"2275","47.110924","10.8.0.1","https-208-111-182-63.yyz.llnw.net","TCP","54","50642  >  443 [ACK] Seq=1 Ack=1 Win=65535 Len=0"
"2276","47.116675","10.8.0.1","https-208-111-182-63.yyz.llnw.net","TLSv1.3","571","Client Hello"
"2277","47.116698","https-208-111-182-63.yyz.llnw.net","10.8.0.1","TCP","54","443  >  50642 [ACK] Seq=1 Ack=518 Win=65535 Len=0"
"2278","47.263937","https-208-111-182-63.yyz.llnw.net","10.8.0.1","TLSv1.3","2810","Server Hello, Change Cipher Spec, Application Data"
"2279","47.263982","10.8.0.1","https-208-111-182-63.yyz.llnw.net","TCP","54","50642  >  443 [ACK] Seq=518 Ack=2757 Win=65535 Len=0"
"2280","47.265990","https-208-111-182-63.yyz.llnw.net","10.8.0.1","TCP","194","443  >  50642 [PSH, ACK] Seq=2757 Ack=518 Win=65535 Len=140 [TCP segment of a reassembled PDU]"
"2281","47.266008","10.8.0.1","https-208-111-182-63.yyz.llnw.net","TCP","54","50642  >  443 [ACK] Seq=518 Ack=2897 Win=65535 Len=0"
"2282","47.266084","https-208-111-182-63.yyz.llnw.net","10.8.0.1","TCP","1432","443  >  50642 [PSH, ACK] Seq=2897 Ack=518 Win=65535 Len=1378 [TCP segment of a reassembled PDU]"
"2283","47.266096","10.8.0.1","https-208-111-182-63.yyz.llnw.net","TCP","54","50642  >  443 [ACK] Seq=518 Ack=4275 Win=65535 Len=0"
"2284","47.418214","https-208-111-182-63.yyz.llnw.net","10.8.0.1","TLSv1.3","1100","Application Data, Application Data, Application Data"
"2285","47.418269","10.8.0.1","https-208-111-182-63.yyz.llnw.net","TCP","54","50642  >  443 [ACK] Seq=518 Ack=5321 Win=65535 Len=0"
"2286","47.420143","10.8.0.1","https-208-111-182-63.yyz.llnw.net","TLSv1.3","134","Change Cipher Spec, Application Data"
"2287","47.420200","https-208-111-182-63.yyz.llnw.net","10.8.0.1","TCP","54","443  >  50642 [ACK] Seq=5321 Ack=598 Win=65535 Len=0"
"2288","47.420673","10.8.0.1","https-208-111-182-63.yyz.llnw.net","TLSv1.3","290","Application Data"
"2289","47.420691","https-208-111-182-63.yyz.llnw.net","10.8.0.1","TCP","54","443  >  50642 [ACK] Seq=5321 Ack=834 Win=65535 Len=0"
"2290","47.572337","10.8.0.1","edge-star-shv-01-ort2.facebook.com","TCP","74","42352  >  443 [SYN] Seq=0 Win=65535 Len=0 MSS=1460 SACK_PERM=1 TSval=1359016269 TSecr=0 WS=1024"
"2291","47.574354","edge-star-shv-01-ort2.facebook.com","10.8.0.1","TCP","54","443  >  42352 [SYN, ACK] Seq=0 Ack=1 Win=65535 Len=0"
"2292","47.574375","10.8.0.1","edge-star-shv-01-ort2.facebook.com","TCP","54","42352  >  443 [ACK] Seq=1 Ack=1 Win=65535 Len=0"
"2293","47.575813","https-208-111-182-63.yyz.llnw.net","10.8.0.1","TLSv1.3","628","Application Data, Application Data"
"2294","47.575827","10.8.0.1","https-208-111-182-63.yyz.llnw.net","TCP","54","50642  >  443 [ACK] Seq=834 Ack=5895 Win=65535 Len=0"
"2295","47.580553","10.8.0.1","edge-star-mini-shv-01-msp1.facebook.com","TCP","74","35216  >  443 [SYN] Seq=0 Win=65535 Len=0 MSS=1460 SACK_PERM=1 TSval=2703966833 TSecr=0 WS=1024"
"2296","47.582356","edge-star-mini-shv-01-msp1.facebook.com","10.8.0.1","TCP","54","443  >  35216 [SYN, ACK] Seq=0 Ack=1 Win=65535 Len=0"
"2297","47.582373","10.8.0.1","edge-star-mini-shv-01-msp1.facebook.com","TCP","54","35216  >  443 [ACK] Seq=1 Ack=1 Win=65535 Len=0"
"2298","47.594428","10.8.0.1","edge-star-shv-01-ort2.facebook.com","QUIC","1274","Initial, DCID=7f66cddb24f9a754, PKN: 10938948, CRYPTO, PADDING"
"2299","47.676457","edge-star-shv-01-ort2.facebook.com","10.8.0.1","QUIC","1274","Initial, SCID=6b474450eff7173d, PKN: 14537574, ACK, PADDING"
"2300","47.676515","10.8.0.1","edge-star-shv-01-ort2.facebook.com","TCP","74","42360  >  443 [SYN] Seq=0 Win=65535 Len=0 MSS=1460 SACK_PERM=1 TSval=1359016294 TSecr=0 WS=1024"
"2301","47.677256","edge-star-shv-01-ort2.facebook.com","10.8.0.1","TCP","54","443  >  42360 [SYN, ACK] Seq=0 Ack=1 Win=65535 Len=0"
"2302","47.677629","https-208-111-182-63.yyz.llnw.net","10.8.0.1","TLSv1.3","1156","Application Data"
"2303","47.677650","10.8.0.1","edge-star-shv-01-ort2.facebook.com","TCP","54","42360  >  443 [ACK] Seq=1 Ack=1 Win=65535 Len=0"
"2304","47.677658","10.8.0.1","https-208-111-182-63.yyz.llnw.net","TCP","54","50642  >  443 [ACK] Seq=834 Ack=6997 Win=65535 Len=0"
"2305","47.706502","10.8.0.1","edge-star-mini-shv-01-msp1.facebook.com","TCP","74","35224  >  443 [SYN] Seq=0 Win=65535 Len=0 MSS=1460 SACK_PERM=1 TSval=2703966959 TSecr=0 WS=1024"
"2306","47.707674","edge-star-mini-shv-01-msp1.facebook.com","10.8.0.1","TCP","54","443  >  35224 [SYN, ACK] Seq=0 Ack=1 Win=65535 Len=0"
"2307","47.707692","10.8.0.1","edge-star-mini-shv-01-msp1.facebook.com","TCP","54","35224  >  443 [ACK] Seq=1 Ack=1 Win=65535 Len=0"
"2308","47.720234","10.8.0.1","edge-star-shv-01-ort2.facebook.com","TLSv1.3","459","Client Hello"
"2309","47.720264","edge-star-shv-01-ort2.facebook.com","10.8.0.1","TCP","54","443  >  42352 [ACK] Seq=1 Ack=406 Win=65535 Len=0"
"2310","47.726769","10.8.0.1","edge-star-mini-shv-01-msp1.facebook.com","TLSv1.3","461","Client Hello"
"2311","47.726792","edge-star-mini-shv-01-msp1.facebook.com","10.8.0.1","TCP","54","443  >  35216 [ACK] Seq=1 Ack=408 Win=65535 Len=0"
"2312","47.733457","10.8.0.1","edge-star-shv-01-ort2.facebook.com","TLSv1.3","461","Client Hello"
"2313","47.733476","edge-star-shv-01-ort2.facebook.com","10.8.0.1","TCP","54","443  >  42360 [ACK] Seq=1 Ack=408 Win=65535 Len=0"
"2314","47.745809","10.8.0.1","edge-star-mini-shv-01-msp1.facebook.com","TLSv1.3","463","Client Hello"
"2315","47.745853","edge-star-mini-shv-01-msp1.facebook.com","10.8.0.1","TCP","54","443  >  35224 [ACK] Seq=1 Ack=410 Win=65535 Len=0"
"2316","47.795408","edge-star-shv-01-ort2.facebook.com","10.8.0.1","TLSv1.3","1432","Server Hello, Change Cipher Spec, Application Data"
"2317","47.795433","10.8.0.1","edge-star-shv-01-ort2.facebook.com","TCP","54","42352  >  443 [ACK] Seq=406 Ack=1379 Win=65535 Len=0"
"2318","47.795451","edge-star-shv-01-ort2.facebook.com","10.8.0.1","TCP","56","443  >  42352 [PSH, ACK] Seq=1379 Ack=406 Win=65535 Len=2 [TCP segment of a reassembled PDU]"
"2319","47.795456","10.8.0.1","edge-star-shv-01-ort2.facebook.com","TCP","54","42352  >  443 [ACK] Seq=406 Ack=1381 Win=65535 Len=0"
"2320","47.826395","edge-star-mini-shv-01-msp1.facebook.com","10.8.0.1","TLSv1.3","266","Server Hello, Change Cipher Spec, Application Data"
"2321","47.826403","10.8.0.1","edge-star-mini-shv-01-msp1.facebook.com","TCP","54","35216  >  443 [ACK] Seq=408 Ack=213 Win=65535 Len=0"
"2322","47.827907","10.8.0.1","edge-star-mini-shv-01-msp1.facebook.com","TLSv1.3","118","Change Cipher Spec, Application Data"
"2323","47.827920","edge-star-mini-shv-01-msp1.facebook.com","10.8.0.1","TCP","54","443  >  35216 [ACK] Seq=213 Ack=472 Win=65535 Len=0"
"2324","47.842502","edge-star-shv-01-ort2.facebook.com","10.8.0.1","TLSv1.3","1058","Application Data"
"2325","47.842522","10.8.0.1","edge-star-shv-01-ort2.facebook.com","TCP","54","42352  >  443 [ACK] Seq=406 Ack=2385 Win=65535 Len=0"
"2326","47.866509","edge-star-shv-01-ort2.facebook.com","10.8.0.1","TLSv1.3","1432","Server Hello, Change Cipher Spec, Application Data"
"2327","47.866569","10.8.0.1","edge-star-shv-01-ort2.facebook.com","TCP","54","42360  >  443 [ACK] Seq=408 Ack=1379 Win=65535 Len=0"
"2328","47.866607","edge-star-shv-01-ort2.facebook.com","10.8.0.1","TLSv1.3","1061","Application Data"
"2329","47.866616","10.8.0.1","edge-star-shv-01-ort2.facebook.com","TCP","54","42360  >  443 [ACK] Seq=408 Ack=2386 Win=65535 Len=0"
"2330","47.880535","edge-star-mini-shv-01-msp1.facebook.com","10.8.0.1","TLSv1.3","266","Server Hello, Change Cipher Spec, Application Data"
"2331","47.880567","10.8.0.1","edge-star-mini-shv-01-msp1.facebook.com","TCP","54","35224  >  443 [ACK] Seq=410 Ack=213 Win=65535 Len=0"
"2332","47.906382","edge-star-mini-shv-01-msp1.facebook.com","10.8.0.1","TLSv1.3","233","Application Data"
"2333","47.906392","10.8.0.1","edge-star-mini-shv-01-msp1.facebook.com","TCP","54","35216  >  443 [ACK] Seq=472 Ack=392 Win=65535 Len=0"
"2334","47.913354","10.8.0.1","edge-star-shv-01-ort2.facebook.com","TLSv1.3","118","Change Cipher Spec, Application Data"
"2335","47.913374","edge-star-shv-01-ort2.facebook.com","10.8.0.1","TCP","54","443  >  42352 [ACK] Seq=2385 Ack=470 Win=65535 Len=0"
"2336","47.934785","10.8.0.1","edge-star-shv-01-ort2.facebook.com","TLSv1.3","118","Change Cipher Spec, Application Data"
"2337","47.934813","edge-star-shv-01-ort2.facebook.com","10.8.0.1","TCP","54","443  >  42360 [ACK] Seq=2386 Ack=472 Win=65535 Len=0"
"2338","47.936015","10.8.0.1","edge-star-mini-shv-01-msp1.facebook.com","TLSv1.3","118","Change Cipher Spec, Application Data"
"2339","47.936027","edge-star-mini-shv-01-msp1.facebook.com","10.8.0.1","TCP","54","443  >  35224 [ACK] Seq=213 Ack=474 Win=65535 Len=0"
"2340","47.968292","edge-star-mini-shv-01-msp1.facebook.com","10.8.0.1","TLSv1.3","134","Application Data"
"2341","47.968305","10.8.0.1","edge-star-mini-shv-01-msp1.facebook.com","TCP","54","35216  >  443 [ACK] Seq=472 Ack=472 Win=65535 Len=0"
"2342","47.972222","edge-star-shv-01-ort2.facebook.com","10.8.0.1","TLSv1.3","233","Application Data"
"2343","47.972228","10.8.0.1","edge-star-shv-01-ort2.facebook.com","TCP","54","42352  >  443 [ACK] Seq=470 Ack=2564 Win=65535 Len=0"
"2344","47.995961","edge-star-shv-01-ort2.facebook.com","10.8.0.1","TLSv1.3","313","Application Data, Application Data"
"2345","47.995985","10.8.0.1","edge-star-shv-01-ort2.facebook.com","TCP","54","42360  >  443 [ACK] Seq=472 Ack=2645 Win=65535 Len=0"
"2346","48.010275","edge-star-mini-shv-01-msp1.facebook.com","10.8.0.1","TLSv1.3","233","Application Data"
"2347","48.010281","10.8.0.1","edge-star-mini-shv-01-msp1.facebook.com","TCP","54","35224  >  443 [ACK] Seq=474 Ack=392 Win=65535 Len=0"
"2348","48.025189","edge-star-shv-01-ort2.facebook.com","10.8.0.1","TLSv1.3","134","Application Data"
"2349","48.025194","10.8.0.1","edge-star-shv-01-ort2.facebook.com","TCP","54","42352  >  443 [ACK] Seq=470 Ack=2644 Win=65535 Len=0"
"2350","48.196742","edge-star-mini-shv-01-msp1.facebook.com","10.8.0.1","TLSv1.3","134","Application Data"
"2351","48.196754","10.8.0.1","edge-star-mini-shv-01-msp1.facebook.com","TCP","54","35224  >  443 [ACK] Seq=474 Ack=472 Win=65535 Len=0"
"2352","48.230806","10.8.0.1","edge-star-mini-shv-02-ort2.facebook.com","TCP","74","45004  >  443 [SYN] Seq=0 Win=65535 Len=0 MSS=1460 SACK_PERM=1 TSval=2886030340 TSecr=0 WS=1024"
"2353","48.231777","edge-star-mini-shv-02-ort2.facebook.com","10.8.0.1","TCP","54","443  >  45004 [SYN, ACK] Seq=0 Ack=1 Win=65535 Len=0"
"2354","48.231800","10.8.0.1","edge-star-mini-shv-02-ort2.facebook.com","TCP","54","45004  >  443 [ACK] Seq=1 Ack=1 Win=65535 Len=0"
"2355","48.237777","10.8.0.1","edge-star-mini-shv-02-ort2.facebook.com","TLSv1.3","571","Client Hello"
"2356","48.237794","edge-star-mini-shv-02-ort2.facebook.com","10.8.0.1","TCP","54","443  >  45004 [ACK] Seq=1 Ack=518 Win=65535 Len=0"
"2357","48.358473","edge-star-mini-shv-02-ort2.facebook.com","10.8.0.1","TLSv1.3","1432","Server Hello, Change Cipher Spec, Application Data"
"2358","48.358505","10.8.0.1","edge-star-mini-shv-02-ort2.facebook.com","TCP","54","45004  >  443 [ACK] Seq=518 Ack=1379 Win=65535 Len=0"
"2359","48.358524","edge-star-mini-shv-02-ort2.facebook.com","10.8.0.1","TCP","56","443  >  45004 [PSH, ACK] Seq=1379 Ack=518 Win=65535 Len=2 [TCP segment of a reassembled PDU]"
"2360","48.358528","10.8.0.1","edge-star-mini-shv-02-ort2.facebook.com","TCP","54","45004  >  443 [ACK] Seq=518 Ack=1381 Win=65535 Len=0"
"2361","48.359850","edge-star-mini-shv-02-ort2.facebook.com","10.8.0.1","TLSv1.3","1432","Application Data [TCP segment of a reassembled PDU]"
"2362","48.359870","10.8.0.1","edge-star-mini-shv-02-ort2.facebook.com","TCP","54","45004  >  443 [ACK] Seq=518 Ack=2759 Win=65535 Len=0"
"2363","48.537993","edge-star-mini-shv-02-ort2.facebook.com","10.8.0.1","TLSv1.3","539","Application Data"
"2364","48.538019","10.8.0.1","edge-star-mini-shv-02-ort2.facebook.com","TCP","54","45004  >  443 [ACK] Seq=518 Ack=3244 Win=65535 Len=0"
"2365","48.575480","10.8.0.1","edge-star-mini-shv-02-ort2.facebook.com","TLSv1.3","118","Change Cipher Spec, Application Data"
"2366","48.575512","edge-star-mini-shv-02-ort2.facebook.com","10.8.0.1","TCP","54","443  >  45004 [ACK] Seq=3244 Ack=582 Win=65535 Len=0"
"2367","48.608481","10.8.0.1","edge-star-mini-shv-02-ort2.facebook.com","TCP","590","45004  >  443 [ACK] Seq=582 Ack=3244 Win=65535 Len=536 [TCP segment of a reassembled PDU]"
"2368","48.608508","edge-star-mini-shv-02-ort2.facebook.com","10.8.0.1","TCP","54","443  >  45004 [ACK] Seq=3244 Ack=1118 Win=65535 Len=0"
"2369","48.608513","10.8.0.1","edge-star-mini-shv-02-ort2.facebook.com","TCP","590","45004  >  443 [ACK] Seq=1118 Ack=3244 Win=65535 Len=536 [TCP segment of a reassembled PDU]"
"2370","48.608521","edge-star-mini-shv-02-ort2.facebook.com","10.8.0.1","TCP","54","443  >  45004 [ACK] Seq=3244 Ack=1654 Win=65535 Len=0"
"2371","48.608525","10.8.0.1","edge-star-mini-shv-02-ort2.facebook.com","TCP","590","45004  >  443 [ACK] Seq=1654 Ack=3244 Win=65535 Len=536 [TCP segment of a reassembled PDU]"
"2372","48.608533","edge-star-mini-shv-02-ort2.facebook.com","10.8.0.1","TCP","54","443  >  45004 [ACK] Seq=3244 Ack=2190 Win=65535 Len=0"
"2373","48.608537","10.8.0.1","edge-star-mini-shv-02-ort2.facebook.com","TCP","590","45004  >  443 [ACK] Seq=2190 Ack=3244 Win=65535 Len=536 [TCP segment of a reassembled PDU]"
"2374","48.608562","edge-star-mini-shv-02-ort2.facebook.com","10.8.0.1","TCP","54","443  >  45004 [ACK] Seq=3244 Ack=2726 Win=65535 Len=0"
"2375","48.608566","10.8.0.1","edge-star-mini-shv-02-ort2.facebook.com","TCP","590","45004  >  443 [PSH, ACK] Seq=2726 Ack=3244 Win=65535 Len=536 [TCP segment of a reassembled PDU]"
"2376","48.608573","edge-star-mini-shv-02-ort2.facebook.com","10.8.0.1","TCP","54","443  >  45004 [ACK] Seq=3244 Ack=3262 Win=65535 Len=0"
"2377","48.608577","10.8.0.1","edge-star-mini-shv-02-ort2.facebook.com","TCP","590","45004  >  443 [ACK] Seq=3262 Ack=3244 Win=65535 Len=536 [TCP segment of a reassembled PDU]"
"2378","48.608585","edge-star-mini-shv-02-ort2.facebook.com","10.8.0.1","TCP","54","443  >  45004 [ACK] Seq=3244 Ack=3798 Win=65535 Len=0"
"2379","48.608592","10.8.0.1","edge-star-mini-shv-02-ort2.facebook.com","TCP","590","45004  >  443 [ACK] Seq=3798 Ack=3244 Win=65535 Len=536 [TCP segment of a reassembled PDU]"
"2380","48.608599","edge-star-mini-shv-02-ort2.facebook.com","10.8.0.1","TCP","54","443  >  45004 [ACK] Seq=3244 Ack=4334 Win=65535 Len=0"
"2381","48.608602","10.8.0.1","edge-star-mini-shv-02-ort2.facebook.com","TCP","590","45004  >  443 [ACK] Seq=4334 Ack=3244 Win=65535 Len=536 [TCP segment of a reassembled PDU]"
"2382","48.608611","edge-star-mini-shv-02-ort2.facebook.com","10.8.0.1","TCP","54","443  >  45004 [ACK] Seq=3244 Ack=4870 Win=65535 Len=0"
"2383","48.608615","10.8.0.1","edge-star-mini-shv-02-ort2.facebook.com","TCP","590","45004  >  443 [ACK] Seq=4870 Ack=3244 Win=65535 Len=536 [TCP segment of a reassembled PDU]"
"2384","48.608622","edge-star-mini-shv-02-ort2.facebook.com","10.8.0.1","TCP","54","443  >  45004 [ACK] Seq=3244 Ack=5406 Win=65535 Len=0"
"2385","48.608626","10.8.0.1","edge-star-mini-shv-02-ort2.facebook.com","TCP","590","45004  >  443 [PSH, ACK] Seq=5406 Ack=3244 Win=65535 Len=536 [TCP segment of a reassembled PDU]"
"2386","48.608637","edge-star-mini-shv-02-ort2.facebook.com","10.8.0.1","TCP","54","443  >  45004 [ACK] Seq=3244 Ack=5942 Win=65535 Len=0"
"2387","48.608641","10.8.0.1","edge-star-mini-shv-02-ort2.facebook.com","TCP","590","45004  >  443 [ACK] Seq=5942 Ack=3244 Win=65535 Len=536 [TCP segment of a reassembled PDU]"
"2388","48.608648","edge-star-mini-shv-02-ort2.facebook.com","10.8.0.1","TCP","54","443  >  45004 [ACK] Seq=3244 Ack=6478 Win=65535 Len=0"
"2389","48.608653","10.8.0.1","edge-star-mini-shv-02-ort2.facebook.com","TCP","590","45004  >  443 [PSH, ACK] Seq=6478 Ack=3244 Win=65535 Len=536 [TCP segment of a reassembled PDU]"
"2390","48.608659","edge-star-mini-shv-02-ort2.facebook.com","10.8.0.1","TCP","54","443  >  45004 [ACK] Seq=3244 Ack=7014 Win=65535 Len=0"
"2391","48.608665","10.8.0.1","edge-star-mini-shv-02-ort2.facebook.com","TCP","590","45004  >  443 [ACK] Seq=7014 Ack=3244 Win=65535 Len=536 [TCP segment of a reassembled PDU]"
"2392","48.608672","edge-star-mini-shv-02-ort2.facebook.com","10.8.0.1","TCP","54","443  >  45004 [ACK] Seq=3244 Ack=7550 Win=65535 Len=0"
"2393","48.608677","10.8.0.1","edge-star-mini-shv-02-ort2.facebook.com","TCP","590","45004  >  443 [ACK] Seq=7550 Ack=3244 Win=65535 Len=536 [TCP segment of a reassembled PDU]"
"2394","48.608683","edge-star-mini-shv-02-ort2.facebook.com","10.8.0.1","TCP","54","443  >  45004 [ACK] Seq=3244 Ack=8086 Win=65535 Len=0"
"2395","48.608687","10.8.0.1","edge-star-mini-shv-02-ort2.facebook.com","TCP","590","45004  >  443 [ACK] Seq=8086 Ack=3244 Win=65535 Len=536 [TCP segment of a reassembled PDU]"
"2396","48.608693","edge-star-mini-shv-02-ort2.facebook.com","10.8.0.1","TCP","54","443  >  45004 [ACK] Seq=3244 Ack=8622 Win=65535 Len=0"
"2397","48.608697","10.8.0.1","edge-star-mini-shv-02-ort2.facebook.com","TCP","590","45004  >  443 [PSH, ACK] Seq=8622 Ack=3244 Win=65535 Len=536 [TCP segment of a reassembled PDU]"
"2398","48.608708","edge-star-mini-shv-02-ort2.facebook.com","10.8.0.1","TCP","54","443  >  45004 [ACK] Seq=3244 Ack=9158 Win=65535 Len=0"
"2399","48.608712","10.8.0.1","edge-star-mini-shv-02-ort2.facebook.com","TCP","590","45004  >  443 [ACK] Seq=9158 Ack=3244 Win=65535 Len=536 [TCP segment of a reassembled PDU]"
"2400","48.608721","edge-star-mini-shv-02-ort2.facebook.com","10.8.0.1","TCP","54","443  >  45004 [ACK] Seq=3244 Ack=9694 Win=65535 Len=0"
"2401","48.608725","10.8.0.1","edge-star-mini-shv-02-ort2.facebook.com","TCP","590","45004  >  443 [ACK] Seq=9694 Ack=3244 Win=65535 Len=536 [TCP segment of a reassembled PDU]"
"2402","48.608733","edge-star-mini-shv-02-ort2.facebook.com","10.8.0.1","TCP","54","443  >  45004 [ACK] Seq=3244 Ack=10230 Win=65535 Len=0"
"2403","48.608737","10.8.0.1","edge-star-mini-shv-02-ort2.facebook.com","TCP","590","45004  >  443 [ACK] Seq=10230 Ack=3244 Win=65535 Len=536 [TCP segment of a reassembled PDU]"
"2404","48.608743","edge-star-mini-shv-02-ort2.facebook.com","10.8.0.1","TCP","54","443  >  45004 [ACK] Seq=3244 Ack=10766 Win=65535 Len=0"
"2405","48.608747","10.8.0.1","edge-star-mini-shv-02-ort2.facebook.com","TCP","590","45004  >  443 [ACK] Seq=10766 Ack=3244 Win=65535 Len=536 [TCP segment of a reassembled PDU]"
"2406","48.608754","edge-star-mini-shv-02-ort2.facebook.com","10.8.0.1","TCP","54","443  >  45004 [ACK] Seq=3244 Ack=11302 Win=65535 Len=0"
"2407","48.608758","10.8.0.1","edge-star-mini-shv-02-ort2.facebook.com","TCP","590","45004  >  443 [ACK] Seq=11302 Ack=3244 Win=65535 Len=536 [TCP segment of a reassembled PDU]"
"2408","48.608764","edge-star-mini-shv-02-ort2.facebook.com","10.8.0.1","TCP","54","443  >  45004 [ACK] Seq=3244 Ack=11838 Win=65535 Len=0"
"2409","48.608768","10.8.0.1","edge-star-mini-shv-02-ort2.facebook.com","TCP","590","45004  >  443 [PSH, ACK] Seq=11838 Ack=3244 Win=65535 Len=536 [TCP segment of a reassembled PDU]"
"2410","48.608778","edge-star-mini-shv-02-ort2.facebook.com","10.8.0.1","TCP","54","443  >  45004 [ACK] Seq=3244 Ack=12374 Win=65535 Len=0"
"2411","48.608782","10.8.0.1","edge-star-mini-shv-02-ort2.facebook.com","TCP","590","45004  >  443 [ACK] Seq=12374 Ack=3244 Win=65535 Len=536 [TCP segment of a reassembled PDU]"
"2412","48.608790","edge-star-mini-shv-02-ort2.facebook.com","10.8.0.1","TCP","54","443  >  45004 [ACK] Seq=3244 Ack=12910 Win=65535 Len=0"
"2413","48.608795","10.8.0.1","edge-star-mini-shv-02-ort2.facebook.com","TCP","590","45004  >  443 [ACK] Seq=12910 Ack=3244 Win=65535 Len=536 [TCP segment of a reassembled PDU]"
"2414","48.608803","edge-star-mini-shv-02-ort2.facebook.com","10.8.0.1","TCP","54","443  >  45004 [ACK] Seq=3244 Ack=13446 Win=65535 Len=0"
"2415","48.608806","10.8.0.1","edge-star-mini-shv-02-ort2.facebook.com","TCP","590","45004  >  443 [ACK] Seq=13446 Ack=3244 Win=65535 Len=536 [TCP segment of a reassembled PDU]"
"2416","48.608813","edge-star-mini-shv-02-ort2.facebook.com","10.8.0.1","TCP","54","443  >  45004 [ACK] Seq=3244 Ack=13982 Win=65535 Len=0"
"2417","48.608817","10.8.0.1","edge-star-mini-shv-02-ort2.facebook.com","TCP","590","45004  >  443 [ACK] Seq=13982 Ack=3244 Win=65535 Len=536 [TCP segment of a reassembled PDU]"
"2418","48.608823","edge-star-mini-shv-02-ort2.facebook.com","10.8.0.1","TCP","54","443  >  45004 [ACK] Seq=3244 Ack=14518 Win=65535 Len=0"
"2419","48.608826","10.8.0.1","edge-star-mini-shv-02-ort2.facebook.com","TCP","590","45004  >  443 [ACK] Seq=14518 Ack=3244 Win=65535 Len=536 [TCP segment of a reassembled PDU]"
"2420","48.608832","edge-star-mini-shv-02-ort2.facebook.com","10.8.0.1","TCP","54","443  >  45004 [ACK] Seq=3244 Ack=15054 Win=65535 Len=0"
"2421","48.608836","10.8.0.1","edge-star-mini-shv-02-ort2.facebook.com","TCP","590","45004  >  443 [PSH, ACK] Seq=15054 Ack=3244 Win=65535 Len=536 [TCP segment of a reassembled PDU]"
"2422","48.608845","edge-star-mini-shv-02-ort2.facebook.com","10.8.0.1","TCP","54","443  >  45004 [ACK] Seq=3244 Ack=15590 Win=65535 Len=0"
"2423","48.608849","10.8.0.1","edge-star-mini-shv-02-ort2.facebook.com","TCP","590","45004  >  443 [ACK] Seq=15590 Ack=3244 Win=65535 Len=536 [TCP segment of a reassembled PDU]"
"2424","48.608857","edge-star-mini-shv-02-ort2.facebook.com","10.8.0.1","TCP","54","443  >  45004 [ACK] Seq=3244 Ack=16126 Win=65535 Len=0"
"2425","48.608862","10.8.0.1","edge-star-mini-shv-02-ort2.facebook.com","TCP","590","45004  >  443 [ACK] Seq=16126 Ack=3244 Win=65535 Len=536 [TCP segment of a reassembled PDU]"
"2426","48.608868","edge-star-mini-shv-02-ort2.facebook.com","10.8.0.1","TCP","54","443  >  45004 [ACK] Seq=3244 Ack=16662 Win=65535 Len=0"
"2427","48.608872","10.8.0.1","edge-star-mini-shv-02-ort2.facebook.com","TLSv1.3","380","Application Data"
"2428","48.608878","edge-star-mini-shv-02-ort2.facebook.com","10.8.0.1","TCP","54","443  >  45004 [ACK] Seq=3244 Ack=16988 Win=65535 Len=0"
"2429","48.608949","10.8.0.1","edge-star-mini-shv-02-ort2.facebook.com","TCP","590","45004  >  443 [ACK] Seq=16988 Ack=3244 Win=65535 Len=536 [TCP segment of a reassembled PDU]"
"2430","48.608957","edge-star-mini-shv-02-ort2.facebook.com","10.8.0.1","TCP","54","443  >  45004 [ACK] Seq=3244 Ack=17524 Win=65535 Len=0"
"2431","48.608961","10.8.0.1","edge-star-mini-shv-02-ort2.facebook.com","TCP","590","45004  >  443 [ACK] Seq=17524 Ack=3244 Win=65535 Len=536 [TCP segment of a reassembled PDU]"
"2432","48.608968","edge-star-mini-shv-02-ort2.facebook.com","10.8.0.1","TCP","54","443  >  45004 [ACK] Seq=3244 Ack=18060 Win=65535 Len=0"
"2433","48.608972","10.8.0.1","edge-star-mini-shv-02-ort2.facebook.com","TCP","590","45004  >  443 [ACK] Seq=18060 Ack=3244 Win=65535 Len=536 [TCP segment of a reassembled PDU]"
"2434","48.608978","edge-star-mini-shv-02-ort2.facebook.com","10.8.0.1","TCP","54","443  >  45004 [ACK] Seq=3244 Ack=18596 Win=65535 Len=0"
"2435","48.608984","10.8.0.1","edge-star-mini-shv-02-ort2.facebook.com","TCP","590","45004  >  443 [ACK] Seq=18596 Ack=3244 Win=65535 Len=536 [TCP segment of a reassembled PDU]"
"2436","48.608991","edge-star-mini-shv-02-ort2.facebook.com","10.8.0.1","TCP","54","443  >  45004 [ACK] Seq=3244 Ack=19132 Win=65535 Len=0"
"2437","48.608994","10.8.0.1","edge-star-mini-shv-02-ort2.facebook.com","TCP","590","45004  >  443 [ACK] Seq=19132 Ack=3244 Win=65535 Len=536 [TCP segment of a reassembled PDU]"
"2438","48.609001","edge-star-mini-shv-02-ort2.facebook.com","10.8.0.1","TCP","54","443  >  45004 [ACK] Seq=3244 Ack=19668 Win=65535 Len=0"
"2439","48.609004","10.8.0.1","edge-star-mini-shv-02-ort2.facebook.com","TCP","590","45004  >  443 [ACK] Seq=19668 Ack=3244 Win=65535 Len=536 [TCP segment of a reassembled PDU]"
"2440","48.609011","edge-star-mini-shv-02-ort2.facebook.com","10.8.0.1","TCP","54","443  >  45004 [ACK] Seq=3244 Ack=20204 Win=65535 Len=0"
"2441","48.609014","10.8.0.1","edge-star-mini-shv-02-ort2.facebook.com","TCP","590","45004  >  443 [ACK] Seq=20204 Ack=3244 Win=65535 Len=536 [TCP segment of a reassembled PDU]"
"2442","48.609020","edge-star-mini-shv-02-ort2.facebook.com","10.8.0.1","TCP","54","443  >  45004 [ACK] Seq=3244 Ack=20740 Win=65535 Len=0"
"2443","48.609024","10.8.0.1","edge-star-mini-shv-02-ort2.facebook.com","TCP","590","45004  >  443 [ACK] Seq=20740 Ack=3244 Win=65535 Len=536 [TCP segment of a reassembled PDU]"
"2444","48.609030","edge-star-mini-shv-02-ort2.facebook.com","10.8.0.1","TCP","54","443  >  45004 [ACK] Seq=3244 Ack=21276 Win=65535 Len=0"
"2445","48.609034","10.8.0.1","edge-star-mini-shv-02-ort2.facebook.com","TCP","590","45004  >  443 [ACK] Seq=21276 Ack=3244 Win=65535 Len=536 [TCP segment of a reassembled PDU]"
"2446","48.609041","edge-star-mini-shv-02-ort2.facebook.com","10.8.0.1","TCP","54","443  >  45004 [ACK] Seq=3244 Ack=21812 Win=65535 Len=0"
"2447","48.609046","10.8.0.1","edge-star-mini-shv-02-ort2.facebook.com","TCP","590","45004  >  443 [ACK] Seq=21812 Ack=3244 Win=65535 Len=536 [TCP segment of a reassembled PDU]"
"2448","48.609054","edge-star-mini-shv-02-ort2.facebook.com","10.8.0.1","TCP","54","443  >  45004 [ACK] Seq=3244 Ack=22348 Win=65535 Len=0"
"2449","48.609057","10.8.0.1","edge-star-mini-shv-02-ort2.facebook.com","TCP","590","45004  >  443 [ACK] Seq=22348 Ack=3244 Win=65535 Len=536 [TCP segment of a reassembled PDU]"
"2450","48.609064","edge-star-mini-shv-02-ort2.facebook.com","10.8.0.1","TCP","54","443  >  45004 [ACK] Seq=3244 Ack=22884 Win=65535 Len=0"
"2451","48.609068","10.8.0.1","edge-star-mini-shv-02-ort2.facebook.com","TCP","590","45004  >  443 [ACK] Seq=22884 Ack=3244 Win=65535 Len=536 [TCP segment of a reassembled PDU]"
"2452","48.609074","edge-star-mini-shv-02-ort2.facebook.com","10.8.0.1","TCP","54","443  >  45004 [ACK] Seq=3244 Ack=23420 Win=65535 Len=0"
"2453","48.609078","10.8.0.1","edge-star-mini-shv-02-ort2.facebook.com","TCP","590","45004  >  443 [ACK] Seq=23420 Ack=3244 Win=65535 Len=536 [TCP segment of a reassembled PDU]"
"2454","48.609084","edge-star-mini-shv-02-ort2.facebook.com","10.8.0.1","TCP","54","443  >  45004 [ACK] Seq=3244 Ack=23956 Win=65535 Len=0"
"2455","48.609088","10.8.0.1","edge-star-mini-shv-02-ort2.facebook.com","TCP","590","45004  >  443 [ACK] Seq=23956 Ack=3244 Win=65535 Len=536 [TCP segment of a reassembled PDU]"
"2456","48.609094","edge-star-mini-shv-02-ort2.facebook.com","10.8.0.1","TCP","54","443  >  45004 [ACK] Seq=3244 Ack=24492 Win=65535 Len=0"
"2457","48.609097","10.8.0.1","edge-star-mini-shv-02-ort2.facebook.com","TCP","590","45004  >  443 [ACK] Seq=24492 Ack=3244 Win=65535 Len=536 [TCP segment of a reassembled PDU]"
"2458","48.609104","edge-star-mini-shv-02-ort2.facebook.com","10.8.0.1","TCP","54","443  >  45004 [ACK] Seq=3244 Ack=25028 Win=65535 Len=0"
"2459","48.609107","10.8.0.1","edge-star-mini-shv-02-ort2.facebook.com","TCP","590","45004  >  443 [ACK] Seq=25028 Ack=3244 Win=65535 Len=536 [TCP segment of a reassembled PDU]"
"2460","48.609117","edge-star-mini-shv-02-ort2.facebook.com","10.8.0.1","TCP","54","443  >  45004 [ACK] Seq=3244 Ack=25564 Win=65535 Len=0"
"2461","48.609120","10.8.0.1","edge-star-mini-shv-02-ort2.facebook.com","TCP","590","45004  >  443 [ACK] Seq=25564 Ack=3244 Win=65535 Len=536 [TCP segment of a reassembled PDU]"
"2462","48.609127","edge-star-mini-shv-02-ort2.facebook.com","10.8.0.1","TCP","54","443  >  45004 [ACK] Seq=3244 Ack=26100 Win=65535 Len=0"
"2463","48.609131","10.8.0.1","edge-star-mini-shv-02-ort2.facebook.com","TCP","590","45004  >  443 [ACK] Seq=26100 Ack=3244 Win=65535 Len=536 [TCP segment of a reassembled PDU]"
"2464","48.609137","edge-star-mini-shv-02-ort2.facebook.com","10.8.0.1","TCP","54","443  >  45004 [ACK] Seq=3244 Ack=26636 Win=65535 Len=0"
"2465","48.609141","10.8.0.1","edge-star-mini-shv-02-ort2.facebook.com","TCP","590","45004  >  443 [PSH, ACK] Seq=26636 Ack=3244 Win=65535 Len=536 [TCP segment of a reassembled PDU]"
"2466","48.609147","edge-star-mini-shv-02-ort2.facebook.com","10.8.0.1","TCP","54","443  >  45004 [ACK] Seq=3244 Ack=27172 Win=65535 Len=0"
"2467","48.609151","10.8.0.1","edge-star-mini-shv-02-ort2.facebook.com","TCP","590","45004  >  443 [ACK] Seq=27172 Ack=3244 Win=65535 Len=536 [TCP segment of a reassembled PDU]"
"2468","48.609158","edge-star-mini-shv-02-ort2.facebook.com","10.8.0.1","TCP","54","443  >  45004 [ACK] Seq=3244 Ack=27708 Win=65535 Len=0"
"2469","48.609162","10.8.0.1","edge-star-mini-shv-02-ort2.facebook.com","TCP","590","45004  >  443 [ACK] Seq=27708 Ack=3244 Win=65535 Len=536 [TCP segment of a reassembled PDU]"
"2470","48.609168","edge-star-mini-shv-02-ort2.facebook.com","10.8.0.1","TCP","54","443  >  45004 [ACK] Seq=3244 Ack=28244 Win=65535 Len=0"
"2471","48.609172","10.8.0.1","edge-star-mini-shv-02-ort2.facebook.com","TCP","590","45004  >  443 [ACK] Seq=28244 Ack=3244 Win=65535 Len=536 [TCP segment of a reassembled PDU]"
"2472","48.609181","edge-star-mini-shv-02-ort2.facebook.com","10.8.0.1","TCP","54","443  >  45004 [ACK] Seq=3244 Ack=28780 Win=65535 Len=0"
"2473","48.609184","10.8.0.1","edge-star-mini-shv-02-ort2.facebook.com","TCP","590","45004  >  443 [ACK] Seq=28780 Ack=3244 Win=65535 Len=536 [TCP segment of a reassembled PDU]"
"2474","48.609191","edge-star-mini-shv-02-ort2.facebook.com","10.8.0.1","TCP","54","443  >  45004 [ACK] Seq=3244 Ack=29316 Win=65535 Len=0"
"2475","48.609194","10.8.0.1","edge-star-mini-shv-02-ort2.facebook.com","TCP","590","45004  >  443 [ACK] Seq=29316 Ack=3244 Win=65535 Len=536 [TCP segment of a reassembled PDU]"
"2476","48.609201","edge-star-mini-shv-02-ort2.facebook.com","10.8.0.1","TCP","54","443  >  45004 [ACK] Seq=3244 Ack=29852 Win=65535 Len=0"
"2477","48.609205","10.8.0.1","edge-star-mini-shv-02-ort2.facebook.com","TCP","590","45004  >  443 [ACK] Seq=29852 Ack=3244 Win=65535 Len=536 [TCP segment of a reassembled PDU]"
"2478","48.609212","edge-star-mini-shv-02-ort2.facebook.com","10.8.0.1","TCP","54","443  >  45004 [ACK] Seq=3244 Ack=30388 Win=65535 Len=0"
"2479","48.609215","10.8.0.1","edge-star-mini-shv-02-ort2.facebook.com","TCP","590","45004  >  443 [ACK] Seq=30388 Ack=3244 Win=65535 Len=536 [TCP segment of a reassembled PDU]"
"2480","48.609221","edge-star-mini-shv-02-ort2.facebook.com","10.8.0.1","TCP","54","443  >  45004 [ACK] Seq=3244 Ack=30924 Win=65535 Len=0"
"2481","48.609225","10.8.0.1","edge-star-mini-shv-02-ort2.facebook.com","TCP","590","45004  >  443 [ACK] Seq=30924 Ack=3244 Win=65535 Len=536 [TCP segment of a reassembled PDU]"
"2482","48.609231","edge-star-mini-shv-02-ort2.facebook.com","10.8.0.1","TCP","54","443  >  45004 [ACK] Seq=3244 Ack=31460 Win=65535 Len=0"
"2483","48.609235","10.8.0.1","edge-star-mini-shv-02-ort2.facebook.com","TCP","590","45004  >  443 [ACK] Seq=31460 Ack=3244 Win=65535 Len=536 [TCP segment of a reassembled PDU]"
"2484","48.609243","edge-star-mini-shv-02-ort2.facebook.com","10.8.0.1","TCP","54","443  >  45004 [ACK] Seq=3244 Ack=31996 Win=65535 Len=0"
"2485","48.609247","10.8.0.1","edge-star-mini-shv-02-ort2.facebook.com","TCP","590","45004  >  443 [ACK] Seq=31996 Ack=3244 Win=65535 Len=536 [TCP segment of a reassembled PDU]"
"2486","48.609253","edge-star-mini-shv-02-ort2.facebook.com","10.8.0.1","TCP","54","443  >  45004 [ACK] Seq=3244 Ack=32532 Win=65535 Len=0"
"2487","48.609257","10.8.0.1","edge-star-mini-shv-02-ort2.facebook.com","TCP","590","45004  >  443 [PSH, ACK] Seq=32532 Ack=3244 Win=65535 Len=536 [TCP segment of a reassembled PDU]"
"2488","48.609264","edge-star-mini-shv-02-ort2.facebook.com","10.8.0.1","TCP","54","443  >  45004 [ACK] Seq=3244 Ack=33068 Win=65535 Len=0"
"2489","48.609268","10.8.0.1","edge-star-mini-shv-02-ort2.facebook.com","TLSv1.3","380","Application Data"
"2490","48.609281","edge-star-mini-shv-02-ort2.facebook.com","10.8.0.1","TCP","54","443  >  45004 [ACK] Seq=3244 Ack=33394 Win=65535 Len=0"
"2491","48.609291","10.8.0.1","edge-star-mini-shv-02-ort2.facebook.com","TCP","590","45004  >  443 [ACK] Seq=33394 Ack=3244 Win=65535 Len=536 [TCP segment of a reassembled PDU]"
"2492","48.609298","edge-star-mini-shv-02-ort2.facebook.com","10.8.0.1","TCP","54","443  >  45004 [ACK] Seq=3244 Ack=33930 Win=65535 Len=0"
"2493","48.609302","10.8.0.1","edge-star-mini-shv-02-ort2.facebook.com","TCP","590","45004  >  443 [ACK] Seq=33930 Ack=3244 Win=65535 Len=536 [TCP segment of a reassembled PDU]"
"2494","48.609308","edge-star-mini-shv-02-ort2.facebook.com","10.8.0.1","TCP","54","443  >  45004 [ACK] Seq=3244 Ack=34466 Win=65535 Len=0"
"2495","48.609312","10.8.0.1","edge-star-mini-shv-02-ort2.facebook.com","TCP","590","45004  >  443 [PSH, ACK] Seq=34466 Ack=3244 Win=65535 Len=536 [TCP segment of a reassembled PDU]"
"2496","48.609321","edge-star-mini-shv-02-ort2.facebook.com","10.8.0.1","TCP","54","443  >  45004 [ACK] Seq=3244 Ack=35002 Win=65535 Len=0"
"2497","48.609324","10.8.0.1","edge-star-mini-shv-02-ort2.facebook.com","TLSv1.3","371","Application Data"
"2498","48.609332","edge-star-mini-shv-02-ort2.facebook.com","10.8.0.1","TCP","54","443  >  45004 [ACK] Seq=3244 Ack=35319 Win=65535 Len=0"
"2499","48.609447","10.8.0.1","edge-star-mini-shv-02-ort2.facebook.com","TLSv1.3","81","Application Data"
"2500","48.609454","edge-star-mini-shv-02-ort2.facebook.com","10.8.0.1","TCP","54","443  >  45004 [ACK] Seq=3244 Ack=35346 Win=65535 Len=0"
"2501","48.633483","edge-star-mini-shv-02-ort2.facebook.com","10.8.0.1","TLSv1.3","231","Application Data"
"2502","48.637926","10.8.0.1","edge-star-mini-shv-02-ort2.facebook.com","TCP","54","45004  >  443 [ACK] Seq=35346 Ack=3421 Win=65535 Len=0"
"2503","48.944642","edge-star-mini-shv-02-ort2.facebook.com","10.8.0.1","TLSv1.3","2810","Application Data"
"2504","48.944678","10.8.0.1","edge-star-mini-shv-02-ort2.facebook.com","TCP","54","45004  >  443 [ACK] Seq=35346 Ack=6177 Win=65535 Len=0"
"2505","48.945836","edge-star-mini-shv-02-ort2.facebook.com","10.8.0.1","TLSv1.3","1116","Application Data"
"2506","48.945842","10.8.0.1","edge-star-mini-shv-02-ort2.facebook.com","TCP","54","45004  >  443 [ACK] Seq=35346 Ack=7239 Win=65535 Len=0"
"2507","50.462454","10.8.0.1","ord37s34-in-f10.1e100.net","TCP","74","59522  >  443 [SYN] Seq=0 Win=65535 Len=0 MSS=1460 SACK_PERM=1 TSval=2022318034 TSecr=0 WS=1024"
"2508","50.463533","ord37s34-in-f10.1e100.net","10.8.0.1","TCP","54","443  >  59522 [SYN, ACK] Seq=0 Ack=1 Win=65535 Len=0"
"2509","50.463552","10.8.0.1","ord37s34-in-f10.1e100.net","TCP","54","59522  >  443 [ACK] Seq=1 Ack=1 Win=65535 Len=0"
"2510","50.479494","10.8.0.1","ord37s34-in-f10.1e100.net","TLSv1.2","234","Client Hello"
"2511","50.479531","ord37s34-in-f10.1e100.net","10.8.0.1","TCP","54","443  >  59522 [ACK] Seq=1 Ack=181 Win=65535 Len=0"
"2512","50.495791","10.8.0.1","ord38s28-in-f10.1e100.net","TCP","74","46816  >  443 [SYN] Seq=0 Win=65535 Len=0 MSS=1460 SACK_PERM=1 TSval=2641954354 TSecr=0 WS=1024"
"2513","50.497535","ord38s28-in-f10.1e100.net","10.8.0.1","TCP","54","443  >  46816 [SYN, ACK] Seq=0 Ack=1 Win=65535 Len=0"
"2514","50.497558","10.8.0.1","ord38s28-in-f10.1e100.net","TCP","74","46818  >  443 [SYN] Seq=0 Win=65535 Len=0 MSS=1460 SACK_PERM=1 TSval=2641954355 TSecr=0 WS=1024"
"2515","50.498116","ord38s28-in-f10.1e100.net","10.8.0.1","TCP","54","443  >  46818 [SYN, ACK] Seq=0 Ack=1 Win=65535 Len=0"
"2516","50.498127","10.8.0.1","ord38s28-in-f10.1e100.net","TCP","74","46820  >  443 [SYN] Seq=0 Win=65535 Len=0 MSS=1460 SACK_PERM=1 TSval=2641954355 TSecr=0 WS=1024"
"2517","50.498585","ord38s28-in-f10.1e100.net","10.8.0.1","TCP","54","443  >  46820 [SYN, ACK] Seq=0 Ack=1 Win=65535 Len=0"
"2518","50.498594","10.8.0.1","ord38s28-in-f10.1e100.net","TCP","54","46816  >  443 [ACK] Seq=1 Ack=1 Win=65535 Len=0"
"2519","50.498599","10.8.0.1","ord38s28-in-f10.1e100.net","TCP","54","46818  >  443 [ACK] Seq=1 Ack=1 Win=65535 Len=0"
"2520","50.498604","10.8.0.1","ord38s28-in-f10.1e100.net","TLSv1.2","229","Client Hello"
"2521","50.498615","ord38s28-in-f10.1e100.net","10.8.0.1","TCP","54","443  >  46816 [ACK] Seq=1 Ack=176 Win=65535 Len=0"
"2522","50.498618","10.8.0.1","ord38s28-in-f10.1e100.net","TCP","54","46820  >  443 [ACK] Seq=1 Ack=1 Win=65535 Len=0"
"2523","50.499038","10.8.0.1","ord38s28-in-f10.1e100.net","TLSv1.2","229","Client Hello"
"2524","50.499048","ord38s28-in-f10.1e100.net","10.8.0.1","TCP","54","443  >  46818 [ACK] Seq=1 Ack=176 Win=65535 Len=0"
"2525","50.499563","10.8.0.1","ord38s28-in-f10.1e100.net","TLSv1.2","229","Client Hello"
"2526","50.499571","ord38s28-in-f10.1e100.net","10.8.0.1","TCP","54","443  >  46820 [ACK] Seq=1 Ack=176 Win=65535 Len=0"
"2527","50.549557","10.8.0.1","ord37s34-in-f10.1e100.net","TCP","74","59538  >  443 [SYN] Seq=0 Win=65535 Len=0 MSS=1460 SACK_PERM=1 TSval=2022318121 TSecr=0 WS=1024"
"2528","50.551295","ord37s34-in-f10.1e100.net","10.8.0.1","TCP","54","443  >  59538 [SYN, ACK] Seq=0 Ack=1 Win=65535 Len=0"
"2529","50.551316","10.8.0.1","ord37s34-in-f10.1e100.net","TCP","54","59538  >  443 [ACK] Seq=1 Ack=1 Win=65535 Len=0"
"2530","50.552015","10.8.0.1","ord37s34-in-f10.1e100.net","TLSv1.2","234","Client Hello"
"2531","50.552028","ord37s34-in-f10.1e100.net","10.8.0.1","TCP","54","443  >  59538 [ACK] Seq=1 Ack=181 Win=65535 Len=0"
"2532","50.595898","ord37s34-in-f10.1e100.net","10.8.0.1","TLSv1.2","2810","Server Hello"
"2533","50.595924","10.8.0.1","ord37s34-in-f10.1e100.net","TCP","54","59522  >  443 [ACK] Seq=181 Ack=2757 Win=65535 Len=0"
"2534","50.597779","ord37s34-in-f10.1e100.net","10.8.0.1","TCP","1432","443  >  59522 [PSH, ACK] Seq=2757 Ack=181 Win=65535 Len=1378 [TCP segment of a reassembled PDU]"
"2535","50.597786","10.8.0.1","ord37s34-in-f10.1e100.net","TCP","54","59522  >  443 [ACK] Seq=181 Ack=4135 Win=65535 Len=0"
"2536","50.597826","ord37s34-in-f10.1e100.net","10.8.0.1","TLSv1.2","520","Certificate, Server Key Exchange, Server Hello Done"
"2537","50.597830","10.8.0.1","ord37s34-in-f10.1e100.net","TCP","54","59522  >  443 [ACK] Seq=181 Ack=4601 Win=65535 Len=0"
"2538","50.648768","ord38s28-in-f10.1e100.net","10.8.0.1","TLSv1.2","1432","Server Hello"
"2539","50.648801","10.8.0.1","ord38s28-in-f10.1e100.net","TCP","54","46818  >  443 [ACK] Seq=176 Ack=1379 Win=65535 Len=0"
"2540","50.658141","ord38s28-in-f10.1e100.net","10.8.0.1","TCP","1432","443  >  46818 [PSH, ACK] Seq=1379 Ack=176 Win=65535 Len=1378 [TCP segment of a reassembled PDU]"
"2541","50.658147","10.8.0.1","ord38s28-in-f10.1e100.net","TCP","54","46818  >  443 [ACK] Seq=176 Ack=2757 Win=65535 Len=0"
"2542","50.659812","ord38s28-in-f10.1e100.net","10.8.0.1","TCP","1432","443  >  46818 [PSH, ACK] Seq=2757 Ack=176 Win=65535 Len=1378 [TCP segment of a reassembled PDU]"
"2543","50.659828","10.8.0.1","ord38s28-in-f10.1e100.net","TCP","54","46818  >  443 [ACK] Seq=176 Ack=4135 Win=65535 Len=0"
"2544","50.659850","ord38s28-in-f10.1e100.net","10.8.0.1","TLSv1.2","520","Certificate, Server Key Exchange, Server Hello Done"
"2545","50.659854","10.8.0.1","ord38s28-in-f10.1e100.net","TCP","54","46818  >  443 [ACK] Seq=176 Ack=4601 Win=65535 Len=0"
"2546","50.661832","ord38s28-in-f10.1e100.net","10.8.0.1","TLSv1.2","2810","Server Hello"
"2547","50.661841","10.8.0.1","ord38s28-in-f10.1e100.net","TCP","54","46816  >  443 [ACK] Seq=176 Ack=2757 Win=65535 Len=0"
"2548","50.663836","ord38s28-in-f10.1e100.net","10.8.0.1","TLSv1.2","4188","Server Hello"
"2549","50.663863","ord38s28-in-f10.1e100.net","10.8.0.1","TCP","1432","443  >  46816 [PSH, ACK] Seq=2757 Ack=176 Win=65535 Len=1378 [TCP segment of a reassembled PDU]"
"2550","50.663866","10.8.0.1","ord38s28-in-f10.1e100.net","TCP","54","46820  >  443 [ACK] Seq=176 Ack=4135 Win=65535 Len=0"
"2551","50.663879","ord38s28-in-f10.1e100.net","10.8.0.1","TLSv1.2","520","Certificate, Server Key Exchange, Server Hello Done"
"2552","50.663882","10.8.0.1","ord38s28-in-f10.1e100.net","TCP","54","46816  >  443 [ACK] Seq=176 Ack=4135 Win=65535 Len=0"
"2553","50.663892","ord38s28-in-f10.1e100.net","10.8.0.1","TLSv1.2","520","Certificate, Server Key Exchange, Server Hello Done"
"2554","50.663895","10.8.0.1","ord38s28-in-f10.1e100.net","TCP","54","46820  >  443 [ACK] Seq=176 Ack=4601 Win=65535 Len=0"
"2555","50.663943","10.8.0.1","ord38s28-in-f10.1e100.net","TCP","54","46816  >  443 [ACK] Seq=176 Ack=4601 Win=65535 Len=0"
"2556","50.683492","ord37s34-in-f10.1e100.net","10.8.0.1","TLSv1.2","1432","Server Hello"
"2557","50.683509","10.8.0.1","ord37s34-in-f10.1e100.net","TCP","54","59538  >  443 [ACK] Seq=181 Ack=1379 Win=65535 Len=0"
"2558","50.685904","ord37s34-in-f10.1e100.net","10.8.0.1","TCP","2810","443  >  59538 [PSH, ACK] Seq=1379 Ack=181 Win=65535 Len=2756 [TCP segment of a reassembled PDU]"
"2559","50.685910","10.8.0.1","ord37s34-in-f10.1e100.net","TCP","54","59538  >  443 [ACK] Seq=181 Ack=4135 Win=65535 Len=0"
"2560","50.685941","ord37s34-in-f10.1e100.net","10.8.0.1","TLSv1.2","521","Certificate, Server Key Exchange, Server Hello Done"
"2561","50.685949","10.8.0.1","ord37s34-in-f10.1e100.net","TCP","54","59538  >  443 [ACK] Seq=181 Ack=4602 Win=65535 Len=0"
"2562","50.692697","10.8.0.1","ord37s34-in-f10.1e100.net","TCP","74","59542  >  443 [SYN] Seq=0 Win=65535 Len=0 MSS=1460 SACK_PERM=1 TSval=2022318264 TSecr=0 WS=1024"
"2563","50.694023","ord37s34-in-f10.1e100.net","10.8.0.1","TCP","54","443  >  59542 [SYN, ACK] Seq=0 Ack=1 Win=65535 Len=0"
"2564","50.694043","10.8.0.1","ord37s34-in-f10.1e100.net","TCP","54","59542  >  443 [ACK] Seq=1 Ack=1 Win=65535 Len=0"
"2565","50.696669","10.8.0.1","ord37s34-in-f10.1e100.net","TLSv1.2","234","Client Hello"
"2566","50.696685","ord37s34-in-f10.1e100.net","10.8.0.1","TCP","54","443  >  59542 [ACK] Seq=1 Ack=181 Win=65535 Len=0"
"2567","50.773000","10.8.0.1","ord37s34-in-f10.1e100.net","TLSv1.2","147","Client Key Exchange, Change Cipher Spec, Encrypted Handshake Message"
"2568","50.773079","ord37s34-in-f10.1e100.net","10.8.0.1","TCP","54","443  >  59538 [ACK] Seq=4602 Ack=274 Win=65535 Len=0"
"2569","50.778462","10.8.0.1","ord38s28-in-f10.1e100.net","TLSv1.2","147","Client Key Exchange, Change Cipher Spec, Encrypted Handshake Message"
"2570","50.778481","ord38s28-in-f10.1e100.net","10.8.0.1","TCP","54","443  >  46818 [ACK] Seq=4601 Ack=269 Win=65535 Len=0"
"2571","50.783294","10.8.0.1","ord38s28-in-f10.1e100.net","TLSv1.2","147","Client Key Exchange, Change Cipher Spec, Encrypted Handshake Message"
"2572","50.783310","ord38s28-in-f10.1e100.net","10.8.0.1","TCP","54","443  >  46820 [ACK] Seq=4601 Ack=269 Win=65535 Len=0"
"2573","50.789892","10.8.0.1","ord37s34-in-f10.1e100.net","TLSv1.2","147","Client Key Exchange, Change Cipher Spec, Encrypted Handshake Message"
"2574","50.789909","ord37s34-in-f10.1e100.net","10.8.0.1","TCP","54","443  >  59522 [ACK] Seq=4601 Ack=274 Win=65535 Len=0"
"2575","50.799839","10.8.0.1","ord38s28-in-f10.1e100.net","TLSv1.2","147","Client Key Exchange, Change Cipher Spec, Encrypted Handshake Message"
"2576","50.799855","ord38s28-in-f10.1e100.net","10.8.0.1","TCP","54","443  >  46816 [ACK] Seq=4601 Ack=269 Win=65535 Len=0"
"2577","50.805092","10.8.0.1","ord37s34-in-f10.1e100.net","TLSv1.2","107","Application Data"
"2578","50.805104","ord37s34-in-f10.1e100.net","10.8.0.1","TCP","54","443  >  59538 [ACK] Seq=4602 Ack=327 Win=65535 Len=0"
"2579","50.805167","10.8.0.1","ord37s34-in-f10.1e100.net","TLSv1.2","98","Application Data"
"2580","50.805175","ord37s34-in-f10.1e100.net","10.8.0.1","TCP","54","443  >  59538 [ACK] Seq=4602 Ack=371 Win=65535 Len=0"
"2581","50.805225","10.8.0.1","ord37s34-in-f10.1e100.net","TLSv1.2","96","Application Data"
"2582","50.805232","ord37s34-in-f10.1e100.net","10.8.0.1","TCP","54","443  >  59538 [ACK] Seq=4602 Ack=413 Win=65535 Len=0"
"2583","50.805507","10.8.0.1","ord38s28-in-f10.1e100.net","TLSv1.2","107","Application Data"
"2584","50.805516","ord38s28-in-f10.1e100.net","10.8.0.1","TCP","54","443  >  46818 [ACK] Seq=4601 Ack=322 Win=65535 Len=0"
"2585","50.805567","10.8.0.1","ord38s28-in-f10.1e100.net","TLSv1.2","98","Application Data"
"2586","50.805575","ord38s28-in-f10.1e100.net","10.8.0.1","TCP","54","443  >  46818 [ACK] Seq=4601 Ack=366 Win=65535 Len=0"
"2587","50.805623","10.8.0.1","ord38s28-in-f10.1e100.net","TLSv1.2","96","Application Data"
"2588","50.805630","ord38s28-in-f10.1e100.net","10.8.0.1","TCP","54","443  >  46818 [ACK] Seq=4601 Ack=408 Win=65535 Len=0"
"2589","50.808169","10.8.0.1","ord38s28-in-f10.1e100.net","TCP","590","46818  >  443 [ACK] Seq=408 Ack=4601 Win=65535 Len=536 [TCP segment of a reassembled PDU]"
"2590","50.808180","ord38s28-in-f10.1e100.net","10.8.0.1","TCP","54","443  >  46818 [ACK] Seq=4601 Ack=944 Win=65535 Len=0"
"2591","50.808185","10.8.0.1","ord38s28-in-f10.1e100.net","TLSv1.2","317","Application Data"
"2592","50.808210","ord38s28-in-f10.1e100.net","10.8.0.1","TCP","54","443  >  46818 [ACK] Seq=4601 Ack=1207 Win=65535 Len=0"
"2593","50.808383","10.8.0.1","ord37s34-in-f10.1e100.net","TLSv1.2","107","Application Data"
"2594","50.808391","ord37s34-in-f10.1e100.net","10.8.0.1","TCP","54","443  >  59522 [ACK] Seq=4601 Ack=327 Win=65535 Len=0"
"2595","50.808442","10.8.0.1","ord37s34-in-f10.1e100.net","TLSv1.2","98","Application Data"
"2596","50.808449","ord37s34-in-f10.1e100.net","10.8.0.1","TCP","54","443  >  59522 [ACK] Seq=4601 Ack=371 Win=65535 Len=0"
"2597","50.808498","10.8.0.1","ord37s34-in-f10.1e100.net","TLSv1.2","96","Application Data"
"2598","50.808505","ord37s34-in-f10.1e100.net","10.8.0.1","TCP","54","443  >  59522 [ACK] Seq=4601 Ack=413 Win=65535 Len=0"
"2599","50.809017","10.8.0.1","ord37s34-in-f10.1e100.net","TCP","590","59522  >  443 [ACK] Seq=413 Ack=4601 Win=65535 Len=536 [TCP segment of a reassembled PDU]"
"2600","50.809024","ord37s34-in-f10.1e100.net","10.8.0.1","TCP","54","443  >  59522 [ACK] Seq=4601 Ack=949 Win=65535 Len=0"
"2601","50.809028","10.8.0.1","ord37s34-in-f10.1e100.net","TCP","590","59522  >  443 [ACK] Seq=949 Ack=4601 Win=65535 Len=536 [TCP segment of a reassembled PDU]"
"2602","50.809035","ord37s34-in-f10.1e100.net","10.8.0.1","TCP","54","443  >  59522 [ACK] Seq=4601 Ack=1485 Win=65535 Len=0"
"2603","50.809039","10.8.0.1","ord37s34-in-f10.1e100.net","TCP","590","59522  >  443 [ACK] Seq=1485 Ack=4601 Win=65535 Len=536 [TCP segment of a reassembled PDU]"
"2604","50.809047","ord37s34-in-f10.1e100.net","10.8.0.1","TCP","54","443  >  59522 [ACK] Seq=4601 Ack=2021 Win=65535 Len=0"
"2605","50.809051","10.8.0.1","ord37s34-in-f10.1e100.net","TCP","590","59522  >  443 [ACK] Seq=2021 Ack=4601 Win=65535 Len=536 [TCP segment of a reassembled PDU]"
"2606","50.809059","ord37s34-in-f10.1e100.net","10.8.0.1","TCP","54","443  >  59522 [ACK] Seq=4601 Ack=2557 Win=65535 Len=0"
"2607","50.809062","10.8.0.1","ord37s34-in-f10.1e100.net","TLSv1.2","576","Application Data"
"2608","50.809074","ord37s34-in-f10.1e100.net","10.8.0.1","TCP","54","443  >  59522 [ACK] Seq=4601 Ack=3079 Win=65535 Len=0"
"2609","50.810447","10.8.0.1","ord37s34-in-f10.1e100.net","TCP","54","59538  >  443 [FIN, ACK] Seq=413 Ack=4602 Win=65535 Len=0"
"2610","50.810574","ord37s34-in-f10.1e100.net","10.8.0.1","TCP","54","443  >  59538 [ACK] Seq=4602 Ack=414 Win=65535 Len=0"
"2611","50.810613","ord37s34-in-f10.1e100.net","10.8.0.1","TCP","54","443  >  59538 [FIN, ACK] Seq=4602 Ack=414 Win=65535 Len=0"
"2612","50.810692","10.8.0.1","ord37s34-in-f10.1e100.net","TCP","54","59538  >  443 [ACK] Seq=414 Ack=4603 Win=65535 Len=0"
"2613","50.810740","10.8.0.1","ord37s34-in-f10.1e100.net","TCP","590","59522  >  443 [ACK] Seq=3079 Ack=4601 Win=65535 Len=536 [TCP segment of a reassembled PDU]"
"2614","50.810754","ord37s34-in-f10.1e100.net","10.8.0.1","TCP","54","443  >  59522 [ACK] Seq=4601 Ack=3615 Win=65535 Len=0"
"2615","50.810759","10.8.0.1","ord37s34-in-f10.1e100.net","TCP","590","59522  >  443 [ACK] Seq=3615 Ack=4601 Win=65535 Len=536 [TCP segment of a reassembled PDU]"
"2616","50.810768","ord37s34-in-f10.1e100.net","10.8.0.1","TCP","54","443  >  59522 [ACK] Seq=4601 Ack=4151 Win=65535 Len=0"
"2617","50.810772","10.8.0.1","ord37s34-in-f10.1e100.net","TCP","590","59522  >  443 [ACK] Seq=4151 Ack=4601 Win=65535 Len=536 [TCP segment of a reassembled PDU]"
"2618","50.810779","ord37s34-in-f10.1e100.net","10.8.0.1","TCP","54","443  >  59522 [ACK] Seq=4601 Ack=4687 Win=65535 Len=0"
"2619","50.810783","10.8.0.1","ord37s34-in-f10.1e100.net","TCP","590","59522  >  443 [ACK] Seq=4687 Ack=4601 Win=65535 Len=536 [TCP segment of a reassembled PDU]"
"2620","50.810791","ord37s34-in-f10.1e100.net","10.8.0.1","TCP","54","443  >  59522 [ACK] Seq=4601 Ack=5223 Win=65535 Len=0"
"2621","50.810795","10.8.0.1","ord37s34-in-f10.1e100.net","TLSv1.2","478","Application Data"
"2622","50.810812","ord37s34-in-f10.1e100.net","10.8.0.1","TCP","54","443  >  59522 [ACK] Seq=4601 Ack=5647 Win=65535 Len=0"
"2623","50.811140","10.8.0.1","ord38s28-in-f10.1e100.net","TLSv1.2","107","Application Data"
"2624","50.811150","ord38s28-in-f10.1e100.net","10.8.0.1","TCP","54","443  >  46820 [ACK] Seq=4601 Ack=322 Win=65535 Len=0"
"2625","50.811201","10.8.0.1","ord38s28-in-f10.1e100.net","TLSv1.2","98","Application Data"
"2626","50.811209","ord38s28-in-f10.1e100.net","10.8.0.1","TCP","54","443  >  46820 [ACK] Seq=4601 Ack=366 Win=65535 Len=0"
"2627","50.811257","10.8.0.1","ord38s28-in-f10.1e100.net","TLSv1.2","96","Application Data"
"2628","50.811272","ord38s28-in-f10.1e100.net","10.8.0.1","TCP","54","443  >  46820 [ACK] Seq=4601 Ack=408 Win=65535 Len=0"
"2629","50.811686","10.8.0.1","ord38s28-in-f10.1e100.net","TCP","54","46820  >  443 [FIN, ACK] Seq=408 Ack=4601 Win=65535 Len=0"
"2630","50.811736","ord38s28-in-f10.1e100.net","10.8.0.1","TCP","54","443  >  46820 [ACK] Seq=4601 Ack=409 Win=65535 Len=0"
"2631","50.811766","ord38s28-in-f10.1e100.net","10.8.0.1","TCP","54","443  >  46820 [FIN, ACK] Seq=4601 Ack=409 Win=65535 Len=0"
"2632","50.811799","10.8.0.1","ord38s28-in-f10.1e100.net","TCP","54","46820  >  443 [ACK] Seq=409 Ack=4602 Win=65535 Len=0"
"2633","50.811955","10.8.0.1","ord38s28-in-f10.1e100.net","TCP","590","46818  >  443 [ACK] Seq=1207 Ack=4601 Win=65535 Len=536 [TCP segment of a reassembled PDU]"
"2634","50.811967","ord38s28-in-f10.1e100.net","10.8.0.1","TCP","54","443  >  46818 [ACK] Seq=4601 Ack=1743 Win=65535 Len=0"
"2635","50.811972","10.8.0.1","ord38s28-in-f10.1e100.net","TLSv1.2","210","Application Data"
"2636","50.811981","ord38s28-in-f10.1e100.net","10.8.0.1","TCP","54","443  >  46818 [ACK] Seq=4601 Ack=1899 Win=65535 Len=0"
"2637","50.812117","10.8.0.1","ord38s28-in-f10.1e100.net","TLSv1.2","107","Application Data"
"2638","50.812127","ord38s28-in-f10.1e100.net","10.8.0.1","TCP","54","443  >  46816 [ACK] Seq=4601 Ack=322 Win=65535 Len=0"
"2639","50.812212","10.8.0.1","ord38s28-in-f10.1e100.net","TLSv1.2","98","Application Data"
"2640","50.812221","ord38s28-in-f10.1e100.net","10.8.0.1","TCP","54","443  >  46816 [ACK] Seq=4601 Ack=366 Win=65535 Len=0"
"2641","50.812269","10.8.0.1","ord38s28-in-f10.1e100.net","TLSv1.2","96","Application Data"
"2642","50.812277","ord38s28-in-f10.1e100.net","10.8.0.1","TCP","54","443  >  46816 [ACK] Seq=4601 Ack=408 Win=65535 Len=0"
"2643","50.812675","10.8.0.1","ord38s28-in-f10.1e100.net","TCP","54","46816  >  443 [FIN, ACK] Seq=408 Ack=4601 Win=65535 Len=0"
"2644","50.812716","ord38s28-in-f10.1e100.net","10.8.0.1","TCP","54","443  >  46816 [ACK] Seq=4601 Ack=409 Win=65535 Len=0"
"2645","50.812742","ord38s28-in-f10.1e100.net","10.8.0.1","TCP","54","443  >  46816 [FIN, ACK] Seq=4601 Ack=409 Win=65535 Len=0"
"2646","50.812768","10.8.0.1","ord38s28-in-f10.1e100.net","TCP","54","46816  >  443 [ACK] Seq=409 Ack=4602 Win=65535 Len=0"
"2647","50.812947","10.8.0.1","ord38s28-in-f10.1e100.net","TCP","590","46818  >  443 [ACK] Seq=1899 Ack=4601 Win=65535 Len=536 [TCP segment of a reassembled PDU]"
"2648","50.812959","ord38s28-in-f10.1e100.net","10.8.0.1","TCP","54","443  >  46818 [ACK] Seq=4601 Ack=2435 Win=65535 Len=0"
"2649","50.812963","10.8.0.1","ord38s28-in-f10.1e100.net","TLSv1.2","260","Application Data"
"2650","50.812971","ord38s28-in-f10.1e100.net","10.8.0.1","TCP","54","443  >  46818 [ACK] Seq=4601 Ack=2641 Win=65535 Len=0"
"2651","50.839463","ord38s28-in-f10.1e100.net","10.8.0.1","TLSv1.2","346","New Session Ticket, Change Cipher Spec, Encrypted Handshake Message"
"2652","50.839495","10.8.0.1","ord38s28-in-f10.1e100.net","TCP","54","46818  >  443 [ACK] Seq=2641 Ack=4893 Win=65535 Len=0"
"2653","50.869960","ord37s34-in-f10.1e100.net","10.8.0.1","TLSv1.2","346","New Session Ticket, Change Cipher Spec, Encrypted Handshake Message"
"2654","50.869969","10.8.0.1","ord37s34-in-f10.1e100.net","TCP","54","59522  >  443 [ACK] Seq=5647 Ack=4893 Win=65535 Len=0"
"2655","50.878275","ord37s34-in-f10.1e100.net","10.8.0.1","TLSv1.2","123","Application Data"
"2656","50.878301","10.8.0.1","ord37s34-in-f10.1e100.net","TCP","54","59522  >  443 [ACK] Seq=5647 Ack=4962 Win=65535 Len=0"
"2657","50.882614","10.8.0.1","ord37s34-in-f10.1e100.net","TLSv1.2","92","Application Data"
"2658","50.882629","ord37s34-in-f10.1e100.net","10.8.0.1","TCP","54","443  >  59522 [ACK] Seq=4962 Ack=5685 Win=65535 Len=0"
"2659","50.904362","ord37s34-in-f10.1e100.net","10.8.0.1","TLSv1.2","1432","Server Hello"
"2660","50.904370","10.8.0.1","ord37s34-in-f10.1e100.net","TCP","54","59542  >  443 [ACK] Seq=181 Ack=1379 Win=65535 Len=0"
"2661","50.905810","ord37s34-in-f10.1e100.net","10.8.0.1","TCP","2810","443  >  59542 [PSH, ACK] Seq=1379 Ack=181 Win=65535 Len=2756 [TCP segment of a reassembled PDU]"
"2662","50.905823","10.8.0.1","ord37s34-in-f10.1e100.net","TCP","54","59542  >  443 [ACK] Seq=181 Ack=4135 Win=65535 Len=0"
"2663","50.907784","ord37s34-in-f10.1e100.net","10.8.0.1","TLSv1.2","521","Certificate, Server Key Exchange, Server Hello Done"
"2664","50.907789","10.8.0.1","ord37s34-in-f10.1e100.net","TCP","54","59542  >  443 [ACK] Seq=181 Ack=4602 Win=65535 Len=0"
"2665","50.913164","ord38s28-in-f10.1e100.net","10.8.0.1","TLSv1.2","161","Application Data, Application Data"
"2666","50.913171","10.8.0.1","ord38s28-in-f10.1e100.net","TCP","54","46818  >  443 [ACK] Seq=2641 Ack=5000 Win=65535 Len=0"
"2667","50.919077","10.8.0.1","ord37s34-in-f10.1e100.net","TLSv1.2","147","Client Key Exchange, Change Cipher Spec, Encrypted Handshake Message"
"2668","50.919108","ord37s34-in-f10.1e100.net","10.8.0.1","TCP","54","443  >  59542 [ACK] Seq=4602 Ack=274 Win=65535 Len=0"
"2669","50.919665","10.8.0.1","ord37s34-in-f10.1e100.net","TLSv1.2","107","Application Data"
"2670","50.919678","ord37s34-in-f10.1e100.net","10.8.0.1","TCP","54","443  >  59542 [ACK] Seq=4602 Ack=327 Win=65535 Len=0"
"2671","50.919735","10.8.0.1","ord37s34-in-f10.1e100.net","TLSv1.2","98","Application Data"
"2672","50.919745","ord37s34-in-f10.1e100.net","10.8.0.1","TCP","54","443  >  59542 [ACK] Seq=4602 Ack=371 Win=65535 Len=0"
"2673","50.919792","10.8.0.1","ord37s34-in-f10.1e100.net","TLSv1.2","96","Application Data"
"2674","50.919801","ord37s34-in-f10.1e100.net","10.8.0.1","TCP","54","443  >  59542 [ACK] Seq=4602 Ack=413 Win=65535 Len=0"
"2675","50.920503","10.8.0.1","ord37s34-in-f10.1e100.net","TCP","54","59542  >  443 [FIN, ACK] Seq=413 Ack=4602 Win=65535 Len=0"
"2676","50.920616","ord37s34-in-f10.1e100.net","10.8.0.1","TCP","54","443  >  59542 [ACK] Seq=4602 Ack=414 Win=65535 Len=0"
"2677","50.920665","ord37s34-in-f10.1e100.net","10.8.0.1","TCP","54","443  >  59542 [FIN, ACK] Seq=4602 Ack=414 Win=65535 Len=0"
"2678","50.920718","10.8.0.1","ord37s34-in-f10.1e100.net","TCP","54","59542  >  443 [ACK] Seq=414 Ack=4603 Win=65535 Len=0"
"2679","50.920998","10.8.0.1","ord37s34-in-f10.1e100.net","TCP","590","59522  >  443 [ACK] Seq=5685 Ack=4962 Win=65535 Len=536 [TCP segment of a reassembled PDU]"
"2680","50.921015","ord37s34-in-f10.1e100.net","10.8.0.1","TCP","54","443  >  59522 [ACK] Seq=4962 Ack=6221 Win=65535 Len=0"
"2681","50.921021","10.8.0.1","ord37s34-in-f10.1e100.net","TCP","590","59522  >  443 [ACK] Seq=6221 Ack=4962 Win=65535 Len=536 [TCP segment of a reassembled PDU]"
"2682","50.921034","ord37s34-in-f10.1e100.net","10.8.0.1","TCP","54","443  >  59522 [ACK] Seq=4962 Ack=6757 Win=65535 Len=0"
"2683","50.921040","10.8.0.1","ord37s34-in-f10.1e100.net","TCP","590","59522  >  443 [ACK] Seq=6757 Ack=4962 Win=65535 Len=536 [TCP segment of a reassembled PDU]"
"2684","50.921060","ord37s34-in-f10.1e100.net","10.8.0.1","TCP","54","443  >  59522 [ACK] Seq=4962 Ack=7293 Win=65535 Len=0"
"2685","50.921065","10.8.0.1","ord37s34-in-f10.1e100.net","TCP","590","59522  >  443 [ACK] Seq=7293 Ack=4962 Win=65535 Len=536 [TCP segment of a reassembled PDU]"
"2686","50.921075","ord37s34-in-f10.1e100.net","10.8.0.1","TCP","54","443  >  59522 [ACK] Seq=4962 Ack=7829 Win=65535 Len=0"
"2687","50.921080","10.8.0.1","ord37s34-in-f10.1e100.net","TLSv1.2","516","Application Data"
"2688","50.921090","ord37s34-in-f10.1e100.net","10.8.0.1","TCP","54","443  >  59522 [ACK] Seq=4962 Ack=8291 Win=65535 Len=0"
"2689","50.924047","ord37s34-in-f10.1e100.net","10.8.0.1","TLSv1.2","92","Application Data"
"2690","50.924053","10.8.0.1","ord37s34-in-f10.1e100.net","TCP","54","59522  >  443 [ACK] Seq=8291 Ack=5000 Win=65535 Len=0"
"2691","50.931185","10.8.0.1","ord38s28-in-f10.1e100.net","TLSv1.2","92","Application Data"
"2692","50.931200","ord38s28-in-f10.1e100.net","10.8.0.1","TCP","54","443  >  46818 [ACK] Seq=5000 Ack=2679 Win=65535 Len=0"
"2693","51.055501","ord37s34-in-f10.1e100.net","10.8.0.1","TLSv1.2","390","Application Data"
"2694","51.055545","ord38s28-in-f10.1e100.net","10.8.0.1","TLSv1.2","389","Application Data"
"2695","51.055551","10.8.0.1","ord37s34-in-f10.1e100.net","TCP","54","59522  >  443 [ACK] Seq=8291 Ack=5336 Win=65535 Len=0"
"2696","51.055720","10.8.0.1","ord38s28-in-f10.1e100.net","TCP","54","46818  >  443 [ACK] Seq=2679 Ack=5335 Win=65535 Len=0"
"2697","51.183865","ord37s34-in-f10.1e100.net","10.8.0.1","TLSv1.2","1432","Application Data, Application Data, Application Data, Application Data, Application Data"
"2698","51.183922","10.8.0.1","ord37s34-in-f10.1e100.net","TCP","54","59522  >  443 [ACK] Seq=8291 Ack=6714 Win=65535 Len=0"
"2699","51.190046","10.8.0.1","ord37s34-in-f10.1e100.net","TLSv1.2","100","Application Data"
"2700","51.190077","ord37s34-in-f10.1e100.net","10.8.0.1","TCP","54","443  >  59522 [ACK] Seq=6714 Ack=8337 Win=65535 Len=0"
"2701","51.213456","ord38s28-in-f10.1e100.net","10.8.0.1","TLSv1.2","821","Application Data, Application Data, Application Data, Application Data, Application Data, Application Data"
"2702","51.214326","10.8.0.1","ord38s28-in-f10.1e100.net","TCP","54","46818  >  443 [ACK] Seq=2679 Ack=6102 Win=65535 Len=0"
"2703","51.215307","10.8.0.1","ord38s28-in-f10.1e100.net","TLSv1.2","100","Application Data"
"2704","51.215322","ord38s28-in-f10.1e100.net","10.8.0.1","TCP","54","443  >  46818 [ACK] Seq=6102 Ack=2725 Win=65535 Len=0"
"2705","51.336078","ord37s34-in-f10.1e100.net","10.8.0.1","TLSv1.2","138","Application Data"
"2706","51.336105","10.8.0.1","ord37s34-in-f10.1e100.net","TCP","54","59522  >  443 [ACK] Seq=8337 Ack=6798 Win=65535 Len=0"
"2707","51.337871","ord38s28-in-f10.1e100.net","10.8.0.1","TLSv1.2","381","Application Data, Application Data, Application Data"
"2708","51.337959","ord37s34-in-f10.1e100.net","10.8.0.1","TLSv1.2","876","Application Data, Application Data, Application Data, Application Data"
"2709","51.337964","10.8.0.1","ord37s34-in-f10.1e100.net","TCP","54","59522  >  443 [ACK] Seq=8337 Ack=7620 Win=65535 Len=0"
"2710","51.344248","10.8.0.1","ord38s28-in-f10.1e100.net","TCP","54","46818  >  443 [ACK] Seq=2725 Ack=6429 Win=65535 Len=0"
"2711","51.345993","10.8.0.1","ord37s34-in-f10.1e100.net","TLSv1.2","100","Application Data"
"2712","51.346013","ord37s34-in-f10.1e100.net","10.8.0.1","TCP","54","443  >  59522 [ACK] Seq=7620 Ack=8383 Win=65535 Len=0"
"2713","53.854061","10.8.0.1","lga15s46-in-f22.1e100.net","TCP","210","[TCP Retransmission] 33402  >  443 [FIN, PSH, ACK] Seq=675 Ack=4752 Win=65535 Len=156"
"2714","53.854132","lga15s46-in-f22.1e100.net","10.8.0.1","TCP","54","443  >  33402 [ACK] Seq=4752 Ack=676 Win=65535 Len=0"
"2715","53.854142","lga15s46-in-f22.1e100.net","10.8.0.1","TCP","54","443  >  33402 [FIN, ACK] Seq=4752 Ack=676 Win=65535 Len=0"
"2716","53.854149","10.8.0.1","ord38s28-in-f10.1e100.net","TCP","218","[TCP Retransmission] 46678  >  443 [FIN, PSH, ACK] Seq=675 Ack=4684 Win=65535 Len=164"
"2717","53.854176","ord38s28-in-f10.1e100.net","10.8.0.1","TCP","54","443  >  46678 [ACK] Seq=4684 Ack=676 Win=65535 Len=0"
"2718","53.854182","ord38s28-in-f10.1e100.net","10.8.0.1","TCP","54","443  >  46678 [FIN, ACK] Seq=4684 Ack=676 Win=65535 Len=0"
"2719","54.142416","10.8.0.1","ord38s28-in-f10.1e100.net","TCP","74","46836  >  443 [SYN] Seq=0 Win=65535 Len=0 MSS=1460 SACK_PERM=1 TSval=2641958001 TSecr=0 WS=1024"
"2720","54.143434","ord38s28-in-f10.1e100.net","10.8.0.1","TCP","54","443  >  46836 [SYN, ACK] Seq=0 Ack=1 Win=65535 Len=0"
"2721","54.143458","10.8.0.1","ord38s28-in-f10.1e100.net","TCP","54","46836  >  443 [ACK] Seq=1 Ack=1 Win=65535 Len=0"
"2722","54.145201","10.8.0.1","ord38s28-in-f10.1e100.net","TLSv1.3","571","Client Hello"
"2723","54.145236","ord38s28-in-f10.1e100.net","10.8.0.1","TCP","54","443  >  46836 [ACK] Seq=1 Ack=518 Win=65535 Len=0"
"2724","54.283531","ord38s28-in-f10.1e100.net","10.8.0.1","TLSv1.3","1432","Server Hello, Change Cipher Spec"
"2725","54.283562","10.8.0.1","ord38s28-in-f10.1e100.net","TCP","54","46836  >  443 [ACK] Seq=518 Ack=1379 Win=65535 Len=0"
"2726","54.283589","ord38s28-in-f10.1e100.net","10.8.0.1","TCP","1472","443  >  46836 [PSH, ACK] Seq=1379 Ack=518 Win=65535 Len=1418 [TCP segment of a reassembled PDU]"
"2727","54.283613","10.8.0.1","ord38s28-in-f10.1e100.net","TCP","54","46836  >  443 [ACK] Seq=518 Ack=2797 Win=65535 Len=0"
"2728","54.285839","ord38s28-in-f10.1e100.net","10.8.0.1","TCP","1432","443  >  46836 [PSH, ACK] Seq=2797 Ack=518 Win=65535 Len=1378 [TCP segment of a reassembled PDU]"
"2729","54.285846","10.8.0.1","ord38s28-in-f10.1e100.net","TCP","54","46836  >  443 [ACK] Seq=518 Ack=4175 Win=65535 Len=0"
"2730","54.342447","ord38s28-in-f10.1e100.net","10.8.0.1","TLSv1.3","561","Application Data"
"2731","54.342466","10.8.0.1","ord38s28-in-f10.1e100.net","TCP","54","46836  >  443 [ACK] Seq=518 Ack=4682 Win=65535 Len=0"
"2732","54.376109","10.8.0.1","ord38s28-in-f10.1e100.net","TLSv1.3","118","Change Cipher Spec, Application Data"
"2733","54.376153","ord38s28-in-f10.1e100.net","10.8.0.1","TCP","54","443  >  46836 [ACK] Seq=4682 Ack=582 Win=65535 Len=0"
"2734","54.378515","10.8.0.1","ord38s28-in-f10.1e100.net","TLSv1.3","146","Application Data"
"2735","54.378532","ord38s28-in-f10.1e100.net","10.8.0.1","TCP","54","443  >  46836 [ACK] Seq=4682 Ack=674 Win=65535 Len=0"
"2736","54.380013","10.8.0.1","ord38s28-in-f10.1e100.net","TCP","590","46836  >  443 [ACK] Seq=674 Ack=4682 Win=65535 Len=536 [TCP segment of a reassembled PDU]"
"2737","54.380024","ord38s28-in-f10.1e100.net","10.8.0.1","TCP","54","443  >  46836 [ACK] Seq=4682 Ack=1210 Win=65535 Len=0"
"2738","54.380030","10.8.0.1","ord38s28-in-f10.1e100.net","TLSv1.3","84","Application Data"
"2739","54.380041","ord38s28-in-f10.1e100.net","10.8.0.1","TCP","54","443  >  46836 [ACK] Seq=4682 Ack=1240 Win=65535 Len=0"
"2740","54.380246","10.8.0.1","ord38s28-in-f10.1e100.net","TCP","590","46836  >  443 [ACK] Seq=1240 Ack=4682 Win=65535 Len=536 [TCP segment of a reassembled PDU]"
"2741","54.380269","ord38s28-in-f10.1e100.net","10.8.0.1","TCP","54","443  >  46836 [ACK] Seq=4682 Ack=1776 Win=65535 Len=0"
"2742","54.380274","10.8.0.1","ord38s28-in-f10.1e100.net","TCP","590","46836  >  443 [ACK] Seq=1776 Ack=4682 Win=65535 Len=536 [TCP segment of a reassembled PDU]"
"2743","54.380284","ord38s28-in-f10.1e100.net","10.8.0.1","TCP","54","443  >  46836 [ACK] Seq=4682 Ack=2312 Win=65535 Len=0"
"2744","54.380289","10.8.0.1","ord38s28-in-f10.1e100.net","TCP","590","46836  >  443 [ACK] Seq=2312 Ack=4682 Win=65535 Len=536 [TCP segment of a reassembled PDU]"
"2745","54.380298","ord38s28-in-f10.1e100.net","10.8.0.1","TCP","54","443  >  46836 [ACK] Seq=4682 Ack=2848 Win=65535 Len=0"
"2746","54.380303","10.8.0.1","ord38s28-in-f10.1e100.net","TCP","590","46836  >  443 [ACK] Seq=2848 Ack=4682 Win=65535 Len=536 [TCP segment of a reassembled PDU]"
"2747","54.380313","ord38s28-in-f10.1e100.net","10.8.0.1","TCP","54","443  >  46836 [ACK] Seq=4682 Ack=3384 Win=65535 Len=0"
"2748","54.380318","10.8.0.1","ord38s28-in-f10.1e100.net","TLSv1.3","520","Application Data"
"2749","54.380328","ord38s28-in-f10.1e100.net","10.8.0.1","TCP","54","443  >  46836 [ACK] Seq=4682 Ack=3850 Win=65535 Len=0"
"2750","54.438365","ord38s28-in-f10.1e100.net","10.8.0.1","TLSv1.3","662","Application Data, Application Data"
"2751","54.438381","10.8.0.1","ord38s28-in-f10.1e100.net","TCP","54","46836  >  443 [ACK] Seq=3850 Ack=5290 Win=65535 Len=0"
"2752","54.438625","10.8.0.1","ord38s28-in-f10.1e100.net","TLSv1.3","85","Application Data"
"2753","54.438637","ord38s28-in-f10.1e100.net","10.8.0.1","TCP","54","443  >  46836 [ACK] Seq=5290 Ack=3881 Win=65535 Len=0"
"2754","54.494409","ord38s28-in-f10.1e100.net","10.8.0.1","TLSv1.3","85","Application Data"
"2755","54.494437","10.8.0.1","ord38s28-in-f10.1e100.net","TCP","54","46836  >  443 [ACK] Seq=3881 Ack=5321 Win=65535 Len=0"
"2756","54.545348","ord38s28-in-f10.1e100.net","10.8.0.1","TLSv1.3","518","Application Data, Application Data, Application Data, Application Data"
"2757","54.545466","10.8.0.1","ord38s28-in-f10.1e100.net","TCP","54","46836  >  443 [ACK] Seq=3881 Ack=5785 Win=65535 Len=0"
"2758","54.547340","10.8.0.1","ord38s28-in-f10.1e100.net","TLSv1.3","93","Application Data"
"2759","54.547357","ord38s28-in-f10.1e100.net","10.8.0.1","TCP","54","443  >  46836 [ACK] Seq=5785 Ack=3920 Win=65535 Len=0"
"2760","55.398634","10.8.0.1","ec2-44-234-223-221.us-west-2.compute.amazonaws.com","TCP","54","54424  >  443 [FIN, ACK] Seq=2330 Ack=6903 Win=65535 Len=0"
"2761","55.398792","ec2-44-234-223-221.us-west-2.compute.amazonaws.com","10.8.0.1","TCP","54","443  >  54424 [ACK] Seq=6903 Ack=2331 Win=65535 Len=0"
"2762","55.398840","ec2-44-234-223-221.us-west-2.compute.amazonaws.com","10.8.0.1","TCP","54","443  >  54424 [FIN, ACK] Seq=6903 Ack=2331 Win=65535 Len=0"
"2763","55.398961","10.8.0.1","ec2-44-234-223-221.us-west-2.compute.amazonaws.com","TCP","54","54424  >  443 [ACK] Seq=2331 Ack=6904 Win=65535 Len=0"
"2764","55.400099","10.8.0.1","ord37s36-in-f3.1e100.net","TCP","74","44266  >  443 [SYN] Seq=0 Win=65535 Len=0 MSS=1460 SACK_PERM=1 TSval=3890256274 TSecr=0 WS=1024"
"2765","55.401120","ord37s36-in-f3.1e100.net","10.8.0.1","TCP","54","443  >  44266 [SYN, ACK] Seq=0 Ack=1 Win=65535 Len=0"
"2766","55.401140","10.8.0.1","ord37s36-in-f3.1e100.net","TCP","54","44266  >  443 [ACK] Seq=1 Ack=1 Win=65535 Len=0"
"2767","55.408659","10.8.0.1","ord37s36-in-f3.1e100.net","TLSv1.3","571","Client Hello"
"2768","55.408702","ord37s36-in-f3.1e100.net","10.8.0.1","TCP","54","443  >  44266 [ACK] Seq=1 Ack=518 Win=65535 Len=0"
"2769","55.544673","ord37s36-in-f3.1e100.net","10.8.0.1","TLSv1.3","1432","Server Hello, Change Cipher Spec"
"2770","55.544701","10.8.0.1","ord37s36-in-f3.1e100.net","TCP","54","44266  >  443 [ACK] Seq=518 Ack=1379 Win=65535 Len=0"
"2771","55.544724","ord37s36-in-f3.1e100.net","10.8.0.1","TCP","94","443  >  44266 [PSH, ACK] Seq=1379 Ack=518 Win=65535 Len=40 [TCP segment of a reassembled PDU]"
"2772","55.544730","10.8.0.1","ord37s36-in-f3.1e100.net","TCP","54","44266  >  443 [ACK] Seq=518 Ack=1419 Win=65535 Len=0"
"2773","55.545859","ord37s36-in-f3.1e100.net","10.8.0.1","TCP","1432","443  >  44266 [PSH, ACK] Seq=1419 Ack=518 Win=65535 Len=1378 [TCP segment of a reassembled PDU]"
"2774","55.545880","10.8.0.1","ord37s36-in-f3.1e100.net","TCP","54","44266  >  443 [ACK] Seq=518 Ack=2797 Win=65535 Len=0"
"2775","55.547859","ord37s36-in-f3.1e100.net","10.8.0.1","TCP","1432","443  >  44266 [PSH, ACK] Seq=2797 Ack=518 Win=65535 Len=1378 [TCP segment of a reassembled PDU]"
"2776","55.547865","10.8.0.1","ord37s36-in-f3.1e100.net","TCP","54","44266  >  443 [ACK] Seq=518 Ack=4175 Win=65535 Len=0"
"2777","55.603330","ord37s36-in-f3.1e100.net","10.8.0.1","TLSv1.3","224","Application Data"
"2778","55.603341","10.8.0.1","ord37s36-in-f3.1e100.net","TCP","54","44266  >  443 [ACK] Seq=518 Ack=4345 Win=65535 Len=0"
"2779","55.652559","10.8.0.1","ord37s36-in-f3.1e100.net","TLSv1.3","118","Change Cipher Spec, Application Data"
"2780","55.652617","ord37s36-in-f3.1e100.net","10.8.0.1","TCP","54","443  >  44266 [ACK] Seq=4345 Ack=582 Win=65535 Len=0"
"2781","55.663893","10.8.0.1","ord37s36-in-f3.1e100.net","TLSv1.3","308","Application Data"
"2782","55.663918","ord37s36-in-f3.1e100.net","10.8.0.1","TCP","54","443  >  44266 [ACK] Seq=4345 Ack=836 Win=65535 Len=0"
"2783","55.879561","ord37s36-in-f3.1e100.net","10.8.0.1","TLSv1.3","890","Application Data, Application Data"
"2784","55.879598","10.8.0.1","ord37s36-in-f3.1e100.net","TCP","54","44266  >  443 [ACK] Seq=836 Ack=5181 Win=65535 Len=0"
"2785","56.115358","10.8.0.1","ec2-3-141-129-234.us-east-2.compute.amazonaws.com","TCP","54","56618  >  443 [FIN, ACK] Seq=518 Ack=1 Win=65535 Len=0"
"2786","56.115575","ec2-3-141-129-234.us-east-2.compute.amazonaws.com","10.8.0.1","TCP","54","443  >  56618 [ACK] Seq=1 Ack=519 Win=65535 Len=0"
"2787","56.115637","ec2-3-141-129-234.us-east-2.compute.amazonaws.com","10.8.0.1","TCP","54","443  >  56618 [FIN, ACK] Seq=1 Ack=519 Win=65535 Len=0"
"2788","56.115744","10.8.0.1","ec2-3-141-129-234.us-east-2.compute.amazonaws.com","TCP","54","56618  >  443 [ACK] Seq=519 Ack=2 Win=65535 Len=0"
"2789","56.868670","10.8.0.1","ord37s35-in-f14.1e100.net","TCP","74","34430  >  443 [SYN] Seq=0 Win=65535 Len=0 MSS=1460 SACK_PERM=1 TSval=2464889371 TSecr=0 WS=1024"
"2790","56.870405","ord37s35-in-f14.1e100.net","10.8.0.1","TCP","54","443  >  34430 [SYN, ACK] Seq=0 Ack=1 Win=65535 Len=0"
"2791","56.870438","10.8.0.1","ord37s35-in-f14.1e100.net","TCP","54","34430  >  443 [ACK] Seq=1 Ack=1 Win=65535 Len=0"
"2792","56.920592","10.8.0.1","ord37s35-in-f14.1e100.net","TLSv1.3","571","Client Hello"
"2793","56.920736","ord37s35-in-f14.1e100.net","10.8.0.1","TCP","54","443  >  34430 [ACK] Seq=1 Ack=518 Win=65535 Len=0"
"2794","57.071610","ord37s35-in-f14.1e100.net","10.8.0.1","TLSv1.3","4228","Server Hello, Change Cipher Spec"
"2795","57.071692","10.8.0.1","ord37s35-in-f14.1e100.net","TCP","54","34430  >  443 [ACK] Seq=518 Ack=4175 Win=65535 Len=0"
"2796","57.122113","ord37s35-in-f14.1e100.net","10.8.0.1","TCP","1432","443  >  34430 [PSH, ACK] Seq=4175 Ack=518 Win=65535 Len=1378 [TCP segment of a reassembled PDU]"
"2797","57.122166","10.8.0.1","ord37s35-in-f14.1e100.net","TCP","54","34430  >  443 [ACK] Seq=518 Ack=5553 Win=65535 Len=0"
"2798","57.172555","ord37s35-in-f14.1e100.net","10.8.0.1","TLSv1.3","1146","Application Data"
"2799","57.172641","10.8.0.1","ord37s35-in-f14.1e100.net","TCP","54","34430  >  443 [ACK] Seq=518 Ack=6645 Win=65535 Len=0"
"2800","57.222842","10.8.0.1","ord37s35-in-f14.1e100.net","TLSv1.3","118","Change Cipher Spec, Application Data"
"2801","57.223040","ord37s35-in-f14.1e100.net","10.8.0.1","TCP","54","443  >  34430 [ACK] Seq=6645 Ack=582 Win=65535 Len=0"
"2802","57.223070","10.8.0.1","ord37s35-in-f14.1e100.net","TCP","590","34430  >  443 [ACK] Seq=582 Ack=6645 Win=65535 Len=536 [TCP segment of a reassembled PDU]"
"2803","57.223121","ord37s35-in-f14.1e100.net","10.8.0.1","TCP","54","443  >  34430 [ACK] Seq=6645 Ack=1118 Win=65535 Len=0"
"2804","57.223150","10.8.0.1","ord37s35-in-f14.1e100.net","TLSv1.3","74","Application Data"
"2805","57.223189","ord37s35-in-f14.1e100.net","10.8.0.1","TCP","54","443  >  34430 [ACK] Seq=6645 Ack=1138 Win=65535 Len=0"
"2806","57.475022","ord37s35-in-f14.1e100.net","10.8.0.1","TLSv1.3","1323","Application Data, Application Data"
"2807","57.475068","10.8.0.1","ord37s35-in-f14.1e100.net","TCP","54","34430  >  443 [ACK] Seq=1138 Ack=7914 Win=65535 Len=0"
"2808","57.525528","ord37s35-in-f14.1e100.net","10.8.0.1","TLSv1.3","841","Application Data, Application Data, Application Data"
"2809","57.525604","10.8.0.1","ord37s35-in-f14.1e100.net","TCP","54","34430  >  443 [ACK] Seq=1138 Ack=8701 Win=65535 Len=0"
"2810","58.277973","10.8.0.1","ord37s35-in-f14.1e100.net","TCP","590","34370  >  443 [ACK] Seq=1395 Ack=1575 Win=65535 Len=536 [TCP segment of a reassembled PDU]"
"2811","58.278160","ord37s35-in-f14.1e100.net","10.8.0.1","TCP","54","443  >  34370 [ACK] Seq=1575 Ack=1931 Win=65535 Len=0"
"2812","58.278175","10.8.0.1","ord37s35-in-f14.1e100.net","TLSv1.3","270","Application Data"
"2813","58.278200","ord37s35-in-f14.1e100.net","10.8.0.1","TCP","54","443  >  34370 [ACK] Seq=1575 Ack=2147 Win=65535 Len=0"
"2814","58.479124","ord37s35-in-f14.1e100.net","10.8.0.1","TLSv1.3","630","Application Data"
"2815","58.479162","10.8.0.1","ord37s35-in-f14.1e100.net","TCP","54","34370  >  443 [ACK] Seq=2147 Ack=2151 Win=65535 Len=0"
"2816","58.629840","ord37s35-in-f14.1e100.net","10.8.0.1","TLSv1.3","492","Application Data, Application Data"
"2817","58.629883","10.8.0.1","ord37s35-in-f14.1e100.net","TCP","54","34370  >  443 [ACK] Seq=2147 Ack=2589 Win=65535 Len=0"
"2818","59.231632","10.8.0.1","ord37s34-in-f10.1e100.net","TCP","118","[TCP Retransmission] 59396  >  443 [PSH, ACK] Seq=518 Ack=4673 Win=67107840 Len=64"
"2819","59.733237","10.8.0.1","edge-star-shv-01-ort2.facebook.com","TCP","590","42360  >  443 [ACK] Seq=472 Ack=2645 Win=65535 Len=536 [TCP segment of a reassembled PDU]"
"2820","59.733398","edge-star-shv-01-ort2.facebook.com","10.8.0.1","TCP","54","443  >  42360 [ACK] Seq=2645 Ack=1008 Win=65535 Len=0"
"2821","59.733428","10.8.0.1","edge-star-shv-01-ort2.facebook.com","TCP","590","42360  >  443 [PSH, ACK] Seq=1008 Ack=2645 Win=65535 Len=536 [TCP segment of a reassembled PDU]"
"2822","59.733480","edge-star-shv-01-ort2.facebook.com","10.8.0.1","TCP","54","443  >  42360 [ACK] Seq=2645 Ack=1544 Win=65535 Len=0"
"2823","59.733501","10.8.0.1","edge-star-shv-01-ort2.facebook.com","TLSv1.3","273","Application Data"
"2824","59.733541","edge-star-shv-01-ort2.facebook.com","10.8.0.1","TCP","54","443  >  42360 [ACK] Seq=2645 Ack=1763 Win=65535 Len=0"
"2825","59.733749","10.8.0.1","edge-star-shv-01-ort2.facebook.com","TLSv1.3","85","Application Data"
"2826","59.733833","edge-star-shv-01-ort2.facebook.com","10.8.0.1","TCP","54","443  >  42360 [ACK] Seq=2645 Ack=1794 Win=65535 Len=0"
"2827","59.934774","edge-star-shv-01-ort2.facebook.com","10.8.0.1","TLSv1.3","98","Application Data"
"2828","59.934833","10.8.0.1","edge-star-shv-01-ort2.facebook.com","TCP","54","42360  >  443 [ACK] Seq=1794 Ack=2689 Win=65535 Len=0"
"2829","59.985989","edge-star-shv-01-ort2.facebook.com","10.8.0.1","TLSv1.3","900","Application Data"
"2830","59.986053","10.8.0.1","edge-star-shv-01-ort2.facebook.com","TCP","54","42360  >  443 [ACK] Seq=1794 Ack=3535 Win=65535 Len=0"
"2831","60.186635","10.8.0.1","52.232.209.85","TCP","74","57860  >  443 [SYN] Seq=0 Win=65535 Len=0 MSS=1460 SACK_PERM=1 TSval=120343790 TSecr=0 WS=1024"
"2832","60.189186","52.232.209.85","10.8.0.1","TCP","54","443  >  57860 [SYN, ACK] Seq=0 Ack=1 Win=65535 Len=0"
"2833","60.189230","10.8.0.1","52.232.209.85","TCP","54","57860  >  443 [ACK] Seq=1 Ack=1 Win=65535 Len=0"
"2834","60.239390","10.8.0.1","52.232.209.85","TLSv1.2","571","Client Hello"
"2835","60.239560","52.232.209.85","10.8.0.1","TCP","54","443  >  57860 [ACK] Seq=1 Ack=518 Win=65535 Len=0"
"2836","60.390636","52.232.209.85","10.8.0.1","TLSv1.2","5111","Server Hello, Certificate, Server Key Exchange, Server Hello Done"
"2837","60.390829","10.8.0.1","52.232.209.85","TCP","54","57860  >  443 [ACK] Seq=518 Ack=5058 Win=65535 Len=0"
"2838","60.742059","10.8.0.1","52.232.209.85","TLSv1.2","180","Client Key Exchange, Change Cipher Spec, Encrypted Handshake Message"
"2839","60.742199","52.232.209.85","10.8.0.1","TCP","54","443  >  57860 [ACK] Seq=5058 Ack=644 Win=65535 Len=0"
"2840","60.892878","52.232.209.85","10.8.0.1","TLSv1.2","312","New Session Ticket, Change Cipher Spec, Encrypted Handshake Message"
"2841","60.892913","10.8.0.1","52.232.209.85","TCP","54","57860  >  443 [ACK] Seq=644 Ack=5316 Win=65535 Len=0"
"2842","60.943079","10.8.0.1","52.232.209.85","TCP","590","57860  >  443 [ACK] Seq=644 Ack=5316 Win=65535 Len=536 [TCP segment of a reassembled PDU]"
"2843","60.943261","52.232.209.85","10.8.0.1","TCP","54","443  >  57860 [ACK] Seq=5316 Ack=1180 Win=65535 Len=0"
"2844","60.943284","10.8.0.1","52.232.209.85","TLSv1.2","377","Application Data"
"2845","60.943316","52.232.209.85","10.8.0.1","TCP","54","443  >  57860 [ACK] Seq=5316 Ack=1503 Win=65535 Len=0"
"2846","61.144542","52.232.209.85","10.8.0.1","TLSv1.2","371","Application Data"
"2847","61.144567","10.8.0.1","52.232.209.85","TCP","54","57860  >  443 [ACK] Seq=1503 Ack=5633 Win=65535 Len=0"
"2848","63.050456","10.8.0.1","edge-star-shv-01-ort2.facebook.com","TLSv1.3","506","Application Data"
"2849","63.050643","edge-star-shv-01-ort2.facebook.com","10.8.0.1","TCP","54","443  >  42360 [ACK] Seq=3535 Ack=2246 Win=65535 Len=0"
"2850","63.151398","edge-star-shv-01-ort2.facebook.com","10.8.0.1","TLSv1.3","89","Application Data"
"2851","63.151448","10.8.0.1","edge-star-shv-01-ort2.facebook.com","TCP","54","42360  >  443 [ACK] Seq=2246 Ack=3570 Win=65535 Len=0"
"2852","63.302145","edge-star-shv-01-ort2.facebook.com","10.8.0.1","TLSv1.3","408","Application Data"
"2853","63.302194","10.8.0.1","edge-star-shv-01-ort2.facebook.com","TCP","54","42360  >  443 [ACK] Seq=2246 Ack=3924 Win=65535 Len=0"
"2854","65.157892","10.8.0.1","20.42.65.84","TCP","74","45378  >  443 [SYN] Seq=0 Win=65535 Len=0 MSS=1460 SACK_PERM=1 TSval=1960081218 TSecr=0 WS=1024"
"2855","65.160613","20.42.65.84","10.8.0.1","TCP","54","443  >  45378 [SYN, ACK] Seq=0 Ack=1 Win=65535 Len=0"
"2856","65.160650","10.8.0.1","20.42.65.84","TCP","54","45378  >  443 [ACK] Seq=1 Ack=1 Win=65535 Len=0"
"2857","65.210808","10.8.0.1","20.42.65.84","TLSv1.2","571","Client Hello"
"2858","65.210974","20.42.65.84","10.8.0.1","TCP","54","443  >  45378 [ACK] Seq=1 Ack=518 Win=65535 Len=0"
"2859","65.462207","20.42.65.84","10.8.0.1","TCP","4188","443  >  45378 [PSH, ACK] Seq=1 Ack=518 Win=65535 Len=4134 [TCP segment of a reassembled PDU]"
"2860","65.462266","10.8.0.1","20.42.65.84","TCP","54","45378  >  443 [ACK] Seq=518 Ack=4135 Win=65535 Len=0"
"2861","65.512561","20.42.65.84","10.8.0.1","TCP","1432","443  >  45378 [PSH, ACK] Seq=4135 Ack=518 Win=65535 Len=1378 [TCP segment of a reassembled PDU]"
"2862","65.512618","10.8.0.1","20.42.65.84","TCP","54","45378  >  443 [ACK] Seq=518 Ack=5513 Win=65535 Len=0"
"2863","65.563011","20.42.65.84","10.8.0.1","TLSv1.2","716","Server Hello, Certificate, Certificate Status, Server Key Exchange, Server Hello Done"
"2864","65.563067","10.8.0.1","20.42.65.84","TCP","54","45378  >  443 [ACK] Seq=518 Ack=6175 Win=65535 Len=0"
"2865","65.663423","10.8.0.1","20.42.65.84","TLSv1.2","212","Client Key Exchange, Change Cipher Spec, Encrypted Handshake Message"
"2866","65.663605","20.42.65.84","10.8.0.1","TCP","54","443  >  45378 [ACK] Seq=6175 Ack=676 Win=65535 Len=0"
"2867","65.814411","10.8.0.1","ec2-54-237-113-146.compute-1.amazonaws.com","TCP","54","38154  >  443 [FIN, ACK] Seq=1915 Ack=11924 Win=65535 Len=0"
"2868","65.814634","ec2-54-237-113-146.compute-1.amazonaws.com","10.8.0.1","TCP","54","443  >  38154 [ACK] Seq=11924 Ack=1916 Win=65535 Len=0"
"2869","65.814758","ec2-54-237-113-146.compute-1.amazonaws.com","10.8.0.1","TCP","54","443  >  38154 [FIN, ACK] Seq=11924 Ack=1916 Win=65535 Len=0"
"2870","65.815025","10.8.0.1","ec2-54-237-113-146.compute-1.amazonaws.com","TCP","54","38154  >  443 [ACK] Seq=1916 Ack=11925 Win=65535 Len=0"
"2871","65.865417","20.42.65.84","10.8.0.1","TLSv1.2","105","Change Cipher Spec, Encrypted Handshake Message"
"2872","65.865478","10.8.0.1","20.42.65.84","TCP","54","45378  >  443 [ACK] Seq=676 Ack=6226 Win=65535 Len=0"
"2873","65.915649","10.8.0.1","20.42.65.84","TCP","590","45378  >  443 [ACK] Seq=676 Ack=6226 Win=65535 Len=536 [TCP segment of a reassembled PDU]"
"2874","65.915824","20.42.65.84","10.8.0.1","TCP","54","443  >  45378 [ACK] Seq=6226 Ack=1212 Win=65535 Len=0"
"2875","65.915853","10.8.0.1","20.42.65.84","TCP","590","45378  >  443 [PSH, ACK] Seq=1212 Ack=6226 Win=65535 Len=536 [TCP segment of a reassembled PDU]"
"2876","65.915901","20.42.65.84","10.8.0.1","TCP","54","443  >  45378 [ACK] Seq=6226 Ack=1748 Win=65535 Len=0"
"2877","65.915923","10.8.0.1","20.42.65.84","TCP","590","45378  >  443 [ACK] Seq=1748 Ack=6226 Win=65535 Len=536 [TCP segment of a reassembled PDU]"
"2878","65.915993","20.42.65.84","10.8.0.1","TCP","54","443  >  45378 [ACK] Seq=6226 Ack=2284 Win=65535 Len=0"
"2879","65.916023","10.8.0.1","20.42.65.84","TLSv1.2","107","Application Data"
"2880","65.916059","20.42.65.84","10.8.0.1","TCP","54","443  >  45378 [ACK] Seq=6226 Ack=2337 Win=65535 Len=0"
"2881","66.167183","20.42.65.84","10.8.0.1","TLSv1.2","505","Application Data"
"2882","66.167240","10.8.0.1","20.42.65.84","TCP","54","45378  >  443 [ACK] Seq=2337 Ack=6677 Win=65535 Len=0"
"2883","67.121727","10.8.0.1","104.244.42.66","TCP","74","55312  >  443 [SYN] Seq=0 Win=65535 Len=0 MSS=1460 SACK_PERM=1 TSval=3777394311 TSecr=0 WS=1024"
"2884","67.124852","104.244.42.66","10.8.0.1","TCP","54","443  >  55312 [SYN, ACK] Seq=0 Ack=1 Win=65535 Len=0"
"2885","67.124902","10.8.0.1","104.244.42.66","TCP","74","55314  >  443 [SYN] Seq=0 Win=65535 Len=0 MSS=1460 SACK_PERM=1 TSval=3777394313 TSecr=0 WS=1024"
"2886","67.126961","104.244.42.66","10.8.0.1","TCP","54","443  >  55314 [SYN, ACK] Seq=0 Ack=1 Win=65535 Len=0"
"2887","67.126996","10.8.0.1","104.244.42.66","TCP","74","55316  >  443 [SYN] Seq=0 Win=65535 Len=0 MSS=1460 SACK_PERM=1 TSval=3777394315 TSecr=0 WS=1024"
"2888","67.128749","104.244.42.66","10.8.0.1","TCP","54","443  >  55316 [SYN, ACK] Seq=0 Ack=1 Win=65535 Len=0"
"2889","67.128783","10.8.0.1","104.244.42.66","TCP","54","55312  >  443 [ACK] Seq=1 Ack=1 Win=65535 Len=0"
"2890","67.128802","10.8.0.1","104.244.42.66","TCP","54","55314  >  443 [ACK] Seq=1 Ack=1 Win=65535 Len=0"
"2891","67.128818","10.8.0.1","104.244.42.66","TCP","54","55316  >  443 [ACK] Seq=1 Ack=1 Win=65535 Len=0"
"2892","67.178970","10.8.0.1","104.244.42.66","TLSv1.3","571","Client Hello"
"2893","67.179113","104.244.42.66","10.8.0.1","TCP","54","443  >  55316 [ACK] Seq=1 Ack=518 Win=65535 Len=0"
"2894","67.179128","10.8.0.1","104.244.42.66","TLSv1.3","571","Client Hello"
"2895","67.179156","104.244.42.66","10.8.0.1","TCP","54","443  >  55312 [ACK] Seq=1 Ack=518 Win=65535 Len=0"
"2896","67.179166","10.8.0.1","104.244.42.66","TLSv1.3","571","Client Hello"
"2897","67.179189","104.244.42.66","10.8.0.1","TCP","54","443  >  55314 [ACK] Seq=1 Ack=518 Win=65535 Len=0"
"2898","67.430290","104.244.42.66","10.8.0.1","TLSv1.3","2780","Server Hello, Change Cipher Spec"
"2899","67.430461","104.244.42.66","10.8.0.1","TLSv1.3","3399","Server Hello, Change Cipher Spec, Application Data"
"2900","67.430566","104.244.42.66","10.8.0.1","TLSv1.3","2780","Server Hello, Change Cipher Spec"
"2901","67.430603","10.8.0.1","104.244.42.66","TCP","54","55312  >  443 [ACK] Seq=518 Ack=2727 Win=65535 Len=0"
"2902","67.430623","10.8.0.1","104.244.42.66","TCP","54","55316  >  443 [ACK] Seq=518 Ack=3346 Win=65535 Len=0"
"2903","67.430640","10.8.0.1","104.244.42.66","TCP","54","55314  >  443 [ACK] Seq=518 Ack=2727 Win=65535 Len=0"
"2904","67.531168","104.244.42.66","10.8.0.1","TLSv1.3","673","Application Data"
"2905","67.531310","104.244.42.66","10.8.0.1","TLSv1.3","673","Application Data"
"2906","67.531342","10.8.0.1","104.244.42.66","TCP","54","55312  >  443 [ACK] Seq=518 Ack=3346 Win=65535 Len=0"
"2907","67.531367","10.8.0.1","104.244.42.66","TCP","54","55314  >  443 [ACK] Seq=518 Ack=3346 Win=65535 Len=0"
"2908","67.632601","10.8.0.1","104.244.42.66","TLSv1.3","118","Change Cipher Spec, Application Data"
"2909","67.632783","104.244.42.66","10.8.0.1","TCP","54","443  >  55312 [ACK] Seq=3346 Ack=582 Win=65535 Len=0"
"2910","67.683846","10.8.0.1","104.244.42.66","TLSv1.3","118","Change Cipher Spec, Application Data"
"2911","67.684074","104.244.42.66","10.8.0.1","TCP","54","443  >  55316 [ACK] Seq=3346 Ack=582 Win=65535 Len=0"
"2912","67.684105","10.8.0.1","104.244.42.66","TLSv1.3","118","Change Cipher Spec, Application Data"
"2913","67.684187","104.244.42.66","10.8.0.1","TCP","54","443  >  55314 [ACK] Seq=3346 Ack=582 Win=65535 Len=0"
"2914","67.684318","10.8.0.1","104.244.42.66","TLSv1.3","100","Application Data"
"2915","67.684380","104.244.42.66","10.8.0.1","TCP","54","443  >  55312 [ACK] Seq=3346 Ack=628 Win=65535 Len=0"
"2916","67.684451","10.8.0.1","104.244.42.66","TLSv1.3","150","Application Data, Application Data, Application Data"
"2917","67.684494","104.244.42.66","10.8.0.1","TCP","54","443  >  55312 [ACK] Seq=3346 Ack=724 Win=65535 Len=0"
"2918","67.684531","10.8.0.1","104.244.42.66","TLSv1.3","172","Application Data, Application Data, Application Data"
"2919","67.684571","104.244.42.66","10.8.0.1","TCP","54","443  >  55316 [ACK] Seq=3346 Ack=700 Win=65535 Len=0"
"2920","67.684588","10.8.0.1","104.244.42.66","TLSv1.3","172","Application Data, Application Data, Application Data"
"2921","67.684622","104.244.42.66","10.8.0.1","TCP","54","443  >  55314 [ACK] Seq=3346 Ack=700 Win=65535 Len=0"
"2922","67.735712","10.8.0.1","104.244.42.66","TCP","590","55314  >  443 [ACK] Seq=700 Ack=3346 Win=65535 Len=536 [TCP segment of a reassembled PDU]"
"2923","67.735942","104.244.42.66","10.8.0.1","TCP","54","443  >  55314 [ACK] Seq=3346 Ack=1236 Win=65535 Len=0"
"2924","67.735972","10.8.0.1","104.244.42.66","TLSv1.3","389","Application Data"
"2925","67.736076","104.244.42.66","10.8.0.1","TCP","54","443  >  55314 [ACK] Seq=3346 Ack=1571 Win=65535 Len=0"
"2926","67.736101","10.8.0.1","104.244.42.66","TLSv1.3","78","Application Data"
"2927","67.736153","104.244.42.66","10.8.0.1","TCP","54","443  >  55316 [ACK] Seq=3346 Ack=724 Win=65535 Len=0"
"2928","67.736211","10.8.0.1","104.244.42.66","TCP","54","55316  >  443 [FIN, ACK] Seq=724 Ack=3346 Win=65535 Len=0"
"2929","67.736287","104.244.42.66","10.8.0.1","TCP","54","443  >  55316 [ACK] Seq=3346 Ack=725 Win=65535 Len=0"
"2930","67.736373","104.244.42.66","10.8.0.1","TCP","54","443  >  55316 [FIN, ACK] Seq=3346 Ack=725 Win=65535 Len=0"
"2931","67.736615","10.8.0.1","104.244.42.66","TLSv1.3","590","Application Data"
"2932","67.736677","104.244.42.66","10.8.0.1","TCP","54","443  >  55314 [ACK] Seq=3346 Ack=2107 Win=65535 Len=0"
"2933","67.736697","10.8.0.1","104.244.42.66","TLSv1.3","282","Application Data"
"2934","67.736736","104.244.42.66","10.8.0.1","TCP","54","443  >  55314 [ACK] Seq=3346 Ack=2335 Win=65535 Len=0"
"2935","67.736754","10.8.0.1","104.244.42.66","TCP","54","55316  >  443 [ACK] Seq=725 Ack=3347 Win=65535 Len=0"
"2936","67.837259","10.8.0.1","ns1.backplanedns.org","NTP","90","NTP Version 3, client"
"2937","68.862203","10.8.0.1","104.244.42.66","TCP","54","[TCP Retransmission] 55312  >  443 [FIN, PSH, ACK] Seq=724 Ack=3346 Win=65535 Len=0"
"2938","68.862361","104.244.42.66","10.8.0.1","TCP","54","443  >  55312 [ACK] Seq=3346 Ack=725 Win=65535 Len=0"
"2939","68.862438","104.244.42.66","10.8.0.1","TCP","54","443  >  55312 [FIN, ACK] Seq=3346 Ack=725 Win=65535 Len=0"
"2940","68.862600","104.244.42.66","10.8.0.1","TLSv1.3","2417","Application Data, Application Data, Application Data, Application Data, Application Data"
"2941","68.862644","10.8.0.1","104.244.42.66","TCP","54","[TCP Retransmission] 55312  >  443 [FIN, PSH, ACK] Seq=724 Ack=3346 Win=65535 Len=0"
"2942","68.862681","104.244.42.66","10.8.0.1","TCP","54","[TCP Keep-Alive] 443  >  55312 [ACK] Seq=3346 Ack=725 Win=65535 Len=0"
"2943","68.862706","104.244.42.66","10.8.0.1","TCP","54","[TCP Out-Of-Order] 443  >  55312 [FIN, ACK] Seq=3346 Ack=725 Win=65535 Len=0"
"2944","68.862716","10.8.0.1","104.244.42.66","TCP","54","55312  >  443 [ACK] Seq=725 Ack=3347 Win=65535 Len=0"
"2945","68.862724","10.8.0.1","104.244.42.66","TCP","54","55314  >  443 [ACK] Seq=2335 Ack=5709 Win=65535 Len=0"
"2946","68.862734","10.8.0.1","104.244.42.66","TCP","54","[TCP Dup ACK 2944#1] 55312  >  443 [ACK] Seq=725 Ack=3347 Win=65535 Len=0"
"2947","68.862741","10.8.0.1","104.244.42.66","TCP","54","[TCP Dup ACK 2944#2] 55312  >  443 [ACK] Seq=725 Ack=3347 Win=65535 Len=0"
"2948","68.912933","10.8.0.1","104.244.42.66","TLSv1.3","85","Application Data"
"2949","68.913127","104.244.42.66","10.8.0.1","TCP","54","443  >  55314 [ACK] Seq=5709 Ack=2366 Win=65535 Len=0"
"2950","69.264516","10.8.0.1","104.244.42.66","TCP","590","55314  >  443 [ACK] Seq=2366 Ack=5709 Win=65535 Len=536 [TCP segment of a reassembled PDU]"
"2951","69.264703","104.244.42.66","10.8.0.1","TCP","54","443  >  55314 [ACK] Seq=5709 Ack=2902 Win=65535 Len=0"
"2952","69.264732","10.8.0.1","104.244.42.66","TCP","590","55314  >  443 [PSH, ACK] Seq=2902 Ack=5709 Win=65535 Len=536 [TCP segment of a reassembled PDU]"
"2953","69.264784","104.244.42.66","10.8.0.1","TCP","54","443  >  55314 [ACK] Seq=5709 Ack=3438 Win=65535 Len=0"
"2954","69.264805","10.8.0.1","104.244.42.66","TCP","590","55314  >  443 [ACK] Seq=3438 Ack=5709 Win=65535 Len=536 [TCP segment of a reassembled PDU]"
"2955","69.264845","104.244.42.66","10.8.0.1","TCP","54","443  >  55314 [ACK] Seq=5709 Ack=3974 Win=65535 Len=0"
"2956","69.264957","10.8.0.1","104.244.42.66","TLSv1.3","409","Application Data"
"2957","69.265004","104.244.42.66","10.8.0.1","TCP","54","443  >  55314 [ACK] Seq=5709 Ack=4329 Win=65535 Len=0"
"2958","69.516288","104.244.42.66","10.8.0.1","TLSv1.3","239","Application Data"
"2959","69.516329","10.8.0.1","104.244.42.131","TCP","74","46048  >  443 [SYN] Seq=0 Win=65535 Len=0 MSS=1460 SACK_PERM=1 TSval=978678917 TSecr=0 WS=1024"
"2960","69.518090","104.244.42.131","10.8.0.1","TCP","54","443  >  46048 [SYN, ACK] Seq=0 Ack=1 Win=65535 Len=0"
"2961","69.518133","10.8.0.1","104.244.42.66","TCP","54","55314  >  443 [ACK] Seq=4329 Ack=5894 Win=65535 Len=0"
"2962","69.518146","10.8.0.1","104.244.42.131","TCP","54","46048  >  443 [ACK] Seq=1 Ack=1 Win=65535 Len=0"
"2963","69.568336","10.8.0.1","104.244.42.131","TLSv1","571","Client Hello"
"2964","69.568502","104.244.42.131","10.8.0.1","TCP","54","443  >  46048 [ACK] Seq=1 Ack=518 Win=65535 Len=0"
"2965","69.568533","10.8.0.1","104.244.42.66","TCP","590","55314  >  443 [ACK] Seq=4329 Ack=5894 Win=65535 Len=536 [TCP segment of a reassembled PDU]"
"2966","69.568588","104.244.42.66","10.8.0.1","TCP","54","443  >  55314 [ACK] Seq=5894 Ack=4865 Win=65535 Len=0"
"2967","69.568612","10.8.0.1","104.244.42.66","TCP","590","55314  >  443 [PSH, ACK] Seq=4865 Ack=5894 Win=65535 Len=536 [TCP segment of a reassembled PDU]"
"2968","69.568653","104.244.42.66","10.8.0.1","TCP","54","443  >  55314 [ACK] Seq=5894 Ack=5401 Win=65535 Len=0"
"2969","69.568673","10.8.0.1","104.244.42.66","TCP","590","55314  >  443 [ACK] Seq=5401 Ack=5894 Win=65535 Len=536 [TCP segment of a reassembled PDU]"
"2970","69.568708","104.244.42.66","10.8.0.1","TCP","54","443  >  55314 [ACK] Seq=5894 Ack=5937 Win=65535 Len=0"
"2971","69.568738","10.8.0.1","104.244.42.66","TCP","590","55314  >  443 [PSH, ACK] Seq=5937 Ack=5894 Win=65535 Len=536 [TCP segment of a reassembled PDU]"
"2972","69.568773","104.244.42.66","10.8.0.1","TCP","54","443  >  55314 [ACK] Seq=5894 Ack=6473 Win=65535 Len=0"
"2973","69.568791","10.8.0.1","104.244.42.66","TLSv1.3","174","Application Data"
"2974","69.568907","104.244.42.66","10.8.0.1","TCP","54","443  >  55314 [ACK] Seq=5894 Ack=6593 Win=65535 Len=0"
"2975","69.569032","10.8.0.1","104.244.42.66","TLSv1.3","85","Application Data"
"2976","69.569081","104.244.42.66","10.8.0.1","TCP","54","443  >  55314 [ACK] Seq=5894 Ack=6624 Win=65535 Len=0"
"2977","69.626515","10.8.0.1","ord37s32-in-f14.1e100.net","QUIC","1292","Initial, DCID=a07533c0604ecc84, PKN: 1, PADDING, PING, PING, CRYPTO, PADDING, PING, PADDING, CRYPTO, PING, CRYPTO, PING, PING, PADDING, PING, PADDING, PING, PADDING"
"2978","69.698566","ord37s32-in-f14.1e100.net","10.8.0.1","QUIC","1292","Initial, SCID=a07533c0604ecc84, PKN: 1, ACK, CRYPTO, PADDING"
"2979","69.698613","10.8.0.1","ord37s32-in-f14.1e100.net","TCP","74","49856  >  443 [SYN] Seq=0 Win=65535 Len=0 MSS=1460 SACK_PERM=1 TSval=3713547029 TSecr=0 WS=1024"
"2980","69.700193","ord37s32-in-f14.1e100.net","10.8.0.1","TCP","54","443  >  49856 [SYN, ACK] Seq=0 Ack=1 Win=65535 Len=0"
"2981","69.700216","10.8.0.1","ord37s32-in-f14.1e100.net","TCP","54","49856  >  443 [ACK] Seq=1 Ack=1 Win=65535 Len=0"
"2982","69.702449","10.8.0.1","ord37s32-in-f14.1e100.net","TLSv1","571","Client Hello"
"2983","69.702478","ord37s32-in-f14.1e100.net","10.8.0.1","TCP","54","443  >  49856 [ACK] Seq=1 Ack=518 Win=65535 Len=0"
"2984","69.702714","10.8.0.1","ord37s32-in-f14.1e100.net","QUIC","1292","Initial, DCID=a07533c0604ecc84, PKN: 2, ACK, PADDING"
"2985","70.718247","10.8.0.1","ord37s32-in-f14.1e100.net","QUIC","83","Handshake, DCID=a07533c0604ecc84"
"2986","70.772497","ord37s32-in-f14.1e100.net","10.8.0.1","QUIC","136","Initial, SCID=a07533c0604ecc84, PKN: 7, CC"
"2987","70.772660","104.244.42.66","10.8.0.1","TLSv1.3","151","Application Data"
"2988","70.772681","10.8.0.1","ord37s32-in-f14.1e100.net","QUIC","83","Handshake, DCID=a07533c0604ecc84"
"2989","70.855661","ord37s32-in-f14.1e100.net","10.8.0.1","QUIC","136","Initial, SCID=a07533c0604ecc84, PKN: 7, CC"
"2990","70.855736","10.8.0.1","ord37s32-in-f14.1e100.net","QUIC","83","Handshake, DCID=a07533c0604ecc84"
"2991","71.870071","10.8.0.1","ord37s32-in-f3.1e100.net","TCP","74","57334  >  443 [SYN] Seq=0 Win=65535 Len=0 MSS=1460 SACK_PERM=1 TSval=2202031519 TSecr=0 WS=1024"
"2992","71.873193","ord37s32-in-f3.1e100.net","10.8.0.1","TCP","54","443  >  57334 [SYN, ACK] Seq=0 Ack=1 Win=65535 Len=0"
"2993","71.873249","10.8.0.1","199.232.6.133","TCP","74","34196  >  443 [SYN] Seq=0 Win=65535 Len=0 MSS=1460 SACK_PERM=1 TSval=206933465 TSecr=0 WS=1024"
"2994","71.874917","199.232.6.133","10.8.0.1","TCP","54","443  >  34196 [SYN, ACK] Seq=0 Ack=1 Win=65535 Len=0"
"2995","71.874965","10.8.0.1","199.232.6.133","TCP","74","34198  >  443 [SYN] Seq=0 Win=65535 Len=0 MSS=1460 SACK_PERM=1 TSval=206933465 TSecr=0 WS=1024"
"2996","71.876637","199.232.6.133","10.8.0.1","TCP","54","443  >  34198 [SYN, ACK] Seq=0 Ack=1 Win=65535 Len=0"
"2997","71.876680","10.8.0.1","199.232.6.133","TCP","74","34200  >  443 [SYN] Seq=0 Win=65535 Len=0 MSS=1460 SACK_PERM=1 TSval=206933465 TSecr=0 WS=1024"
"2998","71.878167","199.232.6.133","10.8.0.1","TCP","54","443  >  34200 [SYN, ACK] Seq=0 Ack=1 Win=65535 Len=0"
"2999","71.878199","10.8.0.1","199.232.6.133","TCP","74","34202  >  443 [SYN] Seq=0 Win=65535 Len=0 MSS=1460 SACK_PERM=1 TSval=206933467 TSecr=0 WS=1024"
"3000","71.880104","199.232.6.133","10.8.0.1","TCP","54","443  >  34202 [SYN, ACK] Seq=0 Ack=1 Win=65535 Len=0"
"3001","71.880150","10.8.0.1","104.244.42.66","TCP","54","55314  >  443 [ACK] Seq=6624 Ack=5991 Win=65535 Len=0"
"3002","71.880178","10.8.0.1","104.244.42.66","TCP","590","55314  >  443 [ACK] Seq=6624 Ack=5991 Win=65535 Len=536 [TCP segment of a reassembled PDU]"
"3003","71.880264","104.244.42.66","10.8.0.1","TCP","54","443  >  55314 [ACK] Seq=5991 Ack=7160 Win=65535 Len=0"
"3004","71.880291","10.8.0.1","104.244.42.66","TCP","590","55314  >  443 [PSH, ACK] Seq=7160 Ack=5991 Win=65535 Len=536 [TCP segment of a reassembled PDU]"
"3005","71.880339","104.244.42.66","10.8.0.1","TCP","54","443  >  55314 [ACK] Seq=5991 Ack=7696 Win=65535 Len=0"
"3006","71.880419","10.8.0.1","104.244.42.66","TLSv1.3","60","Application Data"
"3007","71.880504","104.244.42.66","10.8.0.1","TCP","54","443  >  55314 [ACK] Seq=5991 Ack=7702 Win=65535 Len=0"
"3008","71.880595","10.8.0.1","ord37s32-in-f14.1e100.net","QUIC","83","Handshake, DCID=a07533c0604ecc84"
"3009","72.189707","ord37s32-in-f14.1e100.net","10.8.0.1","QUIC","136","Initial, SCID=a07533c0604ecc84, PKN: 7, CC"
"3010","72.189794","10.8.0.1","a23-35-209-55.deploy.static.akamaitechnologies.com","TCP","74","39010  >  443 [SYN] Seq=0 Win=65535 Len=0 MSS=1460 SACK_PERM=1 TSval=2367007266 TSecr=0 WS=1024"
"3011","72.192552","a23-35-209-55.deploy.static.akamaitechnologies.com","10.8.0.1","TCP","54","443  >  39010 [SYN, ACK] Seq=0 Ack=1 Win=65535 Len=0"
"3012","72.192644","10.8.0.1","a23-35-209-55.deploy.static.akamaitechnologies.com","TCP","74","39012  >  443 [SYN] Seq=0 Win=65535 Len=0 MSS=1460 SACK_PERM=1 TSval=2367007267 TSecr=0 WS=1024"
"3013","72.194717","a23-35-209-55.deploy.static.akamaitechnologies.com","10.8.0.1","TCP","54","443  >  39012 [SYN, ACK] Seq=0 Ack=1 Win=65535 Len=0"
"3014","72.194767","10.8.0.1","a23-35-209-55.deploy.static.akamaitechnologies.com","TCP","74","39014  >  443 [SYN] Seq=0 Win=65535 Len=0 MSS=1460 SACK_PERM=1 TSval=2367007359 TSecr=0 WS=1024"
"3015","72.197155","a23-35-209-55.deploy.static.akamaitechnologies.com","10.8.0.1","TCP","54","443  >  39014 [SYN, ACK] Seq=0 Ack=1 Win=65535 Len=0"
"3016","72.197208","10.8.0.1","104.244.42.66","TCP","590","[TCP Spurious Retransmission] 55314  >  443 [ACK] Seq=6624 Ack=5991 Win=65535 Len=536"
"3017","72.197271","104.244.42.66","10.8.0.1","TCP","54","443  >  55314 [ACK] Seq=5991 Ack=7160 Win=65535 Len=0"
"3018","72.197293","10.8.0.1","199.232.5.208","TCP","74","54952  >  443 [SYN] Seq=0 Win=65535 Len=0 MSS=1460 SACK_PERM=1 TSval=157044813 TSecr=0 WS=1024"
"3019","72.199327","199.232.5.208","10.8.0.1","TCP","54","443  >  54952 [SYN, ACK] Seq=0 Ack=1 Win=65535 Len=0"
"3020","72.199375","10.8.0.1","104.244.42.66","TCP","590","[TCP Spurious Retransmission] 55314  >  443 [ACK] Seq=6624 Ack=5991 Win=65535 Len=536"
"3021","72.199433","104.244.42.66","10.8.0.1","TCP","54","[TCP Dup ACK 3017#1] 443  >  55314 [ACK] Seq=5991 Ack=7160 Win=65535 Len=0"
"3022","72.199456","10.8.0.1","199.232.6.133","TCP","74","[TCP Retransmission] 34200  >  443 [SYN] Seq=0 Win=65535 Len=0 MSS=1460 SACK_PERM=1 TSval=206934469 TSecr=0 WS=1024"
"3023","72.201596","199.232.6.133","10.8.0.1","TCP","54","[TCP Retransmission] 443  >  34200 [SYN, ACK] Seq=0 Ack=1 Win=65535 Len=0"
"3024","72.201640","10.8.0.1","199.232.6.133","TCP","74","[TCP Retransmission] 34198  >  443 [SYN] Seq=0 Win=65535 Len=0 MSS=1460 SACK_PERM=1 TSval=206934469 TSecr=0 WS=1024"
"3025","72.203722","199.232.6.133","10.8.0.1","TCP","54","[TCP Retransmission] 443  >  34198 [SYN, ACK] Seq=0 Ack=1 Win=65535 Len=0"
"3026","72.203769","10.8.0.1","199.232.6.133","TCP","74","[TCP Retransmission] 34196  >  443 [SYN] Seq=0 Win=65535 Len=0 MSS=1460 SACK_PERM=1 TSval=206934469 TSecr=0 WS=1024"
"3027","72.205583","199.232.6.133","10.8.0.1","TCP","54","[TCP Retransmission] 443  >  34196 [SYN, ACK] Seq=0 Ack=1 Win=65535 Len=0"
"3028","72.205627","10.8.0.1","ord37s32-in-f3.1e100.net","TCP","74","[TCP Retransmission] 57334  >  443 [SYN] Seq=0 Win=65535 Len=0 MSS=1460 SACK_PERM=1 TSval=2202032541 TSecr=0 WS=1024"
"3029","72.206546","ord37s32-in-f3.1e100.net","10.8.0.1","TCP","54","[TCP Retransmission] 443  >  57334 [SYN, ACK] Seq=0 Ack=1 Win=65535 Len=0"
"3030","72.206563","10.8.0.1","199.232.6.133","TCP","74","[TCP Retransmission] 34202  >  443 [SYN] Seq=0 Win=65535 Len=0 MSS=1460 SACK_PERM=1 TSval=206934473 TSecr=0 WS=1024"
"3031","72.207270","199.232.6.133","10.8.0.1","TCP","54","[TCP Retransmission] 443  >  34202 [SYN, ACK] Seq=0 Ack=1 Win=65535 Len=0"
"3032","72.207286","10.8.0.1","ord37s32-in-f3.1e100.net","TCP","54","57334  >  443 [ACK] Seq=1 Ack=1 Win=67107840 Len=0"
"3033","72.207295","10.8.0.1","199.232.6.133","TCP","54","34196  >  443 [ACK] Seq=1 Ack=1 Win=67107840 Len=0"
"3034","72.207302","10.8.0.1","199.232.6.133","TCP","54","34198  >  443 [ACK] Seq=1 Ack=1 Win=67107840 Len=0"
"3035","72.207309","10.8.0.1","199.232.6.133","TCP","54","34200  >  443 [ACK] Seq=1 Ack=1 Win=67107840 Len=0"
"3036","72.207344","10.8.0.1","ord37s32-in-f3.1e100.net","TLSv1.3","571","Client Hello"
"3037","72.207373","ord37s32-in-f3.1e100.net","10.8.0.1","TCP","54","443  >  57334 [ACK] Seq=1 Ack=518 Win=65535 Len=0"
"3038","72.207381","10.8.0.1","199.232.6.133","TLSv1.2","571","Client Hello"
"3039","72.207417","199.232.6.133","10.8.0.1","TCP","54","443  >  34198 [ACK] Seq=1 Ack=518 Win=65535 Len=0"
"3040","72.207424","10.8.0.1","199.232.6.133","TCP","54","34202  >  443 [ACK] Seq=1 Ack=1 Win=67107840 Len=0"
"3041","72.207433","10.8.0.1","104.244.42.66","TLSv1.3","85","Application Data"
"3042","72.207451","104.244.42.66","10.8.0.1","TCP","54","443  >  55314 [ACK] Seq=5991 Ack=7733 Win=65535 Len=0"
"3043","72.207458","10.8.0.1","199.232.6.133","TLSv1.2","571","Client Hello"
"3044","72.207474","199.232.6.133","10.8.0.1","TCP","54","443  >  34200 [ACK] Seq=1 Ack=518 Win=65535 Len=0"
"3045","72.207496","10.8.0.1","199.232.6.133","TLSv1.2","571","Client Hello"
"3046","72.207514","199.232.6.133","10.8.0.1","TCP","54","443  >  34196 [ACK] Seq=1 Ack=518 Win=65535 Len=0"
"3047","72.207522","10.8.0.1","199.232.6.133","TLSv1.2","571","Client Hello"
"3048","72.207536","199.232.6.133","10.8.0.1","TCP","54","443  >  34202 [ACK] Seq=1 Ack=518 Win=65535 Len=0"
"3049","72.207543","10.8.0.1","a23-35-209-55.deploy.static.akamaitechnologies.com","TCP","74","[TCP Retransmission] 39012  >  443 [SYN] Seq=0 Win=65535 Len=0 MSS=1460 SACK_PERM=1 TSval=2367008294 TSecr=0 WS=1024"
"3050","72.208385","a23-35-209-55.deploy.static.akamaitechnologies.com","10.8.0.1","TCP","54","[TCP Retransmission] 443  >  39012 [SYN, ACK] Seq=0 Ack=1 Win=65535 Len=0"
"3051","72.208402","10.8.0.1","a23-35-209-55.deploy.static.akamaitechnologies.com","TCP","74","[TCP Retransmission] 39010  >  443 [SYN] Seq=0 Win=65535 Len=0 MSS=1460 SACK_PERM=1 TSval=2367008294 TSecr=0 WS=1024"
"3052","72.209210","a23-35-209-55.deploy.static.akamaitechnologies.com","10.8.0.1","TCP","54","[TCP Retransmission] 443  >  39010 [SYN, ACK] Seq=0 Ack=1 Win=65535 Len=0"
"3053","72.209227","10.8.0.1","a23-35-209-55.deploy.static.akamaitechnologies.com","TCP","74","[TCP Retransmission] 39014  >  443 [SYN] Seq=0 Win=65535 Len=0 MSS=1460 SACK_PERM=1 TSval=2367008358 TSecr=0 WS=1024"
"3054","72.210016","a23-35-209-55.deploy.static.akamaitechnologies.com","10.8.0.1","TCP","54","[TCP Retransmission] 443  >  39014 [SYN, ACK] Seq=0 Ack=1 Win=65535 Len=0"
"3055","72.210033","10.8.0.1","ord37s32-in-f14.1e100.net","QUIC","83","Handshake, DCID=a07533c0604ecc84"
"3056","73.210124","10.8.0.1","edge-star-shv-01-ort2.facebook.com","TCP","74","42472  >  443 [SYN] Seq=0 Win=65535 Len=0 MSS=1460 SACK_PERM=1 TSval=1359040816 TSecr=0 WS=1024"
"3057","73.211950","edge-star-shv-01-ort2.facebook.com","10.8.0.1","TCP","54","443  >  42472 [SYN, ACK] Seq=0 Ack=1 Win=65535 Len=0"
"3058","73.212170","104.244.42.66","10.8.0.1","TLSv1.3","78","Application Data"
"3059","73.212197","104.244.42.66","10.8.0.1","TCP","54","443  >  55314 [FIN, ACK] Seq=6015 Ack=7733 Win=65535 Len=0"
"3060","73.212235","10.8.0.1","a23-35-209-55.deploy.static.akamaitechnologies.com","TCP","54","39010  >  443 [ACK] Seq=1 Ack=1 Win=67107840 Len=0"
"3061","73.212247","10.8.0.1","a23-35-209-55.deploy.static.akamaitechnologies.com","TCP","54","39012  >  443 [ACK] Seq=1 Ack=1 Win=67107840 Len=0"
"3062","73.212258","10.8.0.1","a23-35-209-55.deploy.static.akamaitechnologies.com","TLSv1.2","571","Client Hello"
"3063","73.212307","a23-35-209-55.deploy.static.akamaitechnologies.com","10.8.0.1","TCP","54","443  >  39010 [ACK] Seq=1 Ack=518 Win=65535 Len=0"
"3064","73.212318","10.8.0.1","a23-35-209-55.deploy.static.akamaitechnologies.com","TLSv1.2","571","Client Hello"
"3065","73.212340","a23-35-209-55.deploy.static.akamaitechnologies.com","10.8.0.1","TCP","54","443  >  39012 [ACK] Seq=1 Ack=518 Win=65535 Len=0"
"3066","73.212378","10.8.0.1","a23-35-209-55.deploy.static.akamaitechnologies.com","TCP","54","39014  >  443 [ACK] Seq=1 Ack=1 Win=67107840 Len=0"
"3067","73.212408","10.8.0.1","a23-35-209-55.deploy.static.akamaitechnologies.com","TLSv1.2","571","Client Hello"
"3068","73.212433","a23-35-209-55.deploy.static.akamaitechnologies.com","10.8.0.1","TCP","54","443  >  39014 [ACK] Seq=1 Ack=518 Win=65535 Len=0"
"3069","73.212443","10.8.0.1","199.232.5.208","TCP","54","54952  >  443 [ACK] Seq=1 Ack=1 Win=65535 Len=0"
"3070","73.212472","10.8.0.1","199.232.5.208","TLSv1.2","571","Client Hello"
"3071","73.212496","199.232.5.208","10.8.0.1","TCP","54","443  >  54952 [ACK] Seq=1 Ack=518 Win=65535 Len=0"
"3072","73.212505","10.8.0.1","199.232.6.133","TCP","54","[TCP Dup ACK 3035#1] 34200  >  443 [ACK] Seq=518 Ack=1 Win=67107840 Len=0"
"3073","73.212533","10.8.0.1","199.232.6.133","TCP","54","[TCP Dup ACK 3034#1] 34198  >  443 [ACK] Seq=518 Ack=1 Win=67107840 Len=0"
"3074","73.212543","10.8.0.1","199.232.6.133","TCP","54","[TCP Dup ACK 3033#1] 34196  >  443 [ACK] Seq=518 Ack=1 Win=67107840 Len=0"
"3075","73.212551","10.8.0.1","ord37s32-in-f3.1e100.net","TCP","54","[TCP Dup ACK 3032#1] 57334  >  443 [ACK] Seq=518 Ack=1 Win=67107840 Len=0"
"3076","73.212573","10.8.0.1","199.232.6.133","TCP","54","[TCP Dup ACK 3040#1] 34202  >  443 [ACK] Seq=518 Ack=1 Win=67107840 Len=0"
"3077","73.212581","10.8.0.1","a23-35-209-55.deploy.static.akamaitechnologies.com","TCP","54","[TCP Dup ACK 3061#1] 39012  >  443 [ACK] Seq=518 Ack=1 Win=67107840 Len=0"
"3078","73.212590","10.8.0.1","a23-35-209-55.deploy.static.akamaitechnologies.com","TCP","54","[TCP Dup ACK 3060#1] 39010  >  443 [ACK] Seq=518 Ack=1 Win=67107840 Len=0"
"3079","73.212598","10.8.0.1","a23-35-209-55.deploy.static.akamaitechnologies.com","TCP","54","[TCP Dup ACK 3066#1] 39014  >  443 [ACK] Seq=518 Ack=1 Win=67107840 Len=0"
"3080","73.212607","10.8.0.1","edge-star-shv-01-ort2.facebook.com","TCP","74","[TCP Out-Of-Order] 42472  >  443 [SYN] Seq=0 Win=65535 Len=0 MSS=1460 SACK_PERM=1 TSval=1359041815 TSecr=0 WS=1024"
"3081","73.213700","edge-star-shv-01-ort2.facebook.com","10.8.0.1","TCP","54","[TCP Out-Of-Order] 443  >  42472 [SYN, ACK] Seq=0 Ack=1 Win=65535 Len=0"
"3082","73.213720","10.8.0.1","edge-star-shv-01-ort2.facebook.com","TCP","54","42472  >  443 [ACK] Seq=1 Ack=1 Win=67107840 Len=0"
"3083","73.213731","10.8.0.1","104.244.42.66","TCP","54","55314  >  443 [ACK] Seq=7733 Ack=6015 Win=65535 Len=0"
"3084","73.213739","10.8.0.1","104.244.42.66","TLSv1.3","93","Application Data"
"3085","73.213746","10.8.0.1","edge-star-shv-01-ort2.facebook.com","TCP","54","[TCP Dup ACK 3082#1] 42472  >  443 [ACK] Seq=1 Ack=1 Win=67107840 Len=0"
"3086","73.215250","10.8.0.1","104.244.42.66","TLSv1.3","113","Application Data, Application Data"
"3087","73.215317","104.244.42.66","10.8.0.1","TCP","54","443  >  55314 [ACK] Seq=6016 Ack=7773 Win=65535 Len=0"
"3088","73.215355","104.244.42.66","10.8.0.1","TCP","54","443  >  55314 [FIN, ACK] Seq=6016 Ack=7773 Win=65535 Len=0"
"3089","73.217360","10.8.0.1","104.244.42.66","TCP","74","55398  >  443 [SYN] Seq=0 Win=65535 Len=0 MSS=1460 SACK_PERM=1 TSval=3777400427 TSecr=0 WS=1024"
"3090","73.219626","104.244.42.66","10.8.0.1","TCP","54","443  >  55398 [SYN, ACK] Seq=0 Ack=1 Win=65535 Len=0"
"3091","73.219669","10.8.0.1","104.244.42.66","TCP","54","55398  >  443 [ACK] Seq=1 Ack=1 Win=65535 Len=0"
"3092","73.221144","10.8.0.1","104.244.42.66","TLSv1.3","571","Client Hello"
"3093","73.221374","104.244.42.66","10.8.0.1","TCP","54","443  >  55398 [ACK] Seq=1 Ack=518 Win=65535 Len=0"
"3094","73.229541","10.8.0.1","edge-star-shv-01-ort2.facebook.com","TLSv1.3","571","Client Hello"
"3095","73.229619","edge-star-shv-01-ort2.facebook.com","10.8.0.1","TCP","54","443  >  42472 [ACK] Seq=1 Ack=518 Win=65535 Len=0"
"3096","73.299434","199.232.6.133","10.8.0.1","TLSv1.2","1432","Server Hello"
"3097","73.299469","10.8.0.1","199.232.6.133","TCP","54","34200  >  443 [ACK] Seq=518 Ack=1379 Win=67107840 Len=0"
"3098","73.301861","199.232.6.133","10.8.0.1","TLSv1.2","2810","Certificate [TCP segment of a reassembled PDU]"
"3099","73.301885","10.8.0.1","199.232.6.133","TCP","54","34200  >  443 [ACK] Seq=518 Ack=4135 Win=67107840 Len=0"
"3100","73.301906","199.232.6.133","10.8.0.1","TLSv1.2","662","Certificate Status, Server Key Exchange, Server Hello Done"
"3101","73.301912","10.8.0.1","199.232.6.133","TCP","54","34200  >  443 [ACK] Seq=518 Ack=4743 Win=67107840 Len=0"
"3102","73.308213","199.232.6.133","10.8.0.1","TLSv1.2","2810","Server Hello"
"3103","73.308236","10.8.0.1","199.232.6.133","TCP","54","34202  >  443 [ACK] Seq=518 Ack=2757 Win=67107840 Len=0"
"3104","73.309865","199.232.6.133","10.8.0.1","TLSv1.2","1432","Certificate [TCP segment of a reassembled PDU]"
"3105","73.309872","10.8.0.1","199.232.6.133","TCP","54","34202  >  443 [ACK] Seq=518 Ack=4135 Win=67107840 Len=0"
"3106","73.309896","199.232.6.133","10.8.0.1","TLSv1.2","662","Certificate Status, Server Key Exchange, Server Hello Done"
"3107","73.309902","10.8.0.1","199.232.6.133","TCP","54","34202  >  443 [ACK] Seq=518 Ack=4743 Win=67107840 Len=0"
"3108","73.311843","199.232.6.133","10.8.0.1","TLSv1.2","4188","Server Hello, Certificate"
"3109","73.311855","10.8.0.1","199.232.6.133","TCP","54","34196  >  443 [ACK] Seq=518 Ack=4135 Win=67107840 Len=0"
"3110","73.311872","199.232.6.133","10.8.0.1","TLSv1.2","662","Certificate Status, Server Key Exchange, Server Hello Done"
"3111","73.311880","10.8.0.1","199.232.6.133","TCP","54","34196  >  443 [ACK] Seq=518 Ack=4743 Win=67107840 Len=0"
"3112","73.313881","199.232.6.133","10.8.0.1","TLSv1.2","4188","Server Hello, Certificate"
"3113","73.313891","10.8.0.1","199.232.6.133","TCP","54","34198  >  443 [ACK] Seq=518 Ack=4135 Win=67107840 Len=0"
"3114","73.313909","199.232.6.133","10.8.0.1","TLSv1.2","656","Certificate Status, Server Key Exchange, Server Hello Done"
"3115","73.313916","10.8.0.1","199.232.6.133","TCP","54","34198  >  443 [ACK] Seq=518 Ack=4737 Win=67107840 Len=0"
"3116","73.315862","ord37s32-in-f3.1e100.net","10.8.0.1","TLSv1.3","1432","Server Hello, Change Cipher Spec"
"3117","73.315868","10.8.0.1","ord37s32-in-f3.1e100.net","TCP","54","57334  >  443 [ACK] Seq=518 Ack=1379 Win=67107840 Len=0"
"3118","73.315899","ord37s32-in-f3.1e100.net","10.8.0.1","TCP","94","443  >  57334 [PSH, ACK] Seq=1379 Ack=518 Win=65535 Len=40 [TCP segment of a reassembled PDU]"
"3119","73.315904","10.8.0.1","ord37s32-in-f3.1e100.net","TCP","54","57334  >  443 [ACK] Seq=518 Ack=1419 Win=67107840 Len=0"
"3120","73.317793","ord37s32-in-f3.1e100.net","10.8.0.1","TCP","2810","443  >  57334 [PSH, ACK] Seq=1419 Ack=518 Win=65535 Len=2756 [TCP segment of a reassembled PDU]"
"3121","73.317801","10.8.0.1","ord37s32-in-f3.1e100.net","TCP","54","57334  >  443 [ACK] Seq=518 Ack=4175 Win=67107840 Len=0"
"3122","73.333253","10.8.0.1","199.232.6.133","TLSv1.2","147","Client Key Exchange, Change Cipher Spec, Encrypted Handshake Message"
"3123","73.333280","199.232.6.133","10.8.0.1","TCP","54","443  >  34198 [ACK] Seq=4737 Ack=611 Win=65535 Len=0"
"3124","73.335625","10.8.0.1","199.232.6.133","TLSv1.2","147","Client Key Exchange, Change Cipher Spec, Encrypted Handshake Message"
"3125","73.335642","199.232.6.133","10.8.0.1","TCP","54","443  >  34202 [ACK] Seq=4743 Ack=611 Win=65535 Len=0"
"3126","73.335647","10.8.0.1","199.232.6.133","TLSv1.2","147","Client Key Exchange, Change Cipher Spec, Encrypted Handshake Message"
"3127","73.335659","199.232.6.133","10.8.0.1","TCP","54","443  >  34200 [ACK] Seq=4743 Ack=611 Win=65535 Len=0"
"3128","73.336672","10.8.0.1","199.232.6.133","TLSv1.2","147","Client Key Exchange, Change Cipher Spec, Encrypted Handshake Message"
"3129","73.336711","199.232.6.133","10.8.0.1","TCP","54","443  >  34196 [ACK] Seq=4743 Ack=611 Win=65535 Len=0"
"3130","73.357266","199.232.5.208","10.8.0.1","TLSv1.2","1432","Server Hello"
"3131","73.357275","10.8.0.1","199.232.5.208","TCP","54","54952  >  443 [ACK] Seq=518 Ack=1379 Win=65535 Len=0"
"3132","73.359883","199.232.5.208","10.8.0.1","TLSv1.2","2810","Certificate [TCP segment of a reassembled PDU]"
"3133","73.359890","10.8.0.1","199.232.5.208","TCP","54","54952  >  443 [ACK] Seq=518 Ack=4135 Win=65535 Len=0"
"3134","73.359909","199.232.5.208","10.8.0.1","TLSv1.2","649","Certificate Status, Server Key Exchange, Server Hello Done"
"3135","73.359914","10.8.0.1","199.232.5.208","TCP","54","54952  >  443 [ACK] Seq=518 Ack=4730 Win=65535 Len=0"
"3136","73.369183","ord37s32-in-f3.1e100.net","10.8.0.1","TLSv1.3","568","Application Data"
"3137","73.369194","10.8.0.1","ord37s32-in-f3.1e100.net","TCP","54","57334  >  443 [ACK] Seq=518 Ack=4689 Win=67107840 Len=0"
"3138","73.382129","10.8.0.1","199.232.5.208","TLSv1.2","147","Client Key Exchange, Change Cipher Spec, Encrypted Handshake Message"
"3139","73.382185","199.232.5.208","10.8.0.1","TCP","54","443  >  54952 [ACK] Seq=4730 Ack=611 Win=65535 Len=0"
"3140","73.391267","a23-35-209-55.deploy.static.akamaitechnologies.com","10.8.0.1","TLSv1.2","2810","Server Hello"
"3141","73.391279","10.8.0.1","a23-35-209-55.deploy.static.akamaitechnologies.com","TCP","54","39010  >  443 [ACK] Seq=518 Ack=2757 Win=67107840 Len=0"
"3142","73.393935","a23-35-209-55.deploy.static.akamaitechnologies.com","10.8.0.1","TLSv1.2","2810","Server Hello"
"3143","73.393981","a23-35-209-55.deploy.static.akamaitechnologies.com","10.8.0.1","TLSv1.2","1023","Certificate, Certificate Status, Server Key Exchange, Server Hello Done"
"3144","73.393986","10.8.0.1","a23-35-209-55.deploy.static.akamaitechnologies.com","TCP","54","39014  >  443 [ACK] Seq=518 Ack=2757 Win=67107840 Len=0"
"3145","73.393992","10.8.0.1","a23-35-209-55.deploy.static.akamaitechnologies.com","TCP","54","39010  >  443 [ACK] Seq=518 Ack=3726 Win=67107840 Len=0"
"3146","73.395928","a23-35-209-55.deploy.static.akamaitechnologies.com","10.8.0.1","TLSv1.2","1023","Certificate, Certificate Status, Server Key Exchange, Server Hello Done"
"3147","73.395937","10.8.0.1","a23-35-209-55.deploy.static.akamaitechnologies.com","TCP","54","39014  >  443 [ACK] Seq=518 Ack=3726 Win=67107840 Len=0"
"3148","73.395987","199.232.6.133","10.8.0.1","TLSv1.2","312","New Session Ticket, Change Cipher Spec, Encrypted Handshake Message"
"3149","73.395992","10.8.0.1","199.232.6.133","TCP","54","34198  >  443 [ACK] Seq=611 Ack=4995 Win=67107840 Len=0"
"3150","73.397902","a23-35-209-55.deploy.static.akamaitechnologies.com","10.8.0.1","TLSv1.2","2810","Server Hello"
"3151","73.397908","10.8.0.1","a23-35-209-55.deploy.static.akamaitechnologies.com","TCP","54","39012  >  443 [ACK] Seq=518 Ack=2757 Win=67107840 Len=0"
"3152","73.397932","a23-35-209-55.deploy.static.akamaitechnologies.com","10.8.0.1","TLSv1.2","1023","Certificate, Certificate Status, Server Key Exchange, Server Hello Done"
"3153","73.397941","10.8.0.1","a23-35-209-55.deploy.static.akamaitechnologies.com","TCP","54","39012  >  443 [ACK] Seq=518 Ack=3726 Win=67107840 Len=0"
"3154","73.400111","199.232.6.133","10.8.0.1","TLSv1.2","312","New Session Ticket, Change Cipher Spec, Encrypted Handshake Message"
"3155","73.400135","199.232.6.133","10.8.0.1","TLSv1.2","312","New Session Ticket, Change Cipher Spec, Encrypted Handshake Message"
"3156","73.400139","10.8.0.1","199.232.6.133","TCP","54","34200  >  443 [ACK] Seq=611 Ack=5001 Win=67107840 Len=0"
"3157","73.400145","10.8.0.1","199.232.6.133","TCP","54","34202  >  443 [ACK] Seq=611 Ack=5001 Win=67107840 Len=0"
"3158","73.401824","199.232.6.133","10.8.0.1","TLSv1.2","312","New Session Ticket, Change Cipher Spec, Encrypted Handshake Message"
"3159","73.401830","10.8.0.1","199.232.6.133","TCP","54","34196  >  443 [ACK] Seq=611 Ack=5001 Win=67107840 Len=0"
"3160","73.403866","10.8.0.1","199.232.6.133","TLSv1.2","364","Application Data"
"3161","73.403878","199.232.6.133","10.8.0.1","TCP","54","443  >  34202 [ACK] Seq=5001 Ack=921 Win=65535 Len=0"
"3162","73.405389","10.8.0.1","199.232.6.133","TLSv1.2","357","Application Data"
"3163","73.405401","199.232.6.133","10.8.0.1","TCP","54","443  >  34196 [ACK] Seq=5001 Ack=914 Win=65535 Len=0"
"3164","73.413489","10.8.0.1","199.232.6.133","TLSv1.2","107","Application Data"
"3165","73.413515","199.232.6.133","10.8.0.1","TCP","54","443  >  34198 [ACK] Seq=4995 Ack=664 Win=65535 Len=0"
"3166","73.413701","10.8.0.1","199.232.6.133","TLSv1.2","98","Application Data"
"3167","73.413712","199.232.6.133","10.8.0.1","TCP","54","443  >  34198 [ACK] Seq=4995 Ack=708 Win=65535 Len=0"
"3168","73.414532","10.8.0.1","ord37s32-in-f3.1e100.net","TLSv1.3","118","Change Cipher Spec, Application Data"
"3169","73.414558","ord37s32-in-f3.1e100.net","10.8.0.1","TCP","54","443  >  57334 [ACK] Seq=4689 Ack=582 Win=65535 Len=0"
"3170","73.414912","10.8.0.1","199.232.6.133","TLSv1.2","354","Application Data"
"3171","73.414924","199.232.6.133","10.8.0.1","TCP","54","443  >  34200 [ACK] Seq=5001 Ack=911 Win=65535 Len=0"
"3172","73.423237","edge-star-shv-01-ort2.facebook.com","10.8.0.1","TLSv1.3","1432","Server Hello, Change Cipher Spec, Application Data"
"3173","73.423254","10.8.0.1","edge-star-shv-01-ort2.facebook.com","TCP","54","42472  >  443 [ACK] Seq=518 Ack=1379 Win=67107840 Len=0"
"3174","73.423271","edge-star-shv-01-ort2.facebook.com","10.8.0.1","TCP","56","443  >  42472 [PSH, ACK] Seq=1379 Ack=518 Win=65535 Len=2 [TCP segment of a reassembled PDU]"
"3175","73.423277","10.8.0.1","edge-star-shv-01-ort2.facebook.com","TCP","54","42472  >  443 [ACK] Seq=518 Ack=1381 Win=67107840 Len=0"
"3176","73.423664","10.8.0.1","199.232.6.133","TLSv1.2","96","Application Data"
"3177","73.423674","199.232.6.133","10.8.0.1","TCP","54","443  >  34198 [ACK] Seq=4995 Ack=750 Win=65535 Len=0"
"3178","73.425868","edge-star-shv-01-ort2.facebook.com","10.8.0.1","TLSv1.3","1432","Application Data [TCP segment of a reassembled PDU]"
"3179","73.425875","10.8.0.1","edge-star-shv-01-ort2.facebook.com","TCP","54","42472  >  443 [ACK] Seq=518 Ack=2759 Win=67107840 Len=0"
"3180","73.427381","10.8.0.1","199.232.6.133","TLSv1.2","230","Application Data"
"3181","73.427392","199.232.6.133","10.8.0.1","TCP","54","443  >  34198 [ACK] Seq=4995 Ack=926 Win=65535 Len=0"
"3182","73.431034","10.8.0.1","a23-35-209-55.deploy.static.akamaitechnologies.com","TLSv1.2","180","Client Key Exchange, Change Cipher Spec, Encrypted Handshake Message"
"3183","73.431046","a23-35-209-55.deploy.static.akamaitechnologies.com","10.8.0.1","TCP","54","443  >  39014 [ACK] Seq=3726 Ack=644 Win=65535 Len=0"
"3184","73.433042","10.8.0.1","a23-35-209-55.deploy.static.akamaitechnologies.com","TLSv1.2","180","Client Key Exchange, Change Cipher Spec, Encrypted Handshake Message"
"3185","73.433055","a23-35-209-55.deploy.static.akamaitechnologies.com","10.8.0.1","TCP","54","443  >  39012 [ACK] Seq=3726 Ack=644 Win=65535 Len=0"
"3186","73.442170","199.232.5.208","10.8.0.1","TLSv1.2","328","New Session Ticket, Change Cipher Spec, Encrypted Handshake Message"
"3187","73.442185","10.8.0.1","199.232.5.208","TCP","54","54952  >  443 [ACK] Seq=611 Ack=5004 Win=65535 Len=0"
"3188","73.443946","10.8.0.1","199.232.5.208","TCP","590","54952  >  443 [ACK] Seq=611 Ack=5004 Win=65535 Len=536 [TCP segment of a reassembled PDU]"
"3189","73.443958","199.232.5.208","10.8.0.1","TCP","54","443  >  54952 [ACK] Seq=5004 Ack=1147 Win=65535 Len=0"
"3190","73.443963","10.8.0.1","199.232.5.208","TLSv1.2","259","Application Data"
"3191","73.443975","199.232.5.208","10.8.0.1","TCP","54","443  >  54952 [ACK] Seq=5004 Ack=1352 Win=65535 Len=0"
"3192","73.445624","10.8.0.1","a23-35-209-55.deploy.static.akamaitechnologies.com","TLSv1.2","180","Client Key Exchange, Change Cipher Spec, Encrypted Handshake Message"
"3193","73.445637","a23-35-209-55.deploy.static.akamaitechnologies.com","10.8.0.1","TCP","54","443  >  39010 [ACK] Seq=3726 Ack=644 Win=65535 Len=0"
"3194","73.469331","199.232.6.133","10.8.0.1","TLSv1.2","1244","Application Data, Application Data"
"3195","73.469408","199.232.6.133","10.8.0.1","TLSv1.2","1842","Application Data, Application Data"
"3196","73.469424","10.8.0.1","199.232.6.133","TCP","54","34202  >  443 [ACK] Seq=921 Ack=6191 Win=67107840 Len=0"
"3197","73.469430","10.8.0.1","199.232.6.133","TCP","54","34196  >  443 [ACK] Seq=914 Ack=6789 Win=67107840 Len=0"
"3198","73.469452","199.232.6.133","10.8.0.1","TLSv1.2","111","Application Data"
"3199","73.469457","10.8.0.1","199.232.6.133","TCP","54","34198  >  443 [ACK] Seq=926 Ack=5052 Win=67107840 Len=0"
"3200","73.474578","199.232.6.133","10.8.0.1","TLSv1.2","1300","Application Data, Application Data"
"3201","73.474617","10.8.0.1","199.232.6.133","TCP","54","34200  >  443 [ACK] Seq=911 Ack=6247 Win=67107840 Len=0"
"3202","73.476163","10.8.0.1","199.232.6.133","TLSv1.2","92","Application Data"
"3203","73.476185","199.232.6.133","10.8.0.1","TCP","54","443  >  34198 [ACK] Seq=5052 Ack=964 Win=65535 Len=0"
"3204","73.485035","10.8.0.1","ord37s32-in-f3.1e100.net","TCP","590","57334  >  443 [ACK] Seq=582 Ack=4689 Win=67107840 Len=536 [TCP segment of a reassembled PDU]"
"3205","73.485053","ord37s32-in-f3.1e100.net","10.8.0.1","TCP","54","443  >  57334 [ACK] Seq=4689 Ack=1118 Win=65535 Len=0"
"3206","73.485059","10.8.0.1","ord37s32-in-f3.1e100.net","TCP","590","57334  >  443 [PSH, ACK] Seq=1118 Ack=4689 Win=67107840 Len=536 [TCP segment of a reassembled PDU]"
"3207","73.485070","ord37s32-in-f3.1e100.net","10.8.0.1","TCP","54","443  >  57334 [ACK] Seq=4689 Ack=1654 Win=65535 Len=0"
"3208","73.485075","10.8.0.1","ord37s32-in-f3.1e100.net","TCP","590","57334  >  443 [ACK] Seq=1654 Ack=4689 Win=67107840 Len=536 [TCP segment of a reassembled PDU]"
"3209","73.485096","ord37s32-in-f3.1e100.net","10.8.0.1","TCP","54","443  >  57334 [ACK] Seq=4689 Ack=2190 Win=65535 Len=0"
"3210","73.485104","10.8.0.1","ord37s32-in-f3.1e100.net","TCP","590","57334  >  443 [PSH, ACK] Seq=2190 Ack=4689 Win=67107840 Len=536 [TCP segment of a reassembled PDU]"
"3211","73.485112","ord37s32-in-f3.1e100.net","10.8.0.1","TCP","54","443  >  57334 [ACK] Seq=4689 Ack=2726 Win=65535 Len=0"
"3212","73.485118","10.8.0.1","ord37s32-in-f3.1e100.net","TCP","590","57334  >  443 [ACK] Seq=2726 Ack=4689 Win=67107840 Len=536 [TCP segment of a reassembled PDU]"
"3213","73.485129","ord37s32-in-f3.1e100.net","10.8.0.1","TCP","54","443  >  57334 [ACK] Seq=4689 Ack=3262 Win=65535 Len=0"
"3214","73.485136","10.8.0.1","ord37s32-in-f3.1e100.net","TCP","590","57334  >  443 [PSH, ACK] Seq=3262 Ack=4689 Win=67107840 Len=536 [TCP segment of a reassembled PDU]"
"3215","73.485146","ord37s32-in-f3.1e100.net","10.8.0.1","TCP","54","443  >  57334 [ACK] Seq=4689 Ack=3798 Win=65535 Len=0"
"3216","73.485151","10.8.0.1","ord37s32-in-f3.1e100.net","TCP","590","57334  >  443 [ACK] Seq=3798 Ack=4689 Win=67107840 Len=536 [TCP segment of a reassembled PDU]"
"3217","73.485160","ord37s32-in-f3.1e100.net","10.8.0.1","TCP","54","443  >  57334 [ACK] Seq=4689 Ack=4334 Win=65535 Len=0"
"3218","73.485166","10.8.0.1","ord37s32-in-f3.1e100.net","TLSv1.3","296","Application Data"
"3219","73.485175","ord37s32-in-f3.1e100.net","10.8.0.1","TCP","54","443  >  57334 [ACK] Seq=4689 Ack=4576 Win=65535 Len=0"
"3220","73.493754","10.8.0.1","199.232.6.133","TCP","74","34256  >  443 [SYN] Seq=0 Win=65535 Len=0 MSS=1460 SACK_PERM=1 TSval=206936220 TSecr=0 WS=1024"
"3221","73.494764","199.232.6.133","10.8.0.1","TCP","54","443  >  34256 [SYN, ACK] Seq=0 Ack=1 Win=65535 Len=0"
"3222","73.494791","10.8.0.1","199.232.6.133","TCP","54","34256  >  443 [ACK] Seq=1 Ack=1 Win=65535 Len=0"
"3223","73.494830","edge-star-shv-01-ort2.facebook.com","10.8.0.1","TLSv1.3","538","Application Data"
"3224","73.494848","10.8.0.1","edge-star-shv-01-ort2.facebook.com","TCP","54","42472  >  443 [ACK] Seq=518 Ack=3243 Win=67107840 Len=0"
"3225","73.499194","104.244.42.66","10.8.0.1","TLSv1.3","266","Server Hello, Change Cipher Spec, Application Data"
"3226","73.499200","10.8.0.1","104.244.42.66","TCP","54","55398  >  443 [ACK] Seq=518 Ack=213 Win=65535 Len=0"
"3227","73.499979","10.8.0.1","104.244.42.66","TLSv1.3","118","Change Cipher Spec, Application Data"
"3228","73.499989","104.244.42.66","10.8.0.1","TCP","54","443  >  55398 [ACK] Seq=213 Ack=582 Win=65535 Len=0"
"3229","73.501338","10.8.0.1","104.244.42.66","TLSv1.3","100","Application Data"
"3230","73.501348","104.244.42.66","10.8.0.1","TCP","54","443  >  55398 [ACK] Seq=213 Ack=628 Win=65535 Len=0"
"3231","73.501415","10.8.0.1","104.244.42.66","TLSv1.3","91","Application Data"
"3232","73.501423","104.244.42.66","10.8.0.1","TCP","54","443  >  55398 [ACK] Seq=213 Ack=665 Win=65535 Len=0"
"3233","73.501480","10.8.0.1","104.244.42.66","TLSv1.3","89","Application Data"
"3234","73.501488","104.244.42.66","10.8.0.1","TCP","54","443  >  55398 [ACK] Seq=213 Ack=700 Win=65535 Len=0"
"3235","73.503530","10.8.0.1","104.244.42.66","TCP","590","55398  >  443 [ACK] Seq=700 Ack=213 Win=65535 Len=536 [TCP segment of a reassembled PDU]"
"3236","73.503541","104.244.42.66","10.8.0.1","TCP","54","443  >  55398 [ACK] Seq=213 Ack=1236 Win=65535 Len=0"
"3237","73.503546","10.8.0.1","104.244.42.66","TCP","590","55398  >  443 [ACK] Seq=1236 Ack=213 Win=65535 Len=536 [TCP segment of a reassembled PDU]"
"3238","73.503554","104.244.42.66","10.8.0.1","TCP","54","443  >  55398 [ACK] Seq=213 Ack=1772 Win=65535 Len=0"
"3239","73.503558","10.8.0.1","104.244.42.66","TLSv1.3","325","Application Data"
"3240","73.503566","104.244.42.66","10.8.0.1","TCP","54","443  >  55398 [ACK] Seq=213 Ack=2043 Win=65535 Len=0"
"3241","73.503747","10.8.0.1","104.244.42.66","TLSv1.3","85","Application Data"
"3242","73.503756","104.244.42.66","10.8.0.1","TCP","54","443  >  55398 [ACK] Seq=213 Ack=2074 Win=65535 Len=0"
"3243","73.505651","10.8.0.1","199.232.6.133","TLSv1.2","571","Client Hello"
"3244","73.505663","199.232.6.133","10.8.0.1","TCP","54","443  >  34256 [ACK] Seq=1 Ack=518 Win=65535 Len=0"
"3245","73.525283","a23-35-209-55.deploy.static.akamaitechnologies.com","10.8.0.1","TLSv1.2","312","New Session Ticket, Change Cipher Spec, Encrypted Handshake Message"
"3246","73.525305","10.8.0.1","a23-35-209-55.deploy.static.akamaitechnologies.com","TCP","54","39014  >  443 [ACK] Seq=644 Ack=3984 Win=67107840 Len=0"
"3247","73.527423","10.8.0.1","a23-35-209-55.deploy.static.akamaitechnologies.com","TLSv1.2","107","Application Data"
"3248","73.527433","a23-35-209-55.deploy.static.akamaitechnologies.com","10.8.0.1","TCP","54","443  >  39014 [ACK] Seq=3984 Ack=697 Win=65535 Len=0"
"3249","73.527633","10.8.0.1","a23-35-209-55.deploy.static.akamaitechnologies.com","TLSv1.2","98","Application Data"
"3250","73.527642","a23-35-209-55.deploy.static.akamaitechnologies.com","10.8.0.1","TCP","54","443  >  39014 [ACK] Seq=3984 Ack=741 Win=65535 Len=0"
"3251","73.527803","10.8.0.1","a23-35-209-55.deploy.static.akamaitechnologies.com","TLSv1.2","96","Application Data"
"3252","73.527810","a23-35-209-55.deploy.static.akamaitechnologies.com","10.8.0.1","TCP","54","443  >  39014 [ACK] Seq=3984 Ack=783 Win=65535 Len=0"
"3253","73.528014","199.232.6.133","10.8.0.1","TLSv1.2","92","Application Data"
"3254","73.541932","a23-35-209-55.deploy.static.akamaitechnologies.com","10.8.0.1","TLSv1.2","312","New Session Ticket, Change Cipher Spec, Encrypted Handshake Message"
"3255","73.541941","10.8.0.1","a23-35-209-55.deploy.static.akamaitechnologies.com","TCP","54","39012  >  443 [ACK] Seq=644 Ack=3984 Win=67107840 Len=0"
"3256","73.544205","10.8.0.1","a23-35-209-55.deploy.static.akamaitechnologies.com","TLSv1.2","107","Application Data"
"3257","73.544217","a23-35-209-55.deploy.static.akamaitechnologies.com","10.8.0.1","TCP","54","443  >  39012 [ACK] Seq=3984 Ack=697 Win=65535 Len=0"
"3258","73.544391","10.8.0.1","a23-35-209-55.deploy.static.akamaitechnologies.com","TLSv1.2","98","Application Data"
"3259","73.544401","a23-35-209-55.deploy.static.akamaitechnologies.com","10.8.0.1","TCP","54","443  >  39012 [ACK] Seq=3984 Ack=741 Win=65535 Len=0"
"3260","73.544497","10.8.0.1","a23-35-209-55.deploy.static.akamaitechnologies.com","TLSv1.2","158","Application Data"
"3261","73.544508","a23-35-209-55.deploy.static.akamaitechnologies.com","10.8.0.1","TCP","54","443  >  39014 [ACK] Seq=3984 Ack=887 Win=65535 Len=0"
"3262","73.544555","10.8.0.1","a23-35-209-55.deploy.static.akamaitechnologies.com","TLSv1.2","96","Application Data"
"3263","73.544564","a23-35-209-55.deploy.static.akamaitechnologies.com","10.8.0.1","TCP","54","443  >  39012 [ACK] Seq=3984 Ack=783 Win=65535 Len=0"
"3264","73.545986","10.8.0.1","a23-35-209-55.deploy.static.akamaitechnologies.com","TLSv1.2","485","Application Data"
"3265","73.545997","a23-35-209-55.deploy.static.akamaitechnologies.com","10.8.0.1","TCP","54","443  >  39012 [ACK] Seq=3984 Ack=1214 Win=65535 Len=0"
"3266","73.547907","a23-35-209-55.deploy.static.akamaitechnologies.com","10.8.0.1","TLSv1.2","312","New Session Ticket, Change Cipher Spec, Encrypted Handshake Message"
"3267","73.547913","10.8.0.1","a23-35-209-55.deploy.static.akamaitechnologies.com","TCP","54","39010  >  443 [ACK] Seq=644 Ack=3984 Win=67107840 Len=0"
"3268","73.549776","10.8.0.1","a23-35-209-55.deploy.static.akamaitechnologies.com","TLSv1.2","107","Application Data"
"3269","73.549786","a23-35-209-55.deploy.static.akamaitechnologies.com","10.8.0.1","TCP","54","443  >  39010 [ACK] Seq=3984 Ack=697 Win=65535 Len=0"
"3270","73.550058","10.8.0.1","a23-35-209-55.deploy.static.akamaitechnologies.com","TLSv1.2","98","Application Data"
"3271","73.550070","a23-35-209-55.deploy.static.akamaitechnologies.com","10.8.0.1","TCP","54","443  >  39010 [ACK] Seq=3984 Ack=741 Win=65535 Len=0"
"3272","73.550222","10.8.0.1","a23-35-209-55.deploy.static.akamaitechnologies.com","TLSv1.2","96","Application Data"
"3273","73.550232","a23-35-209-55.deploy.static.akamaitechnologies.com","10.8.0.1","TCP","54","443  >  39010 [ACK] Seq=3984 Ack=783 Win=65535 Len=0"
"3274","73.550942","10.8.0.1","a23-35-209-55.deploy.static.akamaitechnologies.com","TLSv1.2","85","Encrypted Alert"
"3275","73.550952","a23-35-209-55.deploy.static.akamaitechnologies.com","10.8.0.1","TCP","54","443  >  39010 [ACK] Seq=3984 Ack=814 Win=65535 Len=0"
"3276","73.551377","10.8.0.1","a23-35-209-55.deploy.static.akamaitechnologies.com","TCP","54","39010  >  443 [FIN, ACK] Seq=814 Ack=3984 Win=67107840 Len=0"
"3277","73.551503","a23-35-209-55.deploy.static.akamaitechnologies.com","10.8.0.1","TCP","54","443  >  39010 [ACK] Seq=3984 Ack=815 Win=65535 Len=0"
"3278","73.551552","a23-35-209-55.deploy.static.akamaitechnologies.com","10.8.0.1","TCP","54","443  >  39010 [FIN, ACK] Seq=3984 Ack=815 Win=65535 Len=0"
"3279","73.551655","10.8.0.1","a23-35-209-55.deploy.static.akamaitechnologies.com","TCP","54","39010  >  443 [ACK] Seq=815 Ack=3985 Win=67107840 Len=0"
"3280","73.551826","10.8.0.1","a23-35-209-55.deploy.static.akamaitechnologies.com","TLSv1.2","186","Application Data"
"3281","73.551857","a23-35-209-55.deploy.static.akamaitechnologies.com","10.8.0.1","TCP","54","443  >  39012 [ACK] Seq=3984 Ack=1346 Win=65535 Len=0"
"3282","73.556212","199.232.5.208","10.8.0.1","TLSv1.2","799","Application Data, Application Data, Application Data, Application Data"
"3283","73.556221","10.8.0.1","199.232.5.208","TCP","54","54952  >  443 [ACK] Seq=1352 Ack=5749 Win=65535 Len=0"
"3284","73.557402","10.8.0.1","199.232.5.208","TCP","54","54952  >  443 [FIN, ACK] Seq=1352 Ack=5749 Win=65535 Len=0"
"3285","73.557469","199.232.5.208","10.8.0.1","TCP","54","443  >  54952 [ACK] Seq=5749 Ack=1353 Win=65535 Len=0"
"3286","73.557506","199.232.5.208","10.8.0.1","TCP","54","443  >  54952 [FIN, ACK] Seq=5749 Ack=1353 Win=65535 Len=0"
"3287","73.557545","10.8.0.1","199.232.5.208","TCP","54","54952  >  443 [ACK] Seq=1353 Ack=5750 Win=65535 Len=0"
"3288","73.558272","10.8.0.1","edge-star-shv-01-ort2.facebook.com","TLSv1.3","118","Change Cipher Spec, Application Data"
"3289","73.558292","edge-star-shv-01-ort2.facebook.com","10.8.0.1","TCP","54","443  >  42472 [ACK] Seq=3243 Ack=582 Win=65535 Len=0"
"3290","73.561116","10.8.0.1","edge-star-shv-01-ort2.facebook.com","TCP","590","42472  >  443 [ACK] Seq=582 Ack=3243 Win=67107840 Len=536 [TCP segment of a reassembled PDU]"
"3291","73.561131","edge-star-shv-01-ort2.facebook.com","10.8.0.1","TCP","54","443  >  42472 [ACK] Seq=3243 Ack=1118 Win=65535 Len=0"
"3292","73.561137","10.8.0.1","edge-star-shv-01-ort2.facebook.com","TLSv1.3","215","Application Data"
"3293","73.561147","edge-star-shv-01-ort2.facebook.com","10.8.0.1","TCP","54","443  >  42472 [ACK] Seq=3243 Ack=1279 Win=65535 Len=0"
"3294","73.565850","10.8.0.1","199.232.6.133","TCP","54","34198  >  443 [ACK] Seq=964 Ack=5090 Win=67107840 Len=0"
"3295","73.594294","199.232.6.133","10.8.0.1","TLSv1.2","258","Application Data"
"3296","73.594311","10.8.0.1","199.232.6.133","TCP","54","34198  >  443 [ACK] Seq=964 Ack=5294 Win=67107840 Len=0"
"3297","73.607253","a23-35-209-55.deploy.static.akamaitechnologies.com","10.8.0.1","TLSv1.2","122","Application Data"
"3298","73.607262","10.8.0.1","a23-35-209-55.deploy.static.akamaitechnologies.com","TCP","54","39014  >  443 [ACK] Seq=887 Ack=4052 Win=67107840 Len=0"
"3299","73.614188","edge-star-shv-01-ort2.facebook.com","10.8.0.1","TLSv1.3","231","Application Data"
"3300","73.614195","10.8.0.1","edge-star-shv-01-ort2.facebook.com","TCP","54","42472  >  443 [ACK] Seq=1279 Ack=3420 Win=67107840 Len=0"
"3301","73.627369","10.8.0.1","a23-35-209-55.deploy.static.akamaitechnologies.com","TLSv1.2","92","Application Data"
"3302","73.627393","a23-35-209-55.deploy.static.akamaitechnologies.com","10.8.0.1","TCP","54","443  >  39014 [ACK] Seq=4052 Ack=925 Win=65535 Len=0"
"3303","73.632414","199.232.6.133","10.8.0.1","TLSv1.2","4188","Server Hello, Certificate"
"3304","73.632436","10.8.0.1","199.232.6.133","TCP","54","34256  >  443 [ACK] Seq=518 Ack=4135 Win=65535 Len=0"
"3305","73.633914","104.244.42.66","10.8.0.1","TLSv1.3","581","Application Data, Application Data"
"3306","73.633937","199.232.6.133","10.8.0.1","TLSv1.2","656","Certificate Status, Server Key Exchange, Server Hello Done"
"3307","73.633945","10.8.0.1","104.244.42.66","TCP","54","55398  >  443 [ACK] Seq=2074 Ack=740 Win=65535 Len=0"
"3308","73.633951","10.8.0.1","199.232.6.133","TCP","54","34256  >  443 [ACK] Seq=518 Ack=4737 Win=65535 Len=0"
"3309","73.635169","10.8.0.1","104.244.42.66","TLSv1.3","85","Application Data"
"3310","73.635179","104.244.42.66","10.8.0.1","TCP","54","443  >  55398 [ACK] Seq=740 Ack=2105 Win=65535 Len=0"
"3311","73.635835","a23-35-209-55.deploy.static.akamaitechnologies.com","10.8.0.1","TLSv1.2","122","Application Data"
"3312","73.635841","10.8.0.1","a23-35-209-55.deploy.static.akamaitechnologies.com","TCP","54","39012  >  443 [ACK] Seq=1346 Ack=4052 Win=67107840 Len=0"
"3313","73.650448","10.8.0.1","a23-35-209-55.deploy.static.akamaitechnologies.com","TLSv1.2","92","Application Data"
"3314","73.650463","a23-35-209-55.deploy.static.akamaitechnologies.com","10.8.0.1","TCP","54","443  >  39012 [ACK] Seq=4052 Ack=1384 Win=65535 Len=0"
"3315","73.653900","10.8.0.1","199.232.6.133","TLSv1.2","147","Client Key Exchange, Change Cipher Spec, Encrypted Handshake Message"
"3316","73.653913","199.232.6.133","10.8.0.1","TCP","54","443  >  34256 [ACK] Seq=4737 Ack=611 Win=65535 Len=0"
"3317","73.688368","104.244.42.66","10.8.0.1","TLSv1.3","487","Application Data"
"3318","73.688390","10.8.0.1","104.244.42.66","TCP","54","55398  >  443 [ACK] Seq=2105 Ack=1173 Win=65535 Len=0"
"3319","73.698084","a23-35-209-55.deploy.static.akamaitechnologies.com","10.8.0.1","TLSv1.2","92","Application Data"
"3320","73.713245","199.232.6.133","10.8.0.1","TLSv1.2","312","New Session Ticket, Change Cipher Spec, Encrypted Handshake Message"
"3321","73.713254","10.8.0.1","199.232.6.133","TCP","54","34256  >  443 [ACK] Seq=611 Ack=4995 Win=65535 Len=0"
"3322","73.715292","10.8.0.1","199.232.6.133","TLSv1.2","107","Application Data"
"3323","73.715308","199.232.6.133","10.8.0.1","TCP","54","443  >  34256 [ACK] Seq=4995 Ack=664 Win=65535 Len=0"
"3324","73.715489","10.8.0.1","199.232.6.133","TLSv1.2","98","Application Data"
"3325","73.715500","199.232.6.133","10.8.0.1","TCP","54","443  >  34256 [ACK] Seq=4995 Ack=708 Win=65535 Len=0"
"3326","73.715669","10.8.0.1","199.232.6.133","TLSv1.2","96","Application Data"
"3327","73.715678","199.232.6.133","10.8.0.1","TCP","54","443  >  34256 [ACK] Seq=4995 Ack=750 Win=65535 Len=0"
"3328","73.716558","10.8.0.1","199.232.6.133","TLSv1.2","252","Application Data"
"3329","73.716570","199.232.6.133","10.8.0.1","TCP","54","443  >  34256 [ACK] Seq=4995 Ack=948 Win=65535 Len=0"
"3330","73.724010","a23-35-209-55.deploy.static.akamaitechnologies.com","10.8.0.1","TLSv1.2","92","Application Data"
"3331","73.741870","10.8.0.1","a23-35-209-55.deploy.static.akamaitechnologies.com","TCP","54","39014  >  443 [ACK] Seq=925 Ack=4090 Win=67107840 Len=0"
"3332","73.755852","a23-35-209-55.deploy.static.akamaitechnologies.com","10.8.0.1","TLSv1.2","1030","Application Data"
"3333","73.755917","10.8.0.1","a23-35-209-55.deploy.static.akamaitechnologies.com","TCP","54","39014  >  443 [ACK] Seq=925 Ack=5066 Win=67107840 Len=0"
"3334","73.761851","10.8.0.1","a23-35-209-55.deploy.static.akamaitechnologies.com","TCP","54","39012  >  443 [ACK] Seq=1384 Ack=4090 Win=67107840 Len=0"
"3335","73.769262","a23-35-209-55.deploy.static.akamaitechnologies.com","10.8.0.1","TCP","1432","443  >  39012 [PSH, ACK] Seq=4090 Ack=1384 Win=65535 Len=1378 [TCP segment of a reassembled PDU]"
"3336","73.769270","10.8.0.1","a23-35-209-55.deploy.static.akamaitechnologies.com","TCP","54","39012  >  443 [ACK] Seq=1384 Ack=5468 Win=67107840 Len=0"
"3337","73.773094","199.232.6.133","10.8.0.1","TLSv1.2","111","Application Data"
"3338","73.773111","10.8.0.1","199.232.6.133","TCP","54","34256  >  443 [ACK] Seq=948 Ack=5052 Win=65535 Len=0"
"3339","73.785341","10.8.0.1","199.232.6.133","TLSv1.2","92","Application Data"
"3340","73.785359","199.232.6.133","10.8.0.1","TCP","54","443  >  34256 [ACK] Seq=5052 Ack=986 Win=65535 Len=0"
"3341","73.840169","199.232.6.133","10.8.0.1","TLSv1.2","92","Application Data"
"3342","73.846768","10.8.0.1","66.220.10.2","NTP","90","NTP Version 3, client"
"3343","73.946433","66.220.10.2","10.8.0.1","NTP","90","NTP Version 3, server"
"3344","73.946482","10.8.0.1","ord37s32-in-f14.1e100.net","QUIC","169","Handshake, DCID=a07533c0604ecc84"
"3345","74.974222","edge-star-shv-01-ort2.facebook.com","10.8.0.1","TLSv1.3","1231","Application Data"
"3346","74.974324","a23-35-209-55.deploy.static.akamaitechnologies.com","10.8.0.1","TLSv1.2","1307","Application Data, Application Data"
"3347","74.974352","10.8.0.1","199.232.6.133","TCP","54","34256  >  443 [ACK] Seq=986 Ack=5090 Win=65535 Len=0"
"3348","74.974394","199.232.6.133","10.8.0.1","TLSv1.2","271","Application Data"
"3349","74.974435","ord37s32-in-f3.1e100.net","10.8.0.1","TLSv1.3","1488","Application Data, Application Data, Application Data"
"3350","74.974447","10.8.0.1","104.244.42.131","TCP","54","46048  >  443 [FIN, ACK] Seq=518 Ack=1 Win=65535 Len=0"
"3351","74.974490","104.244.42.131","10.8.0.1","TCP","54","443  >  46048 [ACK] Seq=1 Ack=519 Win=65535 Len=0"
"3352","74.974530","104.244.42.131","10.8.0.1","TCP","54","443  >  46048 [FIN, ACK] Seq=1 Ack=519 Win=65535 Len=0"
"3353","74.974656","10.8.0.1","104.244.42.131","TCP","54","[TCP Out-Of-Order] 46048  >  443 [FIN, ACK] Seq=518 Ack=1 Win=65535 Len=0"
"3354","74.974695","104.244.42.131","10.8.0.1","TCP","54","[TCP Keep-Alive] 443  >  46048 [ACK] Seq=1 Ack=519 Win=65535 Len=0"
"3355","74.974713","104.244.42.131","10.8.0.1","TCP","54","[TCP Out-Of-Order] 443  >  46048 [FIN, ACK] Seq=1 Ack=519 Win=65535 Len=0"
"3356","74.974722","10.8.0.1","server-52-85-244-253.ord51.r.cloudfront.net","TCP","74","52824  >  443 [SYN] Seq=0 Win=65535 Len=0 MSS=1460 SACK_PERM=1 TSval=615062334 TSecr=0 WS=1024"
"3357","74.976089","server-52-85-244-253.ord51.r.cloudfront.net","10.8.0.1","TCP","54","443  >  52824 [SYN, ACK] Seq=0 Ack=1 Win=65535 Len=0"
"3358","74.976112","10.8.0.1","edge-star-shv-01-ort2.facebook.com","TCP","54","42472  >  443 [ACK] Seq=1279 Ack=4597 Win=67107840 Len=0"
"3359","74.976121","10.8.0.1","a23-35-209-55.deploy.static.akamaitechnologies.com","TCP","54","39012  >  443 [ACK] Seq=1384 Ack=6721 Win=67107840 Len=0"
"3360","74.976128","10.8.0.1","199.232.6.133","TCP","54","34256  >  443 [ACK] Seq=986 Ack=5307 Win=65535 Len=0"
"3361","74.976136","10.8.0.1","ord37s32-in-f3.1e100.net","TCP","54","57334  >  443 [ACK] Seq=4576 Ack=6123 Win=67107840 Len=0"
"3362","74.976143","10.8.0.1","104.244.42.131","TCP","54","46048  >  443 [ACK] Seq=519 Ack=2 Win=65535 Len=0"
"3363","74.976148","10.8.0.1","104.244.42.131","TCP","54","[TCP Dup ACK 3362#1] 46048  >  443 [ACK] Seq=519 Ack=2 Win=65535 Len=0"
"3364","74.976153","10.8.0.1","104.244.42.131","TCP","54","[TCP Dup ACK 3362#2] 46048  >  443 [ACK] Seq=519 Ack=2 Win=65535 Len=0"
"3365","74.976158","10.8.0.1","server-52-85-244-253.ord51.r.cloudfront.net","TCP","54","52824  >  443 [ACK] Seq=1 Ack=1 Win=65535 Len=0"
"3366","74.991104","10.8.0.1","edge-star-shv-01-ort2.facebook.com","TLSv1.3","457","Application Data"
"3367","74.991206","edge-star-shv-01-ort2.facebook.com","10.8.0.1","TCP","54","443  >  42472 [ACK] Seq=4597 Ack=1682 Win=65535 Len=0"
"3368","74.991529","10.8.0.1","server-52-85-244-253.ord51.r.cloudfront.net","TLSv1.3","571","Client Hello"
"3369","74.991557","server-52-85-244-253.ord51.r.cloudfront.net","10.8.0.1","TCP","54","443  >  52824 [ACK] Seq=1 Ack=518 Win=65535 Len=0"
"3370","75.095392","edge-star-shv-01-ort2.facebook.com","10.8.0.1","TLSv1.3","1329","Application Data"
"3371","75.095425","10.8.0.1","edge-star-shv-01-ort2.facebook.com","TCP","54","42472  >  443 [ACK] Seq=1682 Ack=5872 Win=67107840 Len=0"
"3372","75.110609","server-52-85-244-253.ord51.r.cloudfront.net","10.8.0.1","TLSv1.3","1432","Server Hello, Change Cipher Spec, Application Data"
"3373","75.110646","10.8.0.1","server-52-85-244-253.ord51.r.cloudfront.net","TCP","54","52824  >  443 [ACK] Seq=518 Ack=1379 Win=65535 Len=0"
"3374","75.110680","server-52-85-244-253.ord51.r.cloudfront.net","10.8.0.1","TCP","1482","443  >  52824 [PSH, ACK] Seq=1379 Ack=518 Win=65535 Len=1428 [TCP segment of a reassembled PDU]"
"3375","75.110689","10.8.0.1","server-52-85-244-253.ord51.r.cloudfront.net","TCP","54","52824  >  443 [ACK] Seq=518 Ack=2807 Win=65535 Len=0"
"3376","75.133886","10.8.0.1","104.244.42.66","TCP","112","[TCP Retransmission] 55314  >  443 [FIN, PSH, ACK] Seq=7773 Ack=6016 Win=65535 Len=58"
"3377","75.133938","104.244.42.66","10.8.0.1","TCP","54","[TCP Keep-Alive] 443  >  55314 [ACK] Seq=6016 Ack=7774 Win=65535 Len=0"
"3378","75.133953","104.244.42.66","10.8.0.1","TCP","54","[TCP Retransmission] 443  >  55314 [FIN, ACK] Seq=6016 Ack=7774 Win=65535 Len=0"
"3379","75.176350","server-52-85-244-253.ord51.r.cloudfront.net","10.8.0.1","TLSv1.3","1241","Application Data, Application Data, Application Data"
"3380","75.176372","10.8.0.1","server-52-85-244-253.ord51.r.cloudfront.net","TCP","54","52824  >  443 [ACK] Seq=518 Ack=3994 Win=65535 Len=0"
"3381","75.345396","10.8.0.1","ec2-54-89-1-168.compute-1.amazonaws.com","TCP","74","52718  >  443 [SYN] Seq=0 Win=65535 Len=0 MSS=1460 SACK_PERM=1 TSval=1511478898 TSecr=0 WS=1024"
"3382","75.346645","ec2-54-89-1-168.compute-1.amazonaws.com","10.8.0.1","TCP","54","443  >  52718 [SYN, ACK] Seq=0 Ack=1 Win=65535 Len=0"
"3383","75.346670","10.8.0.1","ec2-54-89-1-168.compute-1.amazonaws.com","TCP","54","52718  >  443 [ACK] Seq=1 Ack=1 Win=65535 Len=0"
"3384","75.350463","10.8.0.1","ec2-54-89-1-168.compute-1.amazonaws.com","TLSv1.2","571","Client Hello"
"3385","75.350487","ec2-54-89-1-168.compute-1.amazonaws.com","10.8.0.1","TCP","54","443  >  52718 [ACK] Seq=1 Ack=518 Win=65535 Len=0"
"3386","75.411955","10.8.0.1","server-52-85-244-253.ord51.r.cloudfront.net","TLSv1.3","118","Change Cipher Spec, Application Data"
"3387","75.411994","server-52-85-244-253.ord51.r.cloudfront.net","10.8.0.1","TCP","54","443  >  52824 [ACK] Seq=3994 Ack=582 Win=65535 Len=0"
"3388","75.418126","10.8.0.1","server-52-85-244-253.ord51.r.cloudfront.net","TLSv1.3","321","Application Data"
"3389","75.418145","server-52-85-244-253.ord51.r.cloudfront.net","10.8.0.1","TCP","54","443  >  52824 [ACK] Seq=3994 Ack=849 Win=65535 Len=0"
"3390","75.503407","ec2-54-89-1-168.compute-1.amazonaws.com","10.8.0.1","TLSv1.2","4188","Server Hello"
"3391","75.503444","10.8.0.1","ec2-54-89-1-168.compute-1.amazonaws.com","TCP","54","52718  >  443 [ACK] Seq=518 Ack=4135 Win=65535 Len=0"
"3392","75.519936","10.8.0.1","lga15s46-in-f35.1e100.net","TCP","74","44770  >  443 [SYN] Seq=0 Win=65535 Len=0 MSS=1460 SACK_PERM=1 TSval=2004993833 TSecr=0 WS=1024"
"3393","75.520940","lga15s46-in-f35.1e100.net","10.8.0.1","TCP","54","443  >  44770 [SYN, ACK] Seq=0 Ack=1 Win=65535 Len=0"
"3394","75.520966","10.8.0.1","lga15s46-in-f35.1e100.net","TCP","54","44770  >  443 [ACK] Seq=1 Ack=1 Win=65535 Len=0"
"3395","75.524433","10.8.0.1","lga15s46-in-f35.1e100.net","TLSv1.3","571","Client Hello"
"3396","75.524454","lga15s46-in-f35.1e100.net","10.8.0.1","TCP","54","443  >  44770 [ACK] Seq=1 Ack=518 Win=65535 Len=0"
"3397","75.555354","ec2-54-89-1-168.compute-1.amazonaws.com","10.8.0.1","TLSv1.2","1432","Certificate [TCP segment of a reassembled PDU]"
"3398","75.555365","10.8.0.1","ec2-54-89-1-168.compute-1.amazonaws.com","TCP","54","52718  >  443 [ACK] Seq=518 Ack=5513 Win=65535 Len=0"
"3399","75.555383","ec2-54-89-1-168.compute-1.amazonaws.com","10.8.0.1","TLSv1.2","126","Server Key Exchange, Server Hello Done"
"3400","75.555404","10.8.0.1","ec2-54-89-1-168.compute-1.amazonaws.com","TCP","54","52718  >  443 [ACK] Seq=518 Ack=5585 Win=65535 Len=0"
"3401","75.587848","10.8.0.1","ec2-54-89-1-168.compute-1.amazonaws.com","TLSv1.2","180","Client Key Exchange, Change Cipher Spec, Encrypted Handshake Message"
"3402","75.587924","ec2-54-89-1-168.compute-1.amazonaws.com","10.8.0.1","TCP","54","443  >  52718 [ACK] Seq=5585 Ack=644 Win=65535 Len=0"
"3403","75.662538","lga15s46-in-f35.1e100.net","10.8.0.1","TLSv1.3","1432","Server Hello, Change Cipher Spec"
"3404","75.662554","10.8.0.1","lga15s46-in-f35.1e100.net","TCP","54","44770  >  443 [ACK] Seq=518 Ack=1379 Win=65535 Len=0"
"3405","75.662576","lga15s46-in-f35.1e100.net","10.8.0.1","TCP","1472","443  >  44770 [PSH, ACK] Seq=1379 Ack=518 Win=65535 Len=1418 [TCP segment of a reassembled PDU]"
"3406","75.662581","10.8.0.1","lga15s46-in-f35.1e100.net","TCP","54","44770  >  443 [ACK] Seq=518 Ack=2797 Win=65535 Len=0"
"3407","75.663793","lga15s46-in-f35.1e100.net","10.8.0.1","TCP","1432","443  >  44770 [PSH, ACK] Seq=2797 Ack=518 Win=65535 Len=1378 [TCP segment of a reassembled PDU]"
"3408","75.663819","10.8.0.1","lga15s46-in-f35.1e100.net","TCP","54","44770  >  443 [ACK] Seq=518 Ack=4175 Win=65535 Len=0"
"3409","75.663849","server-52-85-244-253.ord51.r.cloudfront.net","10.8.0.1","TLSv1.3","679","Application Data"
"3410","75.663854","10.8.0.1","server-52-85-244-253.ord51.r.cloudfront.net","TCP","54","52824  >  443 [ACK] Seq=849 Ack=4619 Win=65535 Len=0"
"3411","75.671301","ec2-54-89-1-168.compute-1.amazonaws.com","10.8.0.1","TLSv1.2","312","New Session Ticket, Change Cipher Spec, Encrypted Handshake Message"
"3412","75.671315","10.8.0.1","ec2-54-89-1-168.compute-1.amazonaws.com","TCP","54","52718  >  443 [ACK] Seq=644 Ack=5843 Win=65535 Len=0"
"3413","75.674169","10.8.0.1","ec2-54-89-1-168.compute-1.amazonaws.com","TLSv1.2","107","Application Data"
"3414","75.674186","ec2-54-89-1-168.compute-1.amazonaws.com","10.8.0.1","TCP","54","443  >  52718 [ACK] Seq=5843 Ack=697 Win=65535 Len=0"
"3415","75.674433","10.8.0.1","ec2-54-89-1-168.compute-1.amazonaws.com","TLSv1.2","98","Application Data"
"3416","75.674444","ec2-54-89-1-168.compute-1.amazonaws.com","10.8.0.1","TCP","54","443  >  52718 [ACK] Seq=5843 Ack=741 Win=65535 Len=0"
"3417","75.674642","10.8.0.1","ec2-54-89-1-168.compute-1.amazonaws.com","TLSv1.2","96","Application Data"
"3418","75.674650","ec2-54-89-1-168.compute-1.amazonaws.com","10.8.0.1","TCP","54","443  >  52718 [ACK] Seq=5843 Ack=783 Win=65535 Len=0"
"3419","75.675716","10.8.0.1","ec2-54-89-1-168.compute-1.amazonaws.com","TLSv1.2","257","Application Data"
"3420","75.675726","ec2-54-89-1-168.compute-1.amazonaws.com","10.8.0.1","TCP","54","443  >  52718 [ACK] Seq=5843 Ack=986 Win=65535 Len=0"
"3421","75.721272","lga15s46-in-f35.1e100.net","10.8.0.1","TLSv1.3","223","Application Data"
"3422","75.721282","10.8.0.1","lga15s46-in-f35.1e100.net","TCP","54","44770  >  443 [ACK] Seq=518 Ack=4344 Win=65535 Len=0"
"3423","75.729175","ec2-54-89-1-168.compute-1.amazonaws.com","10.8.0.1","TLSv1.2","123","Application Data"
"3424","75.729184","10.8.0.1","ec2-54-89-1-168.compute-1.amazonaws.com","TCP","54","52718  >  443 [ACK] Seq=986 Ack=5912 Win=65535 Len=0"
"3425","75.734652","10.8.0.1","ec2-54-89-1-168.compute-1.amazonaws.com","TLSv1.2","92","Application Data"
"3426","75.734670","ec2-54-89-1-168.compute-1.amazonaws.com","10.8.0.1","TCP","54","443  >  52718 [ACK] Seq=5912 Ack=1024 Win=65535 Len=0"
"3427","75.976292","ec2-54-89-1-168.compute-1.amazonaws.com","10.8.0.1","TLSv1.2","92","Application Data"
"3428","75.986638","10.8.0.1","lga15s46-in-f35.1e100.net","TLSv1.3","118","Change Cipher Spec, Application Data"
"3429","75.986667","lga15s46-in-f35.1e100.net","10.8.0.1","TCP","54","443  >  44770 [ACK] Seq=4344 Ack=582 Win=65535 Len=0"
"3430","75.993831","10.8.0.1","lga15s46-in-f35.1e100.net","TLSv1.3","304","Application Data"
"3431","75.993871","lga15s46-in-f35.1e100.net","10.8.0.1","TCP","54","443  >  44770 [ACK] Seq=4344 Ack=832 Win=65535 Len=0"
"3432","76.013988","10.8.0.1","ec2-54-89-1-168.compute-1.amazonaws.com","TCP","54","52718  >  443 [ACK] Seq=1024 Ack=5950 Win=65535 Len=0"
"3433","76.046349","ec2-54-89-1-168.compute-1.amazonaws.com","10.8.0.1","TLSv1.2","337","Application Data"
"3434","76.046358","10.8.0.1","ec2-54-89-1-168.compute-1.amazonaws.com","TCP","54","52718  >  443 [ACK] Seq=1024 Ack=6233 Win=65535 Len=0"
"3435","76.094260","ec2-54-89-1-168.compute-1.amazonaws.com","10.8.0.1","TLSv1.2","92","Application Data"
"3436","76.094285","10.8.0.1","ec2-54-89-1-168.compute-1.amazonaws.com","TCP","54","52718  >  443 [ACK] Seq=1024 Ack=6271 Win=65535 Len=0"
"3437","76.216505","lga15s46-in-f35.1e100.net","10.8.0.1","TLSv1.3","1432","Application Data"
"3438","76.216527","10.8.0.1","lga15s46-in-f35.1e100.net","TCP","54","44770  >  443 [ACK] Seq=832 Ack=5722 Win=65535 Len=0"
"3439","76.216550","lga15s46-in-f35.1e100.net","10.8.0.1","TLSv1.3","1472","Application Data [TCP segment of a reassembled PDU]"
"3440","76.216556","10.8.0.1","lga15s46-in-f35.1e100.net","TCP","54","44770  >  443 [ACK] Seq=832 Ack=7140 Win=65535 Len=0"
"3441","76.217866","lga15s46-in-f35.1e100.net","10.8.0.1","TLSv1.3","2810","Application Data, Application Data"
"3442","76.217885","10.8.0.1","lga15s46-in-f35.1e100.net","TCP","54","44770  >  443 [ACK] Seq=832 Ack=9896 Win=65535 Len=0"
"3443","76.219834","lga15s46-in-f35.1e100.net","10.8.0.1","TLSv1.3","4188","Application Data, Application Data, Application Data"
"3444","76.219845","10.8.0.1","lga15s46-in-f35.1e100.net","TCP","54","44770  >  443 [ACK] Seq=832 Ack=14030 Win=65535 Len=0"
"3445","76.254650","10.8.0.1","edge-star-mini-shv-02-ort2.facebook.com","TCP","54","45004  >  443 [FIN, ACK] Seq=35346 Ack=7239 Win=65535 Len=0"
"3446","76.254803","edge-star-mini-shv-02-ort2.facebook.com","10.8.0.1","TCP","54","443  >  45004 [ACK] Seq=7239 Ack=35347 Win=65535 Len=0"
"3447","76.254859","edge-star-mini-shv-02-ort2.facebook.com","10.8.0.1","TCP","54","443  >  45004 [FIN, ACK] Seq=7239 Ack=35347 Win=65535 Len=0"
"3448","76.254986","10.8.0.1","edge-star-mini-shv-02-ort2.facebook.com","TCP","54","45004  >  443 [ACK] Seq=35347 Ack=7240 Win=65535 Len=0"
"3449","76.265295","lga15s46-in-f35.1e100.net","10.8.0.1","TLSv1.3","2810","Application Data, Application Data"
"3450","76.265317","10.8.0.1","lga15s46-in-f35.1e100.net","TCP","54","44770  >  443 [ACK] Seq=832 Ack=16786 Win=65535 Len=0"
"3451","76.267883","lga15s46-in-f35.1e100.net","10.8.0.1","TLSv1.3","2810","Application Data, Application Data"
"3452","76.267895","10.8.0.1","lga15s46-in-f35.1e100.net","TCP","54","44770  >  443 [ACK] Seq=832 Ack=19542 Win=65535 Len=0"
"3453","76.271182","lga15s46-in-f35.1e100.net","10.8.0.1","TLSv1.3","2810","Application Data, Application Data"
"3454","76.271199","10.8.0.1","lga15s46-in-f35.1e100.net","TCP","54","44770  >  443 [ACK] Seq=832 Ack=22298 Win=65535 Len=0"
"3455","76.273865","lga15s46-in-f35.1e100.net","10.8.0.1","TLSv1.3","2810","Application Data, Application Data"
"3456","76.273883","10.8.0.1","lga15s46-in-f35.1e100.net","TCP","54","44770  >  443 [ACK] Seq=832 Ack=25054 Win=65535 Len=0"
"3457","76.273905","lga15s46-in-f35.1e100.net","10.8.0.1","TLSv1.3","4188","Application Data, Application Data, Application Data"
"3458","76.273916","10.8.0.1","lga15s46-in-f35.1e100.net","TCP","54","44770  >  443 [ACK] Seq=832 Ack=29188 Win=65535 Len=0"
"3459","76.275826","lga15s46-in-f35.1e100.net","10.8.0.1","TLSv1.3","4188","Application Data, Application Data, Application Data"
"3460","76.275836","10.8.0.1","lga15s46-in-f35.1e100.net","TCP","54","44770  >  443 [ACK] Seq=832 Ack=33322 Win=65535 Len=0"
"3461","76.333316","lga15s46-in-f35.1e100.net","10.8.0.1","TLSv1.3","4188","Application Data, Application Data"
"3462","76.333339","10.8.0.1","lga15s46-in-f35.1e100.net","TCP","54","44770  >  443 [ACK] Seq=832 Ack=37456 Win=65535 Len=0"
"3463","76.335900","lga15s46-in-f35.1e100.net","10.8.0.1","TLSv1.3","1432","Application Data [TCP segment of a reassembled PDU]"
"3464","76.335909","10.8.0.1","lga15s46-in-f35.1e100.net","TCP","54","44770  >  443 [ACK] Seq=832 Ack=38834 Win=65535 Len=0"
"3465","76.335938","lga15s46-in-f35.1e100.net","10.8.0.1","TLSv1.3","5566","Application Data, Application Data, Application Data, Application Data, Application Data"
"3466","76.335948","10.8.0.1","lga15s46-in-f35.1e100.net","TCP","54","44770  >  443 [ACK] Seq=832 Ack=44346 Win=65535 Len=0"
"3467","76.337814","lga15s46-in-f35.1e100.net","10.8.0.1","TLSv1.3","5566","Application Data, Application Data, Application Data, Application Data"
"3468","76.337824","10.8.0.1","lga15s46-in-f35.1e100.net","TCP","54","44770  >  443 [ACK] Seq=832 Ack=49858 Win=65535 Len=0"
"3469","76.340146","lga15s46-in-f35.1e100.net","10.8.0.1","TLSv1.3","2810","Application Data, Application Data"
"3470","76.340154","10.8.0.1","lga15s46-in-f35.1e100.net","TCP","54","44770  >  443 [ACK] Seq=832 Ack=52614 Win=65535 Len=0"
"3471","76.341837","lga15s46-in-f35.1e100.net","10.8.0.1","TLSv1.3","1432","Application Data [TCP segment of a reassembled PDU]"
"3472","76.341843","10.8.0.1","lga15s46-in-f35.1e100.net","TCP","54","44770  >  443 [ACK] Seq=832 Ack=53992 Win=65535 Len=0"
"3473","76.344923","lga15s46-in-f35.1e100.net","10.8.0.1","TLSv1.3","1432","Application Data [TCP segment of a reassembled PDU]"
"3474","76.381900","10.8.0.1","lga15s46-in-f35.1e100.net","TCP","54","44770  >  443 [ACK] Seq=832 Ack=55370 Win=65535 Len=0"
"3475","76.382044","lga15s46-in-f35.1e100.net","10.8.0.1","TLSv1.3","16590","Application Data, Application Data, Application Data, Application Data, Application Data, Application Data, Application Data, Application Data, Application Data, Application Data, Application Data, Application Data"
"3476","76.382082","10.8.0.1","lga15s46-in-f35.1e100.net","TCP","54","44770  >  443 [ACK] Seq=832 Ack=71906 Win=65535 Len=0"
"3477","76.384243","lga15s46-in-f35.1e100.net","10.8.0.1","TLSv1.3","2810","Application Data, Application Data"
"3478","76.384251","10.8.0.1","lga15s46-in-f35.1e100.net","TCP","54","44770  >  443 [ACK] Seq=832 Ack=74662 Win=65535 Len=0"
"3479","76.385799","lga15s46-in-f35.1e100.net","10.8.0.1","TLSv1.3","4188","Application Data, Application Data, Application Data"
"3480","76.385823","10.8.0.1","lga15s46-in-f35.1e100.net","TCP","54","44770  >  443 [ACK] Seq=832 Ack=78796 Win=65535 Len=0"
"3481","76.387860","lga15s46-in-f35.1e100.net","10.8.0.1","TLSv1.3","1432","Application Data [TCP segment of a reassembled PDU]"
"3482","76.425959","10.8.0.1","lga15s46-in-f35.1e100.net","TCP","54","44770  >  443 [ACK] Seq=832 Ack=80174 Win=65535 Len=0"
"3483","76.426022","Google_00:00:01","Google_00:00:02","IPv4","65554","Bogus IP length (4, less than header length 20)"
"3484","76.664152","10.8.0.1","ec2-35-163-36-111.us-west-2.compute.amazonaws.com","TCP","74","53656  >  443 [SYN] Seq=0 Win=65535 Len=0 MSS=1460 SACK_PERM=1 TSval=2945239242 TSecr=0 WS=1024"
"3485","76.665249","ec2-35-163-36-111.us-west-2.compute.amazonaws.com","10.8.0.1","TCP","54","443  >  53656 [SYN, ACK] Seq=0 Ack=1 Win=65535 Len=0"
"3486","76.665279","10.8.0.1","ec2-35-163-36-111.us-west-2.compute.amazonaws.com","TCP","54","53656  >  443 [ACK] Seq=1 Ack=1 Win=65535 Len=0"
"3487","76.673007","10.8.0.1","ec2-35-163-36-111.us-west-2.compute.amazonaws.com","TLSv1.2","571","Client Hello"
"3488","76.673060","ec2-35-163-36-111.us-west-2.compute.amazonaws.com","10.8.0.1","TCP","54","443  >  53656 [ACK] Seq=1 Ack=518 Win=65535 Len=0"
"3489","76.772862","10.8.0.1","server-52-84-121-34.ord53.r.cloudfront.net","TCP","74","51716  >  443 [SYN] Seq=0 Win=65535 Len=0 MSS=1460 SACK_PERM=1 TSval=59868263 TSecr=0 WS=1024"
"3490","76.773916","server-52-84-121-34.ord53.r.cloudfront.net","10.8.0.1","TCP","54","443  >  51716 [SYN, ACK] Seq=0 Ack=1 Win=65535 Len=0"
"3491","76.773940","10.8.0.1","server-52-84-121-34.ord53.r.cloudfront.net","TCP","54","51716  >  443 [ACK] Seq=1 Ack=1 Win=65535 Len=0"
"3492","76.787191","10.8.0.1","server-52-84-121-34.ord53.r.cloudfront.net","TLSv1.3","571","Client Hello"
"3493","76.787221","server-52-84-121-34.ord53.r.cloudfront.net","10.8.0.1","TCP","54","443  >  51716 [ACK] Seq=1 Ack=518 Win=65535 Len=0"
"3494","76.882980","10.8.0.1","server-52-85-244-253.ord51.r.cloudfront.net","TLSv1.3","78","Application Data"
"3495","76.883067","server-52-85-244-253.ord51.r.cloudfront.net","10.8.0.1","TCP","54","443  >  52824 [ACK] Seq=4619 Ack=873 Win=65535 Len=0"
"3496","76.883421","10.8.0.1","server-52-85-244-253.ord51.r.cloudfront.net","TCP","54","52824  >  443 [FIN, ACK] Seq=873 Ack=4619 Win=65535 Len=0"
"3497","76.883554","server-52-85-244-253.ord51.r.cloudfront.net","10.8.0.1","TCP","54","443  >  52824 [ACK] Seq=4619 Ack=874 Win=65535 Len=0"
"3498","76.883604","server-52-85-244-253.ord51.r.cloudfront.net","10.8.0.1","TCP","54","443  >  52824 [FIN, ACK] Seq=4619 Ack=874 Win=65535 Len=0"
"3499","76.883682","10.8.0.1","server-52-85-244-253.ord51.r.cloudfront.net","TCP","54","52824  >  443 [ACK] Seq=874 Ack=4620 Win=65535 Len=0"
"3500","77.084248","ec2-35-163-36-111.us-west-2.compute.amazonaws.com","10.8.0.1","TLSv1.2","2810","Server Hello"
"3501","77.084281","10.8.0.1","ec2-35-163-36-111.us-west-2.compute.amazonaws.com","TCP","54","53656  >  443 [ACK] Seq=518 Ack=2757 Win=65535 Len=0"
"3502","77.084309","ec2-35-163-36-111.us-west-2.compute.amazonaws.com","10.8.0.1","TLSv1.2","697","Certificate, Server Key Exchange, Server Hello Done"
"3503","77.084315","10.8.0.1","ec2-35-163-36-111.us-west-2.compute.amazonaws.com","TCP","54","53656  >  443 [ACK] Seq=518 Ack=3400 Win=65535 Len=0"
"3504","77.113953","10.8.0.1","server-65-8-47-252.ord52.r.cloudfront.net","TCP","74","46928  >  443 [SYN] Seq=0 Win=65535 Len=0 MSS=1460 SACK_PERM=1 TSval=2023730046 TSecr=0 WS=1024"
"3505","77.115252","server-65-8-47-252.ord52.r.cloudfront.net","10.8.0.1","TCP","54","443  >  46928 [SYN, ACK] Seq=0 Ack=1 Win=65535 Len=0"
"3506","77.115282","10.8.0.1","server-65-8-47-252.ord52.r.cloudfront.net","TCP","54","46928  >  443 [ACK] Seq=1 Ack=1 Win=65535 Len=0"
"3507","77.134030","server-52-84-121-34.ord53.r.cloudfront.net","10.8.0.1","TLSv1.3","2810","Server Hello, Change Cipher Spec, Application Data"
"3508","77.134061","10.8.0.1","server-52-84-121-34.ord53.r.cloudfront.net","TCP","54","51716  >  443 [ACK] Seq=518 Ack=2757 Win=65535 Len=0"
"3509","77.134092","server-52-84-121-34.ord53.r.cloudfront.net","10.8.0.1","TCP","154","443  >  51716 [PSH, ACK] Seq=2757 Ack=518 Win=65535 Len=100 [TCP segment of a reassembled PDU]"
"3510","77.134101","10.8.0.1","server-52-84-121-34.ord53.r.cloudfront.net","TCP","54","51716  >  443 [ACK] Seq=518 Ack=2857 Win=65535 Len=0"
"3511","77.154337","10.8.0.1","ec2-35-163-36-111.us-west-2.compute.amazonaws.com","TLSv1.2","180","Client Key Exchange, Change Cipher Spec, Encrypted Handshake Message"
"3512","77.154384","ec2-35-163-36-111.us-west-2.compute.amazonaws.com","10.8.0.1","TCP","54","443  >  53656 [ACK] Seq=3400 Ack=644 Win=65535 Len=0"
"3513","77.185243","server-52-84-121-34.ord53.r.cloudfront.net","10.8.0.1","TLSv1.3","1177","Application Data, Application Data, Application Data"
"3514","77.185300","10.8.0.1","server-52-84-121-34.ord53.r.cloudfront.net","TCP","54","51716  >  443 [ACK] Seq=518 Ack=3980 Win=65535 Len=0"
"3515","77.206439","10.8.0.1","server-52-84-121-34.ord53.r.cloudfront.net","TLSv1.3","118","Change Cipher Spec, Application Data"
"3516","77.206482","server-52-84-121-34.ord53.r.cloudfront.net","10.8.0.1","TCP","54","443  >  51716 [ACK] Seq=3980 Ack=582 Win=65535 Len=0"
"3517","77.206903","10.8.0.1","server-52-84-121-34.ord53.r.cloudfront.net","TLSv1.3","489","Application Data"
"3518","77.206926","server-52-84-121-34.ord53.r.cloudfront.net","10.8.0.1","TCP","54","443  >  51716 [ACK] Seq=3980 Ack=1017 Win=65535 Len=0"
"3519","77.218037","10.8.0.1","server-65-8-47-252.ord52.r.cloudfront.net","TLSv1.3","313","Client Hello"
"3520","77.218075","server-65-8-47-252.ord52.r.cloudfront.net","10.8.0.1","TCP","54","443  >  46928 [ACK] Seq=1 Ack=260 Win=65535 Len=0"
"3521","77.231185","10.8.0.1","104.18.23.112","TCP","74","50978  >  443 [SYN] Seq=0 Win=65535 Len=0 MSS=1460 SACK_PERM=1 TSval=4078538177 TSecr=0 WS=1024"
"3522","77.232112","104.18.23.112","10.8.0.1","TCP","54","443  >  50978 [SYN, ACK] Seq=0 Ack=1 Win=65535 Len=0"
"3523","77.232137","10.8.0.1","104.18.23.112","TCP","54","50978  >  443 [ACK] Seq=1 Ack=1 Win=65535 Len=0"
"3524","77.241208","10.8.0.1","104.18.23.112","TLSv1.3","571","Client Hello"
"3525","77.241251","104.18.23.112","10.8.0.1","TCP","54","443  >  50978 [ACK] Seq=1 Ack=518 Win=65535 Len=0"
"3526","77.246078","10.8.0.1","ord37s34-in-f10.1e100.net","TCP","74","59688  >  443 [SYN] Seq=0 Win=65535 Len=0 MSS=1460 SACK_PERM=1 TSval=2022344818 TSecr=0 WS=1024"
"3527","77.250814","ord37s34-in-f10.1e100.net","10.8.0.1","TCP","54","443  >  59688 [SYN, ACK] Seq=0 Ack=1 Win=65535 Len=0"
"3528","77.250831","10.8.0.1","ord37s34-in-f10.1e100.net","TCP","54","59688  >  443 [ACK] Seq=1 Ack=1 Win=65535 Len=0"
"3529","77.253298","10.8.0.1","ord37s34-in-f10.1e100.net","TLSv1.3","571","Client Hello"
"3530","77.253316","ord37s34-in-f10.1e100.net","10.8.0.1","TCP","54","443  >  59688 [ACK] Seq=1 Ack=518 Win=65535 Len=0"
"3531","77.255246","lga15s46-in-f35.1e100.net","10.8.0.1","TCP","54","[TCP Previous segment not captured] 443  >  44770 [FIN, ACK] Seq=145674 Ack=832 Win=65535 Len=0"
"3532","77.255441","10.8.0.1","lga15s46-in-f35.1e100.net","TCP","54","[TCP Dup ACK 3482#1] 44770  >  443 [ACK] Seq=832 Ack=80174 Win=65535 Len=0"
"3533","77.267184","ec2-35-163-36-111.us-west-2.compute.amazonaws.com","10.8.0.1","TLSv1.2","105","Change Cipher Spec, Encrypted Handshake Message"
"3534","77.267191","10.8.0.1","ec2-35-163-36-111.us-west-2.compute.amazonaws.com","TCP","54","53656  >  443 [ACK] Seq=644 Ack=3451 Win=65535 Len=0"
"3535","77.268052","10.8.0.1","ec2-35-163-36-111.us-west-2.compute.amazonaws.com","TLSv1.2","437","Application Data"
"3536","77.268079","ec2-35-163-36-111.us-west-2.compute.amazonaws.com","10.8.0.1","TCP","54","443  >  53656 [ACK] Seq=3451 Ack=1027 Win=65535 Len=0"
"3537","77.292323","server-65-8-47-252.ord52.r.cloudfront.net","10.8.0.1","TLSv1.3","1432","Server Hello, Change Cipher Spec, Application Data"
"3538","77.292337","10.8.0.1","server-65-8-47-252.ord52.r.cloudfront.net","TCP","54","46928  >  443 [ACK] Seq=260 Ack=1379 Win=65535 Len=0"
"3539","77.292358","server-65-8-47-252.ord52.r.cloudfront.net","10.8.0.1","TCP","104","443  >  46928 [PSH, ACK] Seq=1379 Ack=260 Win=65535 Len=50 [TCP segment of a reassembled PDU]"
"3540","77.292363","10.8.0.1","server-65-8-47-252.ord52.r.cloudfront.net","TCP","54","46928  >  443 [ACK] Seq=260 Ack=1429 Win=65535 Len=0"
"3541","77.293890","server-65-8-47-252.ord52.r.cloudfront.net","10.8.0.1","TCP","1432","443  >  46928 [PSH, ACK] Seq=1429 Ack=260 Win=65535 Len=1378 [TCP segment of a reassembled PDU]"
"3542","77.293897","10.8.0.1","server-65-8-47-252.ord52.r.cloudfront.net","TCP","54","46928  >  443 [ACK] Seq=260 Ack=2807 Win=65535 Len=0"
"3543","77.319606","10.8.0.1","lga15s46-in-f35.1e100.net","TCP","74","44794  >  443 [SYN] Seq=0 Win=65535 Len=0 MSS=1460 SACK_PERM=1 TSval=2004995632 TSecr=0 WS=1024"
"3544","77.320431","lga15s46-in-f35.1e100.net","10.8.0.1","TCP","54","443  >  44794 [SYN, ACK] Seq=0 Ack=1 Win=65535 Len=0"
"3545","77.320455","10.8.0.1","lga15s46-in-f35.1e100.net","TCP","54","44794  >  443 [ACK] Seq=1 Ack=1 Win=65535 Len=0"
"3546","77.347736","10.8.0.1","lga15s46-in-f35.1e100.net","TLSv1.3","571","Client Hello"
"3547","77.347791","lga15s46-in-f35.1e100.net","10.8.0.1","TCP","54","443  >  44794 [ACK] Seq=1 Ack=518 Win=65535 Len=0"
"3548","77.348063","server-65-8-47-252.ord52.r.cloudfront.net","10.8.0.1","TLSv1.3","1241","Application Data, Application Data, Application Data"
"3549","77.348070","10.8.0.1","server-65-8-47-252.ord52.r.cloudfront.net","TCP","54","46928  >  443 [ACK] Seq=260 Ack=3994 Win=65535 Len=0"
"3550","77.367852","10.8.0.1","server-65-8-47-252.ord52.r.cloudfront.net","TLSv1.3","118","Change Cipher Spec, Application Data"
"3551","77.367870","server-65-8-47-252.ord52.r.cloudfront.net","10.8.0.1","TCP","54","443  >  46928 [ACK] Seq=3994 Ack=324 Win=65535 Len=0"
"3552","77.367953","104.18.23.112","10.8.0.1","TLSv1.3","1432","Server Hello, Change Cipher Spec"
"3553","77.367960","10.8.0.1","104.18.23.112","TCP","54","50978  >  443 [ACK] Seq=518 Ack=1379 Win=65535 Len=0"
"3554","77.369820","104.18.23.112","10.8.0.1","TCP","1432","443  >  50978 [PSH, ACK] Seq=1379 Ack=518 Win=65535 Len=1378 [TCP segment of a reassembled PDU]"
"3555","77.369834","10.8.0.1","104.18.23.112","TCP","54","50978  >  443 [ACK] Seq=518 Ack=2757 Win=65535 Len=0"
"3556","77.369856","104.18.23.112","10.8.0.1","TLSv1.3","216","Application Data"
"3557","77.369894","10.8.0.1","104.18.23.112","TCP","54","50978  >  443 [ACK] Seq=518 Ack=2919 Win=65535 Len=0"
"3558","77.372635","10.8.0.1","server-65-8-47-252.ord52.r.cloudfront.net","TLSv1.3","317","Application Data"
"3559","77.372647","server-65-8-47-252.ord52.r.cloudfront.net","10.8.0.1","TCP","54","443  >  46928 [ACK] Seq=3994 Ack=587 Win=65535 Len=0"
"3560","77.376933","ec2-35-163-36-111.us-west-2.compute.amazonaws.com","10.8.0.1","TLSv1.2","621","Application Data"
"3561","77.376940","10.8.0.1","ec2-35-163-36-111.us-west-2.compute.amazonaws.com","TCP","54","53656  >  443 [ACK] Seq=1027 Ack=4018 Win=65535 Len=0"
"3562","77.398091","ord37s34-in-f10.1e100.net","10.8.0.1","TLSv1.3","2810","Server Hello, Change Cipher Spec"
"3563","77.398105","10.8.0.1","ord37s34-in-f10.1e100.net","TCP","54","59688  >  443 [ACK] Seq=518 Ack=2757 Win=65535 Len=0"
"3564","77.399810","ord37s34-in-f10.1e100.net","10.8.0.1","TCP","1432","443  >  59688 [PSH, ACK] Seq=2757 Ack=518 Win=65535 Len=1378 [TCP segment of a reassembled PDU]"
"3565","77.399816","10.8.0.1","ord37s34-in-f10.1e100.net","TCP","54","59688  >  443 [ACK] Seq=518 Ack=4135 Win=65535 Len=0"
"3566","77.399848","ord37s34-in-f10.1e100.net","10.8.0.1","TLSv1.3","607","Application Data"
"3567","77.399853","10.8.0.1","ord37s34-in-f10.1e100.net","TCP","54","59688  >  443 [ACK] Seq=518 Ack=4688 Win=65535 Len=0"
"3568","77.405896","10.8.0.1","lga15s46-in-f22.1e100.net","TCP","209","[TCP Retransmission] 33402  >  443 [FIN, PSH, ACK] Seq=676 Ack=4752 Win=65535 Len=155"
"3569","77.405912","lga15s46-in-f22.1e100.net","10.8.0.1","TCP","54","[TCP Keep-Alive] 443  >  33402 [ACK] Seq=4752 Ack=677 Win=65535 Len=0"
"3570","77.405920","lga15s46-in-f22.1e100.net","10.8.0.1","TCP","54","[TCP Retransmission] 443  >  33402 [FIN, ACK] Seq=4752 Ack=677 Win=65535 Len=0"
"3571","77.405926","10.8.0.1","ord38s28-in-f10.1e100.net","TCP","217","[TCP Retransmission] 46678  >  443 [FIN, PSH, ACK] Seq=676 Ack=4684 Win=65535 Len=163"
"3572","77.405934","ord38s28-in-f10.1e100.net","10.8.0.1","TCP","54","[TCP Keep-Alive] 443  >  46678 [ACK] Seq=4684 Ack=677 Win=65535 Len=0"
"3573","77.405942","ord38s28-in-f10.1e100.net","10.8.0.1","TCP","54","[TCP Retransmission] 443  >  46678 [FIN, ACK] Seq=4684 Ack=677 Win=65535 Len=0"
"3574","77.446133","server-52-84-121-34.ord53.r.cloudfront.net","10.8.0.1","TCP","1432","443  >  51716 [PSH, ACK] Seq=3980 Ack=1017 Win=65535 Len=1378 [TCP segment of a reassembled PDU]"
"3575","77.446141","10.8.0.1","server-52-84-121-34.ord53.r.cloudfront.net","TCP","54","51716  >  443 [ACK] Seq=1017 Ack=5358 Win=65535 Len=0"
"3576","77.447833","server-52-84-121-34.ord53.r.cloudfront.net","10.8.0.1","TCP","2810","443  >  51716 [PSH, ACK] Seq=5358 Ack=1017 Win=65535 Len=2756 [TCP segment of a reassembled PDU]"
"3577","77.447843","10.8.0.1","server-52-84-121-34.ord53.r.cloudfront.net","TCP","54","51716  >  443 [ACK] Seq=1017 Ack=8114 Win=65535 Len=0"
"3578","77.447863","server-52-84-121-34.ord53.r.cloudfront.net","10.8.0.1","TCP","133","443  >  51716 [PSH, ACK] Seq=8114 Ack=1017 Win=65535 Len=79 [TCP segment of a reassembled PDU]"
"3579","77.447868","10.8.0.1","server-52-84-121-34.ord53.r.cloudfront.net","TCP","54","51716  >  443 [ACK] Seq=1017 Ack=8193 Win=65535 Len=0"
"3580","77.449794","server-52-84-121-34.ord53.r.cloudfront.net","10.8.0.1","TCP","4188","443  >  51716 [PSH, ACK] Seq=8193 Ack=1017 Win=65535 Len=4134 [TCP segment of a reassembled PDU]"
"3581","77.449810","10.8.0.1","server-52-84-121-34.ord53.r.cloudfront.net","TCP","54","51716  >  443 [ACK] Seq=1017 Ack=12327 Win=65535 Len=0"
"3582","77.458005","lga15s46-in-f35.1e100.net","10.8.0.1","TLSv1.3","1432","Server Hello, Change Cipher Spec"
"3583","77.458012","10.8.0.1","lga15s46-in-f35.1e100.net","TCP","54","44794  >  443 [ACK] Seq=518 Ack=1379 Win=65535 Len=0"
"3584","77.458030","lga15s46-in-f35.1e100.net","10.8.0.1","TCP","94","443  >  44794 [PSH, ACK] Seq=1379 Ack=518 Win=65535 Len=40 [TCP segment of a reassembled PDU]"
"3585","77.458035","10.8.0.1","lga15s46-in-f35.1e100.net","TCP","54","44794  >  443 [ACK] Seq=518 Ack=1419 Win=65535 Len=0"
"3586","77.458089","lga15s46-in-f35.1e100.net","10.8.0.1","TCP","1432","443  >  44794 [PSH, ACK] Seq=1419 Ack=518 Win=65535 Len=1378 [TCP segment of a reassembled PDU]"
"3587","77.458093","10.8.0.1","lga15s46-in-f35.1e100.net","TCP","54","44794  >  443 [ACK] Seq=518 Ack=2797 Win=65535 Len=0"
"3588","77.459792","lga15s46-in-f35.1e100.net","10.8.0.1","TCP","1432","443  >  44794 [PSH, ACK] Seq=2797 Ack=518 Win=65535 Len=1378 [TCP segment of a reassembled PDU]"
"3589","77.459800","10.8.0.1","lga15s46-in-f35.1e100.net","TCP","54","44794  >  443 [ACK] Seq=518 Ack=4175 Win=65535 Len=0"
"3590","77.473980","10.8.0.1","104.18.23.112","TLSv1.3","118","Change Cipher Spec, Application Data"
"3591","77.474051","104.18.23.112","10.8.0.1","TCP","54","443  >  50978 [ACK] Seq=2919 Ack=582 Win=65535 Len=0"
"3592","77.485043","10.8.0.1","ord37s34-in-f10.1e100.net","TLSv1.3","118","Change Cipher Spec, Application Data"
"3593","77.485066","ord37s34-in-f10.1e100.net","10.8.0.1","TCP","54","443  >  59688 [ACK] Seq=4688 Ack=582 Win=65535 Len=0"
"3594","77.505068","server-52-84-121-34.ord53.r.cloudfront.net","10.8.0.1","TCP","1432","443  >  51716 [PSH, ACK] Seq=12327 Ack=1017 Win=65535 Len=1378 [TCP segment of a reassembled PDU]"
"3595","77.505079","10.8.0.1","server-52-84-121-34.ord53.r.cloudfront.net","TCP","54","51716  >  443 [ACK] Seq=1017 Ack=13705 Win=65535 Len=0"
"3596","77.506483","10.8.0.1","ord37s34-in-f10.1e100.net","TCP","590","59688  >  443 [ACK] Seq=582 Ack=4688 Win=65535 Len=536 [TCP segment of a reassembled PDU]"
"3597","77.506499","ord37s34-in-f10.1e100.net","10.8.0.1","TCP","54","443  >  59688 [ACK] Seq=4688 Ack=1118 Win=65535 Len=0"
"3598","77.506504","10.8.0.1","ord37s34-in-f10.1e100.net","TCP","590","59688  >  443 [ACK] Seq=1118 Ack=4688 Win=65535 Len=536 [TCP segment of a reassembled PDU]"
"3599","77.506528","ord37s34-in-f10.1e100.net","10.8.0.1","TCP","54","443  >  59688 [ACK] Seq=4688 Ack=1654 Win=65535 Len=0"
"3600","77.506533","10.8.0.1","ord37s34-in-f10.1e100.net","TLSv1.3","460","Application Data"
"3601","77.506542","ord37s34-in-f10.1e100.net","10.8.0.1","TCP","54","443  >  59688 [ACK] Seq=4688 Ack=2060 Win=65535 Len=0"
"3602","77.507866","server-52-84-121-34.ord53.r.cloudfront.net","10.8.0.1","TCP","1432","443  >  51716 [PSH, ACK] Seq=13705 Ack=1017 Win=65535 Len=1378 [TCP segment of a reassembled PDU]"
"3603","77.507872","10.8.0.1","server-52-84-121-34.ord53.r.cloudfront.net","TCP","54","51716  >  443 [ACK] Seq=1017 Ack=15083 Win=65535 Len=0"
"3604","77.512984","lga15s46-in-f35.1e100.net","10.8.0.1","TLSv1.3","223","Application Data"
"3605","77.512990","10.8.0.1","lga15s46-in-f35.1e100.net","TCP","54","44794  >  443 [ACK] Seq=518 Ack=4344 Win=65535 Len=0"
"3606","77.530623","10.8.0.1","104.18.23.112","TLSv1.3","100","Application Data"
"3607","77.530651","104.18.23.112","10.8.0.1","TCP","54","443  >  50978 [ACK] Seq=2919 Ack=628 Win=65535 Len=0"
"3608","77.530839","10.8.0.1","104.18.23.112","TLSv1.3","91","Application Data"
"3609","77.530849","104.18.23.112","10.8.0.1","TCP","54","443  >  50978 [ACK] Seq=2919 Ack=665 Win=65535 Len=0"
"3610","77.531009","10.8.0.1","104.18.23.112","TLSv1.3","89","Application Data"
"3611","77.531018","104.18.23.112","10.8.0.1","TCP","54","443  >  50978 [ACK] Seq=2919 Ack=700 Win=65535 Len=0"
"3612","77.533191","104.18.23.112","10.8.0.1","TLSv1.3","582","Application Data, Application Data"
"3613","77.533197","10.8.0.1","104.18.23.112","TCP","54","50978  >  443 [ACK] Seq=700 Ack=3447 Win=65535 Len=0"
"3614","77.534920","10.8.0.1","104.18.23.112","TCP","590","50978  >  443 [ACK] Seq=700 Ack=3447 Win=65535 Len=536 [TCP segment of a reassembled PDU]"
"3615","77.534933","104.18.23.112","10.8.0.1","TCP","54","443  >  50978 [ACK] Seq=3447 Ack=1236 Win=65535 Len=0"
"3616","77.534938","10.8.0.1","104.18.23.112","TLSv1.3","391","Application Data"
"3617","77.534948","104.18.23.112","10.8.0.1","TCP","54","443  >  50978 [ACK] Seq=3447 Ack=1573 Win=65535 Len=0"
"3618","77.540406","10.8.0.1","104.18.23.112","TLSv1.3","85","Application Data"
"3619","77.540417","104.18.23.112","10.8.0.1","TCP","54","443  >  50978 [ACK] Seq=3447 Ack=1604 Win=65535 Len=0"
"3620","77.554214","server-52-84-121-34.ord53.r.cloudfront.net","10.8.0.1","TLSv1.3","785","Application Data"
"3621","77.554221","10.8.0.1","server-52-84-121-34.ord53.r.cloudfront.net","TCP","54","51716  >  443 [ACK] Seq=1017 Ack=15814 Win=65535 Len=0"
"3622","77.601399","104.18.23.112","10.8.0.1","TLSv1.3","85","Application Data"
"3623","77.601418","10.8.0.1","104.18.23.112","TCP","54","50978  >  443 [ACK] Seq=1604 Ack=3478 Win=65535 Len=0"
"3624","77.628160","server-65-8-47-252.ord52.r.cloudfront.net","10.8.0.1","TLSv1.3","679","Application Data"
"3625","77.628171","10.8.0.1","server-65-8-47-252.ord52.r.cloudfront.net","TCP","54","46928  >  443 [ACK] Seq=587 Ack=4619 Win=65535 Len=0"
"3626","77.645283","10.8.0.1","lga15s46-in-f35.1e100.net","TLSv1.3","118","Change Cipher Spec, Application Data"
"3627","77.645309","lga15s46-in-f35.1e100.net","10.8.0.1","TCP","54","443  >  44794 [ACK] Seq=4344 Ack=582 Win=65535 Len=0"
"3628","77.646416","10.8.0.1","server-65-8-47-252.ord52.r.cloudfront.net","TLSv1.3","78","Application Data"
"3629","77.646431","server-65-8-47-252.ord52.r.cloudfront.net","10.8.0.1","TCP","54","443  >  46928 [ACK] Seq=4619 Ack=611 Win=65535 Len=0"
"3630","77.646760","10.8.0.1","server-65-8-47-252.ord52.r.cloudfront.net","TCP","54","46928  >  443 [FIN, ACK] Seq=611 Ack=4619 Win=65535 Len=0"
"3631","77.646891","server-65-8-47-252.ord52.r.cloudfront.net","10.8.0.1","TCP","54","443  >  46928 [ACK] Seq=4619 Ack=612 Win=65535 Len=0"
"3632","77.646936","server-65-8-47-252.ord52.r.cloudfront.net","10.8.0.1","TCP","54","443  >  46928 [FIN, ACK] Seq=4619 Ack=612 Win=65535 Len=0"
"3633","77.646986","10.8.0.1","server-65-8-47-252.ord52.r.cloudfront.net","TCP","54","46928  >  443 [ACK] Seq=612 Ack=4620 Win=65535 Len=0"
"3634","77.702331","10.8.0.1","lga15s46-in-f35.1e100.net","TLSv1.3","304","Application Data"
"3635","77.702425","lga15s46-in-f35.1e100.net","10.8.0.1","TCP","54","443  >  44794 [ACK] Seq=4344 Ack=832 Win=65535 Len=0"
"3636","77.727842","10.8.0.1","server-65-8-47-252.ord52.r.cloudfront.net","TCP","74","46944  >  443 [SYN] Seq=0 Win=65535 Len=0 MSS=1460 SACK_PERM=1 TSval=2023730660 TSecr=0 WS=1024"
"3637","77.728797","server-65-8-47-252.ord52.r.cloudfront.net","10.8.0.1","TCP","54","443  >  46944 [SYN, ACK] Seq=0 Ack=1 Win=65535 Len=0"
"3638","77.728818","10.8.0.1","server-65-8-47-252.ord52.r.cloudfront.net","TCP","54","46944  >  443 [ACK] Seq=1 Ack=1 Win=65535 Len=0"
"3639","77.732689","10.8.0.1","server-65-8-47-252.ord52.r.cloudfront.net","TLSv1.3","571","Client Hello"
"3640","77.732710","server-65-8-47-252.ord52.r.cloudfront.net","10.8.0.1","TCP","54","443  >  46944 [ACK] Seq=1 Ack=518 Win=65535 Len=0"
"3641","77.893222","server-65-8-47-252.ord52.r.cloudfront.net","10.8.0.1","TLSv1.3","1432","Server Hello, Change Cipher Spec, Application Data"
"3642","77.893250","10.8.0.1","server-65-8-47-252.ord52.r.cloudfront.net","TCP","54","46944  >  443 [ACK] Seq=518 Ack=1379 Win=65535 Len=0"
"3643","77.893879","server-65-8-47-252.ord52.r.cloudfront.net","10.8.0.1","TCP","104","443  >  46944 [PSH, ACK] Seq=1379 Ack=518 Win=65535 Len=50 [TCP segment of a reassembled PDU]"
"3644","77.893884","10.8.0.1","server-65-8-47-252.ord52.r.cloudfront.net","TCP","54","46944  >  443 [ACK] Seq=518 Ack=1429 Win=65535 Len=0"
"3645","77.893915","server-65-8-47-252.ord52.r.cloudfront.net","10.8.0.1","TCP","1432","443  >  46944 [PSH, ACK] Seq=1429 Ack=518 Win=65535 Len=1378 [TCP segment of a reassembled PDU]"
"3646","77.893939","10.8.0.1","server-65-8-47-252.ord52.r.cloudfront.net","TCP","54","46944  >  443 [ACK] Seq=518 Ack=2807 Win=65535 Len=0"
"3647","77.902164","lga15s46-in-f35.1e100.net","10.8.0.1","TLSv1.3","1432","Application Data"
"3648","77.902170","10.8.0.1","lga15s46-in-f35.1e100.net","TCP","54","44794  >  443 [ACK] Seq=832 Ack=5722 Win=65535 Len=0"
"3649","77.903852","lga15s46-in-f35.1e100.net","10.8.0.1","TCP","94","443  >  44794 [PSH, ACK] Seq=5722 Ack=832 Win=65535 Len=40 [TCP segment of a reassembled PDU]"
"3650","77.903857","10.8.0.1","lga15s46-in-f35.1e100.net","TCP","54","44794  >  443 [ACK] Seq=832 Ack=5762 Win=65535 Len=0"
"3651","77.903912","lga15s46-in-f35.1e100.net","10.8.0.1","TLSv1.3","5566","Application Data, Application Data, Application Data, Application Data"
"3652","77.903924","10.8.0.1","lga15s46-in-f35.1e100.net","TCP","54","44794  >  443 [ACK] Seq=832 Ack=11274 Win=65535 Len=0"
"3653","77.905857","lga15s46-in-f35.1e100.net","10.8.0.1","TLSv1.3","2810","Application Data, Application Data"
"3654","77.905865","10.8.0.1","lga15s46-in-f35.1e100.net","TCP","54","44794  >  443 [ACK] Seq=832 Ack=14030 Win=65535 Len=0"
"3655","77.951037","server-65-8-47-252.ord52.r.cloudfront.net","10.8.0.1","TLSv1.3","1235","Application Data, Application Data, Application Data"
"3656","77.951048","10.8.0.1","server-65-8-47-252.ord52.r.cloudfront.net","TCP","54","46944  >  443 [ACK] Seq=518 Ack=3988 Win=65535 Len=0"
"3657","77.951078","lga15s46-in-f35.1e100.net","10.8.0.1","TLSv1.3","1432","Application Data [TCP segment of a reassembled PDU]"
"3658","77.951088","10.8.0.1","lga15s46-in-f35.1e100.net","TCP","54","44794  >  443 [ACK] Seq=832 Ack=15408 Win=65535 Len=0"
"3659","77.951794","lga15s46-in-f35.1e100.net","10.8.0.1","TLSv1.3","1432","Application Data [TCP segment of a reassembled PDU]"
"3660","77.951799","10.8.0.1","lga15s46-in-f35.1e100.net","TCP","54","44794  >  443 [ACK] Seq=832 Ack=16786 Win=65535 Len=0"
"3661","77.957886","lga15s46-in-f35.1e100.net","10.8.0.1","TLSv1.3","2810","Application Data, Application Data"
"3662","77.957896","10.8.0.1","lga15s46-in-f35.1e100.net","TCP","54","44794  >  443 [ACK] Seq=832 Ack=19542 Win=65535 Len=0"
"3663","77.960953","10.8.0.1","server-65-8-47-252.ord52.r.cloudfront.net","TLSv1.3","118","Change Cipher Spec, Application Data"
"3664","77.960970","server-65-8-47-252.ord52.r.cloudfront.net","10.8.0.1","TCP","54","443  >  46944 [ACK] Seq=3988 Ack=582 Win=65535 Len=0"
"3665","77.962226","10.8.0.1","server-65-8-47-252.ord52.r.cloudfront.net","TLSv1.3","100","Application Data"
"3666","77.962240","server-65-8-47-252.ord52.r.cloudfront.net","10.8.0.1","TCP","54","443  >  46944 [ACK] Seq=3988 Ack=628 Win=65535 Len=0"
"3667","77.962303","10.8.0.1","server-65-8-47-252.ord52.r.cloudfront.net","TLSv1.3","91","Application Data"
"3668","77.962313","server-65-8-47-252.ord52.r.cloudfront.net","10.8.0.1","TCP","54","443  >  46944 [ACK] Seq=3988 Ack=665 Win=65535 Len=0"
"3669","77.962362","10.8.0.1","server-65-8-47-252.ord52.r.cloudfront.net","TLSv1.3","89","Application Data"
"3670","77.962371","server-65-8-47-252.ord52.r.cloudfront.net","10.8.0.1","TCP","54","443  >  46944 [ACK] Seq=3988 Ack=700 Win=65535 Len=0"
"3671","77.966166","10.8.0.1","server-65-8-47-252.ord52.r.cloudfront.net","TLSv1.3","133","Application Data"
"3672","77.966177","server-65-8-47-252.ord52.r.cloudfront.net","10.8.0.1","TCP","54","443  >  46944 [ACK] Seq=3988 Ack=779 Win=65535 Len=0"
"3673","77.967975","lga15s46-in-f35.1e100.net","10.8.0.1","TLSv1.3","8322","Application Data, Application Data, Application Data, Application Data, Application Data, Application Data"
"3674","77.967992","10.8.0.1","lga15s46-in-f35.1e100.net","TCP","54","44794  >  443 [ACK] Seq=832 Ack=27810 Win=65535 Len=0"
"3675","77.968017","lga15s46-in-f35.1e100.net","10.8.0.1","TLSv1.3","5566","Application Data, Application Data, Application Data, Application Data"
"3676","77.968028","10.8.0.1","lga15s46-in-f35.1e100.net","TCP","54","44794  >  443 [ACK] Seq=832 Ack=33322 Win=65535 Len=0"
"3677","78.004157","lga15s46-in-f35.1e100.net","10.8.0.1","TLSv1.3","2810","Application Data [TCP segment of a reassembled PDU]"
"3678","78.004181","10.8.0.1","lga15s46-in-f35.1e100.net","TCP","54","44794  >  443 [ACK] Seq=832 Ack=36078 Win=65535 Len=0"
"3679","78.005918","lga15s46-in-f35.1e100.net","10.8.0.1","TLSv1.3","2810","Application Data, Application Data"
"3680","78.005929","10.8.0.1","lga15s46-in-f35.1e100.net","TCP","54","44794  >  443 [ACK] Seq=832 Ack=38834 Win=65535 Len=0"
"3681","78.013192","lga15s46-in-f35.1e100.net","10.8.0.1","TLSv1.3","5566","Application Data, Application Data, Application Data, Application Data, Application Data"
"3682","78.013203","10.8.0.1","lga15s46-in-f35.1e100.net","TCP","54","44794  >  443 [ACK] Seq=832 Ack=44346 Win=65535 Len=0"
"3683","78.020233","lga15s46-in-f35.1e100.net","10.8.0.1","TLSv1.3","2810","Application Data, Application Data"
"3684","78.020247","10.8.0.1","lga15s46-in-f35.1e100.net","TCP","54","44794  >  443 [ACK] Seq=832 Ack=47102 Win=65535 Len=0"
"3685","78.022014","lga15s46-in-f35.1e100.net","10.8.0.1","TLSv1.3","6944","Application Data, Application Data, Application Data, Application Data, Application Data"
"3686","78.022029","10.8.0.1","lga15s46-in-f35.1e100.net","TCP","54","44794  >  443 [ACK] Seq=832 Ack=53992 Win=65535 Len=0"
"3687","78.023935","lga15s46-in-f35.1e100.net","10.8.0.1","TLSv1.3","13834","Application Data, Application Data, Application Data, Application Data, Application Data, Application Data, Application Data, Application Data, Application Data, Application Data"
"3688","78.023955","10.8.0.1","lga15s46-in-f35.1e100.net","TCP","54","44794  >  443 [ACK] Seq=832 Ack=67772 Win=65535 Len=0"
"3689","78.025928","server-65-8-47-252.ord52.r.cloudfront.net","10.8.0.1","TLSv1.3","116","Application Data"
"3690","78.025934","10.8.0.1","server-65-8-47-252.ord52.r.cloudfront.net","TCP","54","46944  >  443 [ACK] Seq=779 Ack=4050 Win=65535 Len=0"
"3691","78.025965","lga15s46-in-f35.1e100.net","10.8.0.1","TLSv1.3","4188","Application Data, Application Data, Application Data"
"3692","78.025976","10.8.0.1","lga15s46-in-f35.1e100.net","TCP","54","44794  >  443 [ACK] Seq=832 Ack=71906 Win=65535 Len=0"
"3693","78.027892","10.8.0.1","server-65-8-47-252.ord52.r.cloudfront.net","TLSv1.3","85","Application Data"
"3694","78.027909","server-65-8-47-252.ord52.r.cloudfront.net","10.8.0.1","TCP","54","443  >  46944 [ACK] Seq=4050 Ack=810 Win=65535 Len=0"
"3695","78.062795","lga15s46-in-f35.1e100.net","10.8.0.1","TLSv1.3","1432","Application Data [TCP segment of a reassembled PDU]"
"3696","78.077128","10.8.0.1","lga15s46-in-f35.1e100.net","TCP","54","44794  >  443 [ACK] Seq=832 Ack=73284 Win=65535 Len=0"
"3697","78.077208","lga15s46-in-f35.1e100.net","10.8.0.1","TLSv1.3","16590","Application Data, Application Data, Application Data, Application Data, Application Data, Application Data, Application Data, Application Data, Application Data, Application Data, Application Data, Application Data"
"3698","78.077247","10.8.0.1","lga15s46-in-f35.1e100.net","TCP","54","44794  >  443 [ACK] Seq=832 Ack=89820 Win=65535 Len=0"
"3699","78.082137","lga15s46-in-f35.1e100.net","10.8.0.1","TLSv1.3","1432","Application Data [TCP segment of a reassembled PDU]"
"3700","78.083053","10.8.0.1","lga15s46-in-f35.1e100.net","TCP","54","44794  >  443 [ACK] Seq=832 Ack=91198 Win=65535 Len=0"
"3701","78.083828","lga15s46-in-f35.1e100.net","10.8.0.1","TLSv1.3","2810","Application Data, Application Data"
"3702","78.083838","10.8.0.1","lga15s46-in-f35.1e100.net","TCP","54","44794  >  443 [ACK] Seq=832 Ack=93954 Win=65535 Len=0"
"3703","78.083873","lga15s46-in-f35.1e100.net","10.8.0.1","TLSv1.3","5566","Application Data, Application Data, Application Data, Application Data"
"3704","78.083884","10.8.0.1","lga15s46-in-f35.1e100.net","TCP","54","44794  >  443 [ACK] Seq=832 Ack=99466 Win=65535 Len=0"
"3705","78.085823","lga15s46-in-f35.1e100.net","10.8.0.1","TLSv1.3","12456","Application Data, Application Data, Application Data, Application Data, Application Data, Application Data, Application Data, Application Data, Application Data"
"3706","78.085842","10.8.0.1","lga15s46-in-f35.1e100.net","TCP","54","44794  >  443 [ACK] Seq=832 Ack=111868 Win=65535 Len=0"
"3707","78.087826","lga15s46-in-f35.1e100.net","10.8.0.1","TLSv1.3","1432","Application Data [TCP segment of a reassembled PDU]"
"3708","78.091064","10.8.0.1","lga15s46-in-f35.1e100.net","TCP","54","44794  >  443 [ACK] Seq=832 Ack=113246 Win=65535 Len=0"
"3709","78.091117","lga15s46-in-f35.1e100.net","10.8.0.1","TLSv1.3","24858","Application Data, Application Data, Application Data, Application Data, Application Data, Application Data, Application Data, Application Data, Application Data, Application Data, Application Data, Application Data, Application Data, Application Data, Application Data, Application Data, Application Data"
"3710","78.091159","10.8.0.1","lga15s46-in-f35.1e100.net","TCP","54","44794  >  443 [ACK] Seq=832 Ack=138050 Win=65535 Len=0"
"3711","78.091815","lga15s46-in-f35.1e100.net","10.8.0.1","TLSv1.3","2810","Application Data, Application Data, Application Data"
"3712","78.091820","10.8.0.1","lga15s46-in-f35.1e100.net","TCP","54","44794  >  443 [ACK] Seq=832 Ack=140806 Win=65535 Len=0"
"3713","78.091936","lga15s46-in-f35.1e100.net","10.8.0.1","TLSv1.3","8322","Application Data, Application Data, Application Data, Application Data, Application Data, Application Data"
"3714","78.091950","10.8.0.1","lga15s46-in-f35.1e100.net","TCP","54","44794  >  443 [ACK] Seq=832 Ack=149074 Win=65535 Len=0"
"3715","78.103208","server-65-8-47-252.ord52.r.cloudfront.net","10.8.0.1","TLSv1.3","85","Application Data"
"3716","78.103219","10.8.0.1","server-65-8-47-252.ord52.r.cloudfront.net","TCP","54","46944  >  443 [ACK] Seq=810 Ack=4081 Win=65535 Len=0"
"3717","78.114396","lga15s46-in-f35.1e100.net","10.8.0.1","TLSv1.3","2810","Application Data, Application Data"
"3718","78.114408","10.8.0.1","lga15s46-in-f35.1e100.net","TCP","54","44794  >  443 [ACK] Seq=832 Ack=151830 Win=65535 Len=0"
"3719","78.115848","lga15s46-in-f35.1e100.net","10.8.0.1","TLSv1.3","8322","Application Data, Application Data, Application Data, Application Data, Application Data"
"3720","78.115862","10.8.0.1","lga15s46-in-f35.1e100.net","TCP","54","44794  >  443 [ACK] Seq=832 Ack=160098 Win=65535 Len=0"
"3721","78.129185","lga15s46-in-f35.1e100.net","10.8.0.1","TLSv1.3","1432","Application Data [TCP segment of a reassembled PDU]"
"3722","78.153531","10.8.0.1","lga15s46-in-f35.1e100.net","TCP","54","44794  >  443 [ACK] Seq=832 Ack=161476 Win=65535 Len=0"
"3723","78.153626","lga15s46-in-f35.1e100.net","10.8.0.1","TLSv1.3","35882","Application Data, Application Data, Application Data, Application Data, Application Data, Application Data, Application Data, Application Data, Application Data, Application Data, Application Data, Application Data, Application Data, Application Data, Application Data, Application Data, Application Data, Application Data, Application Data, Application Data, Application Data, Application Data, Application Data, Application Data, Application Data, Application Data"
"3724","78.153671","10.8.0.1","lga15s46-in-f35.1e100.net","TCP","54","44794  >  443 [ACK] Seq=832 Ack=197304 Win=65535 Len=0"
"3725","78.158648","lga15s46-in-f35.1e100.net","10.8.0.1","TLSv1.3","1432","Application Data [TCP segment of a reassembled PDU]"
"3726","78.158769","10.8.0.1","lga15s46-in-f35.1e100.net","TCP","54","44794  >  443 [ACK] Seq=832 Ack=198682 Win=65535 Len=0"
"3727","78.159944","lga15s46-in-f35.1e100.net","10.8.0.1","TLSv1.3","5566","Application Data, Application Data, Application Data, Application Data"
"3728","78.159955","10.8.0.1","lga15s46-in-f35.1e100.net","TCP","54","44794  >  443 [ACK] Seq=832 Ack=204194 Win=65535 Len=0"
"3729","78.159991","lga15s46-in-f35.1e100.net","10.8.0.1","TLSv1.3","13834","Application Data, Application Data, Application Data, Application Data, Application Data, Application Data, Application Data, Application Data, Application Data, Application Data"
"3730","78.160009","10.8.0.1","lga15s46-in-f35.1e100.net","TCP","54","44794  >  443 [ACK] Seq=832 Ack=217974 Win=65535 Len=0"
"3731","78.161966","lga15s46-in-f35.1e100.net","10.8.0.1","TLSv1.3","5566","Application Data, Application Data, Application Data, Application Data"
"3732","78.161977","10.8.0.1","lga15s46-in-f35.1e100.net","TCP","54","44794  >  443 [ACK] Seq=832 Ack=223486 Win=65535 Len=0"
"3733","78.163936","lga15s46-in-f35.1e100.net","10.8.0.1","TLSv1.3","5566","Application Data, Application Data, Application Data, Application Data"
"3734","78.163945","10.8.0.1","lga15s46-in-f35.1e100.net","TCP","54","44794  >  443 [ACK] Seq=832 Ack=228998 Win=65535 Len=0"
"3735","78.163969","lga15s46-in-f35.1e100.net","10.8.0.1","TLSv1.3","2810","Application Data, Application Data"
"3736","78.163976","10.8.0.1","lga15s46-in-f35.1e100.net","TCP","54","44794  >  443 [ACK] Seq=832 Ack=231754 Win=65535 Len=0"
"3737","78.164004","lga15s46-in-f35.1e100.net","10.8.0.1","TLSv1.3","2810","Application Data, Application Data"
"3738","78.164012","10.8.0.1","lga15s46-in-f35.1e100.net","TCP","54","44794  >  443 [ACK] Seq=832 Ack=234510 Win=65535 Len=0"
"3739","78.166006","lga15s46-in-f35.1e100.net","10.8.0.1","TLSv1.3","17968","Application Data, Application Data, Application Data, Application Data, Application Data, Application Data, Application Data, Application Data, Application Data, Application Data, Application Data, Application Data, Application Data"
"3740","78.166031","10.8.0.1","lga15s46-in-f35.1e100.net","TCP","54","44794  >  443 [ACK] Seq=832 Ack=252424 Win=65535 Len=0"
"3741","78.167959","lga15s46-in-f35.1e100.net","10.8.0.1","TLSv1.3","4188","Application Data, Application Data, Application Data"
"3742","78.167970","10.8.0.1","lga15s46-in-f35.1e100.net","TCP","54","44794  >  443 [ACK] Seq=832 Ack=256558 Win=65535 Len=0"
"3743","78.167996","lga15s46-in-f35.1e100.net","10.8.0.1","TLSv1.3","5566","Application Data, Application Data, Application Data, Application Data"
"3744","78.168005","10.8.0.1","lga15s46-in-f35.1e100.net","TCP","54","44794  >  443 [ACK] Seq=832 Ack=262070 Win=65535 Len=0"
"3745","78.170055","lga15s46-in-f35.1e100.net","10.8.0.1","TLSv1.3","4188","Application Data, Application Data, Application Data"
"3746","78.170074","10.8.0.1","lga15s46-in-f35.1e100.net","TCP","54","44794  >  443 [ACK] Seq=832 Ack=266204 Win=65535 Len=0"
"3747","78.173220","lga15s46-in-f35.1e100.net","10.8.0.1","TLSv1.3","1432","Application Data [TCP segment of a reassembled PDU]"
"3748","78.175833","10.8.0.1","lga15s46-in-f35.1e100.net","TCP","54","44794  >  443 [ACK] Seq=832 Ack=267582 Win=65535 Len=0"
"3749","78.175855","lga15s46-in-f35.1e100.net","10.8.0.1","TLSv1.3","2810","Application Data, Application Data"
"3750","78.175865","10.8.0.1","lga15s46-in-f35.1e100.net","TCP","54","44794  >  443 [ACK] Seq=832 Ack=270338 Win=65535 Len=0"
"3751","78.176115","lga15s46-in-f35.1e100.net","10.8.0.1","TLSv1.3","1432","Application Data [TCP segment of a reassembled PDU]"
"3752","78.176623","10.8.0.1","lga15s46-in-f35.1e100.net","TCP","54","44794  >  443 [ACK] Seq=832 Ack=271716 Win=65535 Len=0"
"3753","78.177872","lga15s46-in-f35.1e100.net","10.8.0.1","TLSv1.3","4188","Application Data, Application Data, Application Data"
"3754","78.177882","10.8.0.1","lga15s46-in-f35.1e100.net","TCP","54","44794  >  443 [ACK] Seq=832 Ack=275850 Win=65535 Len=0"
"3755","78.179955","lga15s46-in-f35.1e100.net","10.8.0.1","TLSv1.3","5566","Application Data, Application Data, Application Data, Application Data"
"3756","78.179964","10.8.0.1","lga15s46-in-f35.1e100.net","TCP","54","44794  >  443 [ACK] Seq=832 Ack=281362 Win=65535 Len=0"
"3757","78.179984","lga15s46-in-f35.1e100.net","10.8.0.1","TLSv1.3","5566","Application Data, Application Data, Application Data, Application Data"
"3758","78.179995","10.8.0.1","lga15s46-in-f35.1e100.net","TCP","54","44794  >  443 [ACK] Seq=832 Ack=286874 Win=65535 Len=0"
"3759","78.182025","lga15s46-in-f35.1e100.net","10.8.0.1","TLSv1.3","1432","Application Data [TCP segment of a reassembled PDU]"
"3760","78.183909","server-65-8-47-252.ord52.r.cloudfront.net","10.8.0.1","TLSv1.3","521","Application Data"
"3761","78.183914","10.8.0.1","server-65-8-47-252.ord52.r.cloudfront.net","TCP","54","46944  >  443 [ACK] Seq=810 Ack=4548 Win=65535 Len=0"
"3762","78.188224","10.8.0.1","lga15s46-in-f35.1e100.net","TCP","54","44794  >  443 [ACK] Seq=832 Ack=288252 Win=65535 Len=0"
"3763","78.188305","lga15s46-in-f35.1e100.net","10.8.0.1","TLSv1.3","42772","Application Data, Application Data, Application Data, Application Data, Application Data, Application Data, Application Data, Application Data, Application Data, Application Data, Application Data, Application Data, Application Data, Application Data, Application Data, Application Data, Application Data, Application Data, Application Data, Application Data, Application Data, Application Data, Application Data, Application Data, Application Data, Application Data, Application Data, Application Data, Application Data, Application Data, Application Data"
"3764","78.188351","10.8.0.1","lga15s46-in-f35.1e100.net","TCP","54","44794  >  443 [ACK] Seq=832 Ack=330970 Win=65535 Len=0"
"3765","78.191303","lga15s46-in-f35.1e100.net","10.8.0.1","TLSv1.3","6944","Application Data, Application Data, Application Data, Application Data"
"3766","78.191315","10.8.0.1","lga15s46-in-f35.1e100.net","TCP","54","44794  >  443 [ACK] Seq=832 Ack=337860 Win=65535 Len=0"
"3767","78.194054","lga15s46-in-f35.1e100.net","10.8.0.1","TLSv1.3","1432","Application Data [TCP segment of a reassembled PDU]"
"3768","78.198179","10.8.0.1","server-65-8-47-252.ord52.r.cloudfront.net","TLSv1.3","89","Application Data"
"3769","78.198201","server-65-8-47-252.ord52.r.cloudfront.net","10.8.0.1","TCP","54","443  >  46944 [ACK] Seq=4548 Ack=845 Win=65535 Len=0"
"3770","78.199846","10.8.0.1","lga15s46-in-f35.1e100.net","TCP","54","44794  >  443 [ACK] Seq=832 Ack=339238 Win=65535 Len=0"
"3771","78.199868","lga15s46-in-f35.1e100.net","10.8.0.1","TLSv1.3","1432","Application Data [TCP segment of a reassembled PDU]"
"3772","78.238009","10.8.0.1","lga15s46-in-f35.1e100.net","TCP","54","44794  >  443 [ACK] Seq=832 Ack=340616 Win=65535 Len=0"
"3773","78.238106","Google_00:00:01","Google_00:00:02","IPv4","65554","Bogus IP length (4, less than header length 20)"
"3774","78.399982","server-65-8-47-252.ord52.r.cloudfront.net","10.8.0.1","TLSv1.3","85","Application Data"
"3775","78.400481","10.8.0.1","server-65-8-47-252.ord52.r.cloudfront.net","TLSv1.3","89","Application Data"
"3776","78.400507","server-65-8-47-252.ord52.r.cloudfront.net","10.8.0.1","TCP","54","443  >  46944 [ACK] Seq=4579 Ack=880 Win=65535 Len=0"
"3777","78.558129","10.8.0.1","ord37s33-in-f2.1e100.net","TCP","74","43322  >  443 [SYN] Seq=0 Win=65535 Len=0 MSS=1460 SACK_PERM=1 TSval=204255826 TSecr=0 WS=1024"
"3778","78.559139","ord37s33-in-f2.1e100.net","10.8.0.1","TCP","54","443  >  43322 [SYN, ACK] Seq=0 Ack=1 Win=65535 Len=0"
"3779","78.559157","10.8.0.1","ord37s33-in-f2.1e100.net","TCP","54","43322  >  443 [ACK] Seq=1 Ack=1 Win=65535 Len=0"
"3780","78.562534","10.8.0.1","ord37s33-in-f2.1e100.net","TLSv1.3","571","Client Hello"
"3781","78.562571","ord37s33-in-f2.1e100.net","10.8.0.1","TCP","54","443  >  43322 [ACK] Seq=1 Ack=518 Win=65535 Len=0"
"3782","78.897601","ord37s33-in-f2.1e100.net","10.8.0.1","TLSv1.3","1432","Server Hello, Change Cipher Spec"
"3783","78.897627","10.8.0.1","ord37s33-in-f2.1e100.net","TCP","54","43322  >  443 [ACK] Seq=518 Ack=1379 Win=65535 Len=0"
"3784","78.898065","ord37s33-in-f2.1e100.net","10.8.0.1","TCP","94","443  >  43322 [PSH, ACK] Seq=1379 Ack=518 Win=65535 Len=40 [TCP segment of a reassembled PDU]"
"3785","78.898086","10.8.0.1","ord37s33-in-f2.1e100.net","TCP","54","43322  >  443 [ACK] Seq=518 Ack=1419 Win=65535 Len=0"
"3786","78.898120","ord37s33-in-f2.1e100.net","10.8.0.1","TCP","1432","443  >  43322 [PSH, ACK] Seq=1419 Ack=518 Win=65535 Len=1378 [TCP segment of a reassembled PDU]"
"3787","78.898129","10.8.0.1","ord37s33-in-f2.1e100.net","TCP","54","43322  >  443 [ACK] Seq=518 Ack=2797 Win=65535 Len=0"
"3788","78.899820","ord37s33-in-f2.1e100.net","10.8.0.1","TCP","1432","443  >  43322 [PSH, ACK] Seq=2797 Ack=518 Win=65535 Len=1378 [TCP segment of a reassembled PDU]"
"3789","78.899846","10.8.0.1","ord37s33-in-f2.1e100.net","TCP","54","43322  >  443 [ACK] Seq=518 Ack=4175 Win=65535 Len=0"
"3790","78.959360","10.8.0.1","lga15s46-in-f35.1e100.net","TCP","74","44806  >  443 [SYN] Seq=0 Win=65535 Len=0 MSS=1460 SACK_PERM=1 TSval=2004997272 TSecr=0 WS=1024"
"3791","78.960303","lga15s46-in-f35.1e100.net","10.8.0.1","TCP","54","443  >  44806 [SYN, ACK] Seq=0 Ack=1 Win=65535 Len=0"
"3792","78.960324","10.8.0.1","lga15s46-in-f35.1e100.net","TCP","54","44806  >  443 [ACK] Seq=1 Ack=1 Win=65535 Len=0"
"3793","78.961106","ord37s33-in-f2.1e100.net","10.8.0.1","TLSv1.3","406","Application Data"
"3794","78.961112","10.8.0.1","ord37s33-in-f2.1e100.net","TCP","54","43322  >  443 [ACK] Seq=518 Ack=4527 Win=65535 Len=0"
"3795","78.965700","10.8.0.1","lga15s46-in-f35.1e100.net","TLSv1.3","571","Client Hello"
"3796","78.965723","lga15s46-in-f35.1e100.net","10.8.0.1","TCP","54","443  >  44806 [ACK] Seq=1 Ack=518 Win=65535 Len=0"
"3797","78.975657","10.8.0.1","ord37s33-in-f2.1e100.net","TLSv1.3","118","Change Cipher Spec, Application Data"
"3798","78.975701","ord37s33-in-f2.1e100.net","10.8.0.1","TCP","54","443  >  43322 [ACK] Seq=4527 Ack=582 Win=65535 Len=0"
"3799","78.976462","10.8.0.1","ord37s33-in-f2.1e100.net","TCP","590","43322  >  443 [ACK] Seq=582 Ack=4527 Win=65535 Len=536 [TCP segment of a reassembled PDU]"
"3800","78.976476","ord37s33-in-f2.1e100.net","10.8.0.1","TCP","54","443  >  43322 [ACK] Seq=4527 Ack=1118 Win=65535 Len=0"
"3801","78.976481","10.8.0.1","ord37s33-in-f2.1e100.net","TLSv1.3","166","Application Data"
"3802","78.976491","ord37s33-in-f2.1e100.net","10.8.0.1","TCP","54","443  >  43322 [ACK] Seq=4527 Ack=1230 Win=65535 Len=0"
"3803","79.123314","lga15s46-in-f35.1e100.net","10.8.0.1","TLSv1.3","1432","Server Hello, Change Cipher Spec"
"3804","79.123362","10.8.0.1","lga15s46-in-f35.1e100.net","TCP","54","44806  >  443 [ACK] Seq=518 Ack=1379 Win=65535 Len=0"
"3805","79.123839","lga15s46-in-f35.1e100.net","10.8.0.1","TCP","94","443  >  44806 [PSH, ACK] Seq=1379 Ack=518 Win=65535 Len=40 [TCP segment of a reassembled PDU]"
"3806","79.123844","10.8.0.1","lga15s46-in-f35.1e100.net","TCP","54","44806  >  443 [ACK] Seq=518 Ack=1419 Win=65535 Len=0"
"3807","79.123878","lga15s46-in-f35.1e100.net","10.8.0.1","TCP","2810","443  >  44806 [PSH, ACK] Seq=1419 Ack=518 Win=65535 Len=2756 [TCP segment of a reassembled PDU]"
"3808","79.123883","10.8.0.1","lga15s46-in-f35.1e100.net","TCP","54","44806  >  443 [ACK] Seq=518 Ack=4175 Win=65535 Len=0"
"3809","79.181405","lga15s46-in-f35.1e100.net","10.8.0.1","TLSv1.3","223","Application Data"
"3810","79.181446","10.8.0.1","lga15s46-in-f35.1e100.net","TCP","54","44806  >  443 [ACK] Seq=518 Ack=4344 Win=65535 Len=0"
"3811","79.197867","10.8.0.1","104.244.42.66","TCP","111","[TCP Retransmission] 55314  >  443 [FIN, PSH, ACK] Seq=7774 Ack=6016 Win=65535 Len=57"
"3812","79.197896","104.244.42.66","10.8.0.1","TCP","54","[TCP Keep-Alive] 443  >  55314 [ACK] Seq=6016 Ack=7775 Win=65535 Len=0"
"3813","79.197904","104.244.42.66","10.8.0.1","TCP","54","[TCP Retransmission] 443  >  55314 [FIN, ACK] Seq=6016 Ack=7775 Win=65535 Len=0"
"3814","79.201734","10.8.0.1","lga15s46-in-f35.1e100.net","TLSv1.3","118","Change Cipher Spec, Application Data"
"3815","79.201745","lga15s46-in-f35.1e100.net","10.8.0.1","TCP","54","443  >  44806 [ACK] Seq=4344 Ack=582 Win=65535 Len=0"
"3816","79.202887","10.8.0.1","lga15s46-in-f35.1e100.net","TLSv1.3","326","Application Data"
"3817","79.202899","lga15s46-in-f35.1e100.net","10.8.0.1","TCP","54","443  >  44806 [ACK] Seq=4344 Ack=854 Win=65535 Len=0"
"3818","79.229171","ord37s33-in-f2.1e100.net","10.8.0.1","TLSv1.3","1432","Application Data"
"3819","79.229177","10.8.0.1","ord37s33-in-f2.1e100.net","TCP","54","43322  >  443 [ACK] Seq=1230 Ack=5905 Win=65535 Len=0"
"3820","79.229193","ord37s33-in-f2.1e100.net","10.8.0.1","TLSv1.3","419","Application Data"
"3821","79.229197","10.8.0.1","ord37s33-in-f2.1e100.net","TCP","54","43322  >  443 [ACK] Seq=1230 Ack=6270 Win=65535 Len=0"
"3822","79.239369","10.8.0.1","ord37s33-in-f2.1e100.net","TCP","74","43330  >  443 [SYN] Seq=0 Win=65535 Len=0 MSS=1460 SACK_PERM=1 TSval=204256507 TSecr=0 WS=1024"
"3823","79.240434","ord37s33-in-f2.1e100.net","10.8.0.1","TCP","54","443  >  43330 [SYN, ACK] Seq=0 Ack=1 Win=65535 Len=0"
"3824","79.240452","10.8.0.1","ord37s33-in-f2.1e100.net","TCP","54","43330  >  443 [ACK] Seq=1 Ack=1 Win=65535 Len=0"
"3825","79.242392","10.8.0.1","ord37s33-in-f2.1e100.net","TLSv1.3","571","Client Hello"
"3826","79.242407","ord37s33-in-f2.1e100.net","10.8.0.1","TCP","54","443  >  43330 [ACK] Seq=1 Ack=518 Win=65535 Len=0"
"3827","79.370132","ord37s33-in-f2.1e100.net","10.8.0.1","TLSv1.3","4579","Server Hello, Change Cipher Spec, Application Data"
"3828","79.370173","10.8.0.1","ord37s33-in-f2.1e100.net","TCP","54","43330  >  443 [ACK] Seq=518 Ack=4526 Win=65535 Len=0"
"3829","79.375226","10.8.0.1","ord37s33-in-f2.1e100.net","TLSv1.3","118","Change Cipher Spec, Application Data"
"3830","79.375247","ord37s33-in-f2.1e100.net","10.8.0.1","TCP","54","443  >  43330 [ACK] Seq=4526 Ack=582 Win=65535 Len=0"
"3831","79.375901","10.8.0.1","ord37s33-in-f2.1e100.net","TCP","590","43330  >  443 [ACK] Seq=582 Ack=4526 Win=65535 Len=536 [TCP segment of a reassembled PDU]"
"3832","79.375913","ord37s33-in-f2.1e100.net","10.8.0.1","TCP","54","443  >  43330 [ACK] Seq=4526 Ack=1118 Win=65535 Len=0"
"3833","79.375918","10.8.0.1","ord37s33-in-f2.1e100.net","TLSv1.3","166","Application Data"
"3834","79.375928","ord37s33-in-f2.1e100.net","10.8.0.1","TCP","54","443  >  43330 [ACK] Seq=4526 Ack=1230 Win=65535 Len=0"
"3835","79.476079","lga15s46-in-f35.1e100.net","10.8.0.1","TLSv1.3","1432","Application Data"
"3836","79.476109","lga15s46-in-f35.1e100.net","10.8.0.1","TCP","54","[TCP Previous segment not captured] 443  >  44794 [FIN, ACK] Seq=406116 Ack=832 Win=65535 Len=0"
"3837","79.476211","10.8.0.1","lga15s46-in-f35.1e100.net","TCP","54","44806  >  443 [ACK] Seq=854 Ack=5722 Win=65535 Len=0"
"3838","79.476241","lga15s46-in-f35.1e100.net","10.8.0.1","TLSv1.3","8362","Application Data, Application Data, Application Data, Application Data, Application Data, Application Data"
"3839","79.476261","10.8.0.1","lga15s46-in-f35.1e100.net","TCP","54","[TCP Dup ACK 3772#1] 44794  >  443 [ACK] Seq=832 Ack=340616 Win=65535 Len=0"
"3840","79.476265","10.8.0.1","lga15s46-in-f35.1e100.net","TCP","54","44806  >  443 [ACK] Seq=854 Ack=14030 Win=65535 Len=0"
"3841","79.477341","10.8.0.1","lga15s46-in-f35.1e100.net","TCP","54","44806  >  443 [FIN, ACK] Seq=854 Ack=14030 Win=65535 Len=0"
"3842","79.477411","lga15s46-in-f35.1e100.net","10.8.0.1","TCP","54","443  >  44806 [ACK] Seq=14030 Ack=855 Win=65535 Len=0"
"3843","79.477447","lga15s46-in-f35.1e100.net","10.8.0.1","TCP","54","443  >  44806 [FIN, ACK] Seq=14030 Ack=855 Win=65535 Len=0"
"3844","79.477507","10.8.0.1","lga15s46-in-f35.1e100.net","TCP","54","44806  >  443 [ACK] Seq=855 Ack=14031 Win=65535 Len=0"
"3845","79.655734","ord37s33-in-f2.1e100.net","10.8.0.1","TLSv1.3","1472","Application Data"
"3846","79.655777","10.8.0.1","ord37s33-in-f2.1e100.net","TCP","54","43330  >  443 [ACK] Seq=1230 Ack=5944 Win=65535 Len=0"
"3847","79.704232","ord37s33-in-f2.1e100.net","10.8.0.1","TLSv1.3","379","Application Data"
"3848","79.704254","10.8.0.1","ord37s33-in-f2.1e100.net","TCP","54","43330  >  443 [ACK] Seq=1230 Ack=6269 Win=65535 Len=0"
"3849","79.709910","10.8.0.1","ord37s33-in-f2.1e100.net","TCP","74","43334  >  443 [SYN] Seq=0 Win=65535 Len=0 MSS=1460 SACK_PERM=1 TSval=204256978 TSecr=0 WS=1024"
"3850","79.710783","ord37s33-in-f2.1e100.net","10.8.0.1","TCP","54","443  >  43334 [SYN, ACK] Seq=0 Ack=1 Win=65535 Len=0"
"3851","79.710802","10.8.0.1","ord37s33-in-f2.1e100.net","TCP","54","43334  >  443 [ACK] Seq=1 Ack=1 Win=65535 Len=0"
"3852","79.711436","10.8.0.1","ord37s33-in-f2.1e100.net","TLSv1.3","571","Client Hello"
"3853","79.711450","ord37s33-in-f2.1e100.net","10.8.0.1","TCP","54","443  >  43334 [ACK] Seq=1 Ack=518 Win=65535 Len=0"
"3854","79.731173","ord37s34-in-f10.1e100.net","10.8.0.1","TLSv1.3","1432","Application Data"
"3855","79.731185","10.8.0.1","ord37s34-in-f10.1e100.net","TCP","54","59688  >  443 [ACK] Seq=2060 Ack=6066 Win=65535 Len=0"
"3856","79.731202","ord37s34-in-f10.1e100.net","10.8.0.1","TCP","94","443  >  59688 [PSH, ACK] Seq=6066 Ack=2060 Win=65535 Len=40 [TCP segment of a reassembled PDU]"
"3857","79.731223","10.8.0.1","ord37s34-in-f10.1e100.net","TCP","54","59688  >  443 [ACK] Seq=2060 Ack=6106 Win=65535 Len=0"
"3858","79.785152","ord37s34-in-f10.1e100.net","10.8.0.1","TLSv1.3","128","Application Data, Application Data"
"3859","79.785185","10.8.0.1","ord37s34-in-f10.1e100.net","TCP","54","59688  >  443 [ACK] Seq=2060 Ack=6180 Win=65535 Len=0"
"3860","79.838390","ord37s33-in-f2.1e100.net","10.8.0.1","TLSv1.3","1432","Server Hello, Change Cipher Spec"
"3861","79.838423","10.8.0.1","ord37s33-in-f2.1e100.net","TCP","54","43334  >  443 [ACK] Seq=518 Ack=1379 Win=65535 Len=0"
"3862","79.838451","ord37s33-in-f2.1e100.net","10.8.0.1","TCP","1472","443  >  43334 [PSH, ACK] Seq=1379 Ack=518 Win=65535 Len=1418 [TCP segment of a reassembled PDU]"
"3863","79.838456","10.8.0.1","ord37s33-in-f2.1e100.net","TCP","54","43334  >  443 [ACK] Seq=518 Ack=2797 Win=65535 Len=0"
"3864","79.839820","ord37s33-in-f2.1e100.net","10.8.0.1","TCP","1432","443  >  43334 [PSH, ACK] Seq=2797 Ack=518 Win=65535 Len=1378 [TCP segment of a reassembled PDU]"
"3865","79.839841","10.8.0.1","ord37s33-in-f2.1e100.net","TCP","54","43334  >  443 [ACK] Seq=518 Ack=4175 Win=65535 Len=0"
"3866","79.901136","ord37s33-in-f2.1e100.net","10.8.0.1","TLSv1.3","404","Application Data"
"3867","79.901174","10.8.0.1","ord37s33-in-f2.1e100.net","TCP","54","43334  >  443 [ACK] Seq=518 Ack=4525 Win=65535 Len=0"
"3868","79.905254","10.8.0.1","ord37s33-in-f2.1e100.net","TLSv1.3","118","Change Cipher Spec, Application Data"
"3869","79.905288","ord37s33-in-f2.1e100.net","10.8.0.1","TCP","54","443  >  43334 [ACK] Seq=4525 Ack=582 Win=65535 Len=0"
"3870","79.905892","10.8.0.1","ord37s33-in-f2.1e100.net","TCP","590","43334  >  443 [ACK] Seq=582 Ack=4525 Win=65535 Len=536 [TCP segment of a reassembled PDU]"
"3871","79.905920","ord37s33-in-f2.1e100.net","10.8.0.1","TCP","54","443  >  43334 [ACK] Seq=4525 Ack=1118 Win=65535 Len=0"
"3872","79.905928","10.8.0.1","ord37s33-in-f2.1e100.net","TLSv1.3","164","Application Data"
"3873","79.905942","ord37s33-in-f2.1e100.net","10.8.0.1","TCP","54","443  >  43334 [ACK] Seq=4525 Ack=1228 Win=65535 Len=0"
"3874","80.216060","ord37s33-in-f2.1e100.net","10.8.0.1","TLSv1.3","1472","Application Data"
"3875","80.216096","10.8.0.1","ord37s33-in-f2.1e100.net","TCP","54","43334  >  443 [ACK] Seq=1228 Ack=5943 Win=65535 Len=0"
"3876","80.264262","ord37s33-in-f2.1e100.net","10.8.0.1","TLSv1.3","379","Application Data"
"3877","80.264290","10.8.0.1","ord37s33-in-f2.1e100.net","TCP","54","43334  >  443 [ACK] Seq=1228 Ack=6268 Win=65535 Len=0"
"3878","80.289338","10.8.0.1","ord37s34-in-f10.1e100.net","TCP","54","59286  >  443 [FIN, ACK] Seq=546 Ack=1 Win=65535 Len=0"
"3879","80.289522","ord37s34-in-f10.1e100.net","10.8.0.1","TCP","54","443  >  59286 [ACK] Seq=1 Ack=547 Win=65535 Len=0"
"3880","80.289575","ord37s34-in-f10.1e100.net","10.8.0.1","TCP","54","443  >  59286 [FIN, ACK] Seq=1 Ack=547 Win=65535 Len=0"
"3881","80.289698","10.8.0.1","ord37s34-in-f10.1e100.net","TCP","54","59286  >  443 [ACK] Seq=547 Ack=2 Win=65535 Len=0"
"3882","81.392341","10.8.0.1","203.104.160.12","TCP","74","50330  >  443 [SYN] Seq=0 Win=65535 Len=0 MSS=1460 SACK_PERM=1 TSval=3708660299 TSecr=0 WS=1024"
"3883","81.393764","203.104.160.12","10.8.0.1","TCP","54","443  >  50330 [SYN, ACK] Seq=0 Ack=1 Win=65535 Len=0"
"3884","81.393793","10.8.0.1","203.104.160.12","TCP","54","50330  >  443 [ACK] Seq=1 Ack=1 Win=65535 Len=0"
"3885","81.443990","10.8.0.1","203.104.160.12","TLSv1.3","571","Client Hello"
"3886","81.444180","203.104.160.12","10.8.0.1","TCP","54","443  >  50330 [ACK] Seq=1 Ack=518 Win=65535 Len=0"
"3887","81.695521","203.104.160.12","10.8.0.1","TLSv1.3","2943","Server Hello, Change Cipher Spec, Application Data"
"3888","81.695626","10.8.0.1","203.104.160.12","TCP","54","50330  >  443 [ACK] Seq=518 Ack=2890 Win=65535 Len=0"
"3889","81.746121","203.104.160.12","10.8.0.1","TLSv1.3","452","Application Data, Application Data, Application Data"
"3890","81.746184","10.8.0.1","203.104.160.12","TCP","54","50330  >  443 [ACK] Seq=518 Ack=3288 Win=65535 Len=0"
"3891","81.896869","10.8.0.1","203.104.160.12","TLSv1.3","118","Change Cipher Spec, Application Data"
"3892","81.897056","203.104.160.12","10.8.0.1","TCP","54","443  >  50330 [ACK] Seq=3288 Ack=582 Win=65535 Len=0"
"3893","81.947414","10.8.0.1","203.104.160.12","TLSv1.3","100","Application Data"
"3894","81.947648","203.104.160.12","10.8.0.1","TCP","54","443  >  50330 [ACK] Seq=3288 Ack=628 Win=65535 Len=0"
"3895","81.947680","10.8.0.1","203.104.160.12","TLSv1.3","590","Application Data, Application Data"
"3896","81.947735","203.104.160.12","10.8.0.1","TCP","54","443  >  50330 [ACK] Seq=3288 Ack=1164 Win=65535 Len=0"
"3897","81.947765","10.8.0.1","203.104.160.12","TLSv1.3","317","Application Data"
"3898","81.947805","203.104.160.12","10.8.0.1","TCP","54","443  >  50330 [ACK] Seq=3288 Ack=1427 Win=65535 Len=0"
"3899","81.998197","203.104.160.12","10.8.0.1","TLSv1.3","214","Application Data"
"3900","81.998247","10.8.0.1","203.104.160.12","TCP","54","50330  >  443 [ACK] Seq=1427 Ack=3448 Win=65535 Len=0"
"3901","82.048594","203.104.160.12","10.8.0.1","TLSv1.3","374","Application Data, Application Data"
"3902","82.048656","10.8.0.1","203.104.160.12","TCP","54","50330  >  443 [ACK] Seq=1427 Ack=3768 Win=65535 Len=0"
"3903","82.099181","203.104.160.12","10.8.0.1","TLSv1.3","122","Application Data, Application Data"
"3904","82.099230","10.8.0.1","203.104.160.12","TCP","54","50330  >  443 [ACK] Seq=1427 Ack=3836 Win=65535 Len=0"
"3905","82.149356","10.8.0.1","203.104.160.12","TLSv1.3","85","Application Data"
"3906","82.149480","203.104.160.12","10.8.0.1","TCP","54","443  >  50330 [ACK] Seq=3836 Ack=1458 Win=65535 Len=0"
"3907","82.302053","203.104.160.12","10.8.0.1","TLSv1.3","1945","Application Data"
"3908","82.302147","10.8.0.1","203.104.160.12","TCP","54","50330  >  443 [ACK] Seq=1458 Ack=5727 Win=65535 Len=0"
"3909","83.556868","10.8.0.1","52.232.209.85","TCP","74","58022  >  443 [SYN] Seq=0 Win=65535 Len=0 MSS=1460 SACK_PERM=1 TSval=120367175 TSecr=0 WS=1024"
"3910","83.560082","52.232.209.85","10.8.0.1","TCP","54","443  >  58022 [SYN, ACK] Seq=0 Ack=1 Win=65535 Len=0"
"3911","83.560132","10.8.0.1","52.232.209.85","TCP","54","58022  >  443 [ACK] Seq=1 Ack=1 Win=65535 Len=0"
"3912","83.610308","10.8.0.1","52.232.209.85","TLSv1.2","571","Client Hello"
"3913","83.610474","52.232.209.85","10.8.0.1","TCP","54","443  >  58022 [ACK] Seq=1 Ack=518 Win=65535 Len=0"
"3914","83.913528","52.232.209.85","10.8.0.1","TLSv1.2","5111","Server Hello, Certificate, Server Key Exchange, Server Hello Done"
"3915","83.913637","10.8.0.1","52.232.209.85","TCP","54","58022  >  443 [ACK] Seq=518 Ack=5058 Win=65535 Len=0"
"3916","83.963861","10.8.0.1","52.232.209.85","TLSv1.2","180","Client Key Exchange, Change Cipher Spec, Encrypted Handshake Message"
"3917","83.964053","52.232.209.85","10.8.0.1","TCP","54","443  >  58022 [ACK] Seq=5058 Ack=644 Win=65535 Len=0"
"3918","84.165312","52.232.209.85","10.8.0.1","TLSv1.2","312","New Session Ticket, Change Cipher Spec, Encrypted Handshake Message"
"3919","84.165419","10.8.0.1","52.232.209.85","TCP","54","58022  >  443 [ACK] Seq=644 Ack=5316 Win=65535 Len=0"
"3920","84.215602","10.8.0.1","52.232.209.85","TCP","590","58022  >  443 [ACK] Seq=644 Ack=5316 Win=65535 Len=536 [TCP segment of a reassembled PDU]"
"3921","84.215783","52.232.209.85","10.8.0.1","TCP","54","443  >  58022 [ACK] Seq=5316 Ack=1180 Win=65535 Len=0"
"3922","84.215813","10.8.0.1","52.232.209.85","TLSv1.2","372","Application Data"
"3923","84.215866","52.232.209.85","10.8.0.1","TCP","54","443  >  58022 [ACK] Seq=5316 Ack=1498 Win=65535 Len=0"
"3924","84.416987","52.232.209.85","10.8.0.1","TLSv1.2","371","Application Data"
"3925","84.417049","10.8.0.1","52.232.209.85","TCP","54","58022  >  443 [ACK] Seq=1498 Ack=5633 Win=65535 Len=0"
"3926","85.119034","10.8.0.1","gh-in-f188.1e100.net","TCP","74","56728  >  5228 [SYN] Seq=0 Win=65535 Len=0 MSS=1460 SACK_PERM=1 TSval=940894319 TSecr=0 WS=1024"
"3927","85.120371","gh-in-f188.1e100.net","10.8.0.1","TCP","54","5228  >  56728 [SYN, ACK] Seq=0 Ack=1 Win=65535 Len=0"
"3928","85.120400","10.8.0.1","gh-in-f188.1e100.net","TCP","54","56728  >  5228 [ACK] Seq=1 Ack=1 Win=65535 Len=0"
"3929","85.170562","10.8.0.1","gh-in-f188.1e100.net","TLSv1.3","587","Client Hello"
"3930","85.170742","gh-in-f188.1e100.net","10.8.0.1","TCP","54","5228  >  56728 [ACK] Seq=1 Ack=534 Win=65535 Len=0"
"3931","85.170771","10.8.0.1","edge-star-shv-01-ort2.facebook.com","TCP","54","42472  >  443 [FIN, ACK] Seq=1682 Ack=5872 Win=67107840 Len=0"
"3932","85.170866","edge-star-shv-01-ort2.facebook.com","10.8.0.1","TCP","54","443  >  42472 [ACK] Seq=5872 Ack=1683 Win=65535 Len=0"
"3933","85.170978","edge-star-shv-01-ort2.facebook.com","10.8.0.1","TCP","54","443  >  42472 [FIN, ACK] Seq=5872 Ack=1683 Win=65535 Len=0"
"3934","85.171328","10.8.0.1","edge-star-shv-01-ort2.facebook.com","TCP","54","42472  >  443 [ACK] Seq=1683 Ack=5873 Win=67107840 Len=0"
"3935","85.372386","gh-in-f188.1e100.net","10.8.0.1","TLSv1.3","257","Server Hello, Change Cipher Spec, Application Data"
"3936","85.372431","10.8.0.1","gh-in-f188.1e100.net","TCP","54","56728  >  5228 [ACK] Seq=534 Ack=204 Win=65535 Len=0"
"3937","85.422596","10.8.0.1","gh-in-f188.1e100.net","TLSv1.3","118","Change Cipher Spec, Application Data"
"3938","85.422787","gh-in-f188.1e100.net","10.8.0.1","TCP","54","5228  >  56728 [ACK] Seq=204 Ack=598 Win=65535 Len=0"
"3939","85.422800","10.8.0.1","gh-in-f188.1e100.net","TLSv1.3","382","Application Data"
"3940","85.422822","gh-in-f188.1e100.net","10.8.0.1","TCP","54","5228  >  56728 [ACK] Seq=204 Ack=926 Win=65535 Len=0"
"3941","85.573481","gh-in-f188.1e100.net","10.8.0.1","TLSv1.3","2763","Application Data, Application Data, Application Data, Application Data, Application Data, Application Data, Application Data"
"3942","85.573569","10.8.0.1","gh-in-f188.1e100.net","TCP","54","56728  >  5228 [ACK] Seq=926 Ack=2913 Win=65535 Len=0"
"3943","85.623700","10.8.0.1","ord37s34-in-f10.1e100.net","TCP","74","59730  >  443 [SYN] Seq=0 Win=65535 Len=0 MSS=1460 SACK_PERM=1 TSval=2022353151 TSecr=0 WS=1024"
"3944","85.625323","ord37s34-in-f10.1e100.net","10.8.0.1","TCP","54","443  >  59730 [SYN, ACK] Seq=0 Ack=1 Win=65535 Len=0"
"3945","85.625361","10.8.0.1","ord37s34-in-f10.1e100.net","TCP","54","59730  >  443 [ACK] Seq=1 Ack=1 Win=65535 Len=0"
"3946","85.675622","10.8.0.1","ord37s34-in-f10.1e100.net","TLSv1.3","571","Client Hello"
"3947","85.675725","ord37s34-in-f10.1e100.net","10.8.0.1","TCP","54","443  >  59730 [ACK] Seq=1 Ack=518 Win=65535 Len=0"
"3948","85.675738","10.8.0.1","gh-in-f188.1e100.net","TLSv1.3","92","Application Data"
"3949","85.675789","gh-in-f188.1e100.net","10.8.0.1","TCP","54","5228  >  56728 [ACK] Seq=2913 Ack=964 Win=65535 Len=0"
"3950","85.675881","10.8.0.1","gh-in-f188.1e100.net","TLSv1.3","92","Application Data"
"3951","85.675902","gh-in-f188.1e100.net","10.8.0.1","TCP","54","5228  >  56728 [ACK] Seq=2913 Ack=1002 Win=65535 Len=0"
"3952","85.675933","gh-in-f188.1e100.net","10.8.0.1","TCP","54","[TCP Dup ACK 3951#1] 5228  >  56728 [PSH, ACK] Seq=2913 Ack=1002 Win=65535 Len=0"
"3953","85.776469","ord37s34-in-f10.1e100.net","10.8.0.1","TLSv1.3","4228","Server Hello, Change Cipher Spec"
"3954","85.776585","10.8.0.1","ord37s34-in-f10.1e100.net","TCP","54","59730  >  443 [ACK] Seq=518 Ack=4175 Win=65535 Len=0"
"3955","85.826985","ord37s34-in-f10.1e100.net","10.8.0.1","TLSv1.3","562","Application Data"
"3956","85.827027","10.8.0.1","ord37s34-in-f10.1e100.net","TCP","54","59730  >  443 [ACK] Seq=518 Ack=4683 Win=65535 Len=0"
"3957","85.877365","10.8.0.1","ord37s34-in-f10.1e100.net","TLSv1.3","118","Change Cipher Spec, Application Data"
"3958","85.877556","ord37s34-in-f10.1e100.net","10.8.0.1","TCP","54","443  >  59730 [ACK] Seq=4683 Ack=582 Win=65535 Len=0"
"3959","85.877580","10.8.0.1","ord37s34-in-f10.1e100.net","TLSv1.3","146","Application Data"
"3960","85.877626","ord37s34-in-f10.1e100.net","10.8.0.1","TCP","54","443  >  59730 [ACK] Seq=4683 Ack=674 Win=65535 Len=0"
"3961","85.877873","10.8.0.1","ord37s34-in-f10.1e100.net","TCP","590","59730  >  443 [ACK] Seq=674 Ack=4683 Win=65535 Len=536 [TCP segment of a reassembled PDU]"
"3962","85.877929","ord37s34-in-f10.1e100.net","10.8.0.1","TCP","54","443  >  59730 [ACK] Seq=4683 Ack=1210 Win=65535 Len=0"
"3963","85.877950","10.8.0.1","ord37s34-in-f10.1e100.net","TLSv1.3","279","Application Data"
"3964","85.877985","ord37s34-in-f10.1e100.net","10.8.0.1","TCP","54","443  >  59730 [ACK] Seq=4683 Ack=1435 Win=65535 Len=0"
"3965","85.878002","10.8.0.1","ord37s34-in-f10.1e100.net","TCP","590","59730  >  443 [ACK] Seq=1435 Ack=4683 Win=65535 Len=536 [TCP segment of a reassembled PDU]"
"3966","85.878032","ord37s34-in-f10.1e100.net","10.8.0.1","TCP","54","443  >  59730 [ACK] Seq=4683 Ack=1971 Win=65535 Len=0"
"3967","85.878053","10.8.0.1","ord37s34-in-f10.1e100.net","TCP","590","59730  >  443 [PSH, ACK] Seq=1971 Ack=4683 Win=65535 Len=536 [TCP segment of a reassembled PDU]"
"3968","85.878083","ord37s34-in-f10.1e100.net","10.8.0.1","TCP","54","443  >  59730 [ACK] Seq=4683 Ack=2507 Win=65535 Len=0"
"3969","85.878098","10.8.0.1","ord37s34-in-f10.1e100.net","TCP","590","59730  >  443 [ACK] Seq=2507 Ack=4683 Win=65535 Len=536 [TCP segment of a reassembled PDU]"
"3970","85.878158","ord37s34-in-f10.1e100.net","10.8.0.1","TCP","54","443  >  59730 [ACK] Seq=4683 Ack=3043 Win=65535 Len=0"
"3971","85.878178","10.8.0.1","ord37s34-in-f10.1e100.net","TLSv1.3","583","Application Data"
"3972","85.878208","ord37s34-in-f10.1e100.net","10.8.0.1","TCP","54","443  >  59730 [ACK] Seq=4683 Ack=3572 Win=65535 Len=0"
"3973","85.978818","ord37s34-in-f10.1e100.net","10.8.0.1","TLSv1.3","693","Application Data, Application Data, Application Data"
"3974","85.978886","10.8.0.1","ord37s34-in-f10.1e100.net","TCP","54","59730  >  443 [ACK] Seq=3572 Ack=5322 Win=65535 Len=0"
"3975","86.029058","10.8.0.1","ord37s34-in-f10.1e100.net","TLSv1.3","85","Application Data"
"3976","86.029237","ord37s34-in-f10.1e100.net","10.8.0.1","TCP","54","443  >  59730 [ACK] Seq=5322 Ack=3603 Win=65535 Len=0"
"3977","86.029465","ord37s34-in-f10.1e100.net","10.8.0.1","TLSv1.3","335","Application Data"
"3978","86.029498","10.8.0.1","ord37s34-in-f10.1e100.net","TCP","54","59730  >  443 [ACK] Seq=3603 Ack=5603 Win=65535 Len=0"
"3979","86.079785","ord37s34-in-f10.1e100.net","10.8.0.1","TLSv1.3","503","Application Data, Application Data, Application Data"
"3980","86.079828","10.8.0.1","ec2-35-163-36-111.us-west-2.compute.amazonaws.com","TCP","54","53656  >  443 [FIN, ACK] Seq=1027 Ack=4018 Win=65535 Len=0"
"3981","86.079897","ec2-35-163-36-111.us-west-2.compute.amazonaws.com","10.8.0.1","TCP","54","443  >  53656 [ACK] Seq=4018 Ack=1028 Win=65535 Len=0"
"3982","86.079942","ec2-35-163-36-111.us-west-2.compute.amazonaws.com","10.8.0.1","TCP","54","443  >  53656 [FIN, ACK] Seq=4018 Ack=1028 Win=65535 Len=0"
"3983","86.080081","10.8.0.1","server-52-84-121-34.ord53.r.cloudfront.net","TCP","54","51716  >  443 [FIN, ACK] Seq=1017 Ack=15814 Win=65535 Len=0"
"3984","86.080119","server-52-84-121-34.ord53.r.cloudfront.net","10.8.0.1","TCP","54","443  >  51716 [ACK] Seq=15814 Ack=1018 Win=65535 Len=0"
"3985","86.080143","server-52-84-121-34.ord53.r.cloudfront.net","10.8.0.1","TCP","54","443  >  51716 [FIN, ACK] Seq=15814 Ack=1018 Win=65535 Len=0"
"3986","86.080183","10.8.0.1","ord37s34-in-f10.1e100.net","TCP","54","59730  >  443 [ACK] Seq=3603 Ack=6052 Win=65535 Len=0"
"3987","86.080191","10.8.0.1","ec2-35-163-36-111.us-west-2.compute.amazonaws.com","TCP","54","53656  >  443 [ACK] Seq=1028 Ack=4019 Win=65535 Len=0"
"3988","86.080197","10.8.0.1","server-52-84-121-34.ord53.r.cloudfront.net","TCP","54","51716  >  443 [ACK] Seq=1018 Ack=15815 Win=65535 Len=0"
"3989","86.130355","10.8.0.1","ord37s34-in-f10.1e100.net","TLSv1.3","93","Application Data"
"3990","86.130522","ord37s34-in-f10.1e100.net","10.8.0.1","TCP","54","443  >  59730 [ACK] Seq=6052 Ack=3642 Win=65535 Len=0"
"3991","86.130553","10.8.0.1","ord37s34-in-f10.1e100.net","QUIC","1392","Initial, DCID=a3a0e1c4228f7133, PKN: 1, CRYPTO, PADDING"
"3992","86.205406","ord37s34-in-f10.1e100.net","10.8.0.1","QUIC","1392","Initial, SCID=a3a0e1c4228f7133, PKN: 1, ACK, CRYPTO, PADDING"
"3993","86.205608","10.8.0.1","ord37s34-in-f10.1e100.net","TLSv1.3","114","Application Data"
"3994","86.205654","ord37s34-in-f10.1e100.net","10.8.0.1","TCP","54","443  >  59730 [ACK] Seq=6052 Ack=3702 Win=65535 Len=0"
"3995","86.205667","10.8.0.1","ord37s34-in-f10.1e100.net","TCP","590","59730  >  443 [ACK] Seq=3702 Ack=6052 Win=65535 Len=536 [TCP segment of a reassembled PDU]"
"3996","86.205690","ord37s34-in-f10.1e100.net","10.8.0.1","TCP","54","443  >  59730 [ACK] Seq=6052 Ack=4238 Win=65535 Len=0"
"3997","86.205702","10.8.0.1","ord37s34-in-f10.1e100.net","TLSv1.3","382","Application Data"
"3998","86.205720","ord37s34-in-f10.1e100.net","10.8.0.1","TCP","54","443  >  59730 [ACK] Seq=6052 Ack=4566 Win=65535 Len=0"
"3999","86.255903","10.8.0.1","ord37s34-in-f10.1e100.net","QUIC","1392","Initial, DCID=a3a0e1c4228f7133, PKN: 2, ACK, PADDING"
"4000","87.262051","10.8.0.1","ord37s34-in-f10.1e100.net","QUIC","83","Handshake, DCID=a3a0e1c4228f7133"
"4001","87.380588","ord37s34-in-f10.1e100.net","10.8.0.1","QUIC","136","Initial, SCID=a3a0e1c4228f7133, PKN: 6, CC"
"4002","87.380795","ord37s34-in-f10.1e100.net","10.8.0.1","TLSv1.3","667","Application Data, Application Data, Application Data, Application Data"
"4003","87.380833","10.8.0.1","ord37s34-in-f10.1e100.net","QUIC","83","Handshake, DCID=a3a0e1c4228f7133"
"4004","87.450349","ord37s34-in-f10.1e100.net","10.8.0.1","QUIC","136","Initial, SCID=a3a0e1c4228f7133, PKN: 6, CC"
"4005","87.450391","10.8.0.1","199.232.6.133","TCP","54","34256  >  443 [FIN, ACK] Seq=986 Ack=5307 Win=65535 Len=0"
"4006","87.450450","199.232.6.133","10.8.0.1","TCP","54","443  >  34256 [ACK] Seq=5307 Ack=987 Win=65535 Len=0"
"4007","87.450503","199.232.6.133","10.8.0.1","TCP","54","443  >  34256 [FIN, ACK] Seq=5307 Ack=987 Win=65535 Len=0"
"4008","87.450659","10.8.0.1","ec2-54-89-1-168.compute-1.amazonaws.com","TCP","54","52718  >  443 [FIN, ACK] Seq=1024 Ack=6271 Win=65535 Len=0"
"4009","87.450701","ec2-54-89-1-168.compute-1.amazonaws.com","10.8.0.1","TCP","54","443  >  52718 [ACK] Seq=6271 Ack=1025 Win=65535 Len=0"
"4010","87.450727","ec2-54-89-1-168.compute-1.amazonaws.com","10.8.0.1","TCP","54","443  >  52718 [FIN, ACK] Seq=6271 Ack=1025 Win=65535 Len=0"
"4011","87.450772","10.8.0.1","a23-35-209-55.deploy.static.akamaitechnologies.com","TCP","54","39014  >  443 [FIN, ACK] Seq=925 Ack=5066 Win=67107840 Len=0"
"4012","87.450799","a23-35-209-55.deploy.static.akamaitechnologies.com","10.8.0.1","TCP","54","443  >  39014 [ACK] Seq=5066 Ack=926 Win=65535 Len=0"
"4013","87.450819","a23-35-209-55.deploy.static.akamaitechnologies.com","10.8.0.1","TCP","54","443  >  39014 [FIN, ACK] Seq=5066 Ack=926 Win=65535 Len=0"
"4014","87.450853","10.8.0.1","a23-35-209-55.deploy.static.akamaitechnologies.com","TCP","54","39012  >  443 [FIN, ACK] Seq=1384 Ack=6721 Win=67107840 Len=0"
"4015","87.450877","a23-35-209-55.deploy.static.akamaitechnologies.com","10.8.0.1","TCP","54","443  >  39012 [ACK] Seq=6721 Ack=1385 Win=65535 Len=0"
"4016","87.450895","a23-35-209-55.deploy.static.akamaitechnologies.com","10.8.0.1","TCP","54","443  >  39012 [FIN, ACK] Seq=6721 Ack=1385 Win=65535 Len=0"
"4017","87.450926","10.8.0.1","199.232.6.133","TCP","54","34202  >  443 [FIN, ACK] Seq=921 Ack=6191 Win=67107840 Len=0"
"4018","87.450947","199.232.6.133","10.8.0.1","TCP","54","443  >  34202 [ACK] Seq=6191 Ack=922 Win=65535 Len=0"
"4019","87.450965","199.232.6.133","10.8.0.1","TCP","54","443  >  34202 [FIN, ACK] Seq=6191 Ack=922 Win=65535 Len=0"
"4020","87.450993","10.8.0.1","199.232.6.133","TCP","54","34196  >  443 [FIN, ACK] Seq=914 Ack=6789 Win=67107840 Len=0"
"4021","87.451014","199.232.6.133","10.8.0.1","TCP","54","443  >  34196 [ACK] Seq=6789 Ack=915 Win=65535 Len=0"
"4022","87.451031","199.232.6.133","10.8.0.1","TCP","54","443  >  34196 [FIN, ACK] Seq=6789 Ack=915 Win=65535 Len=0"
"4023","87.451060","10.8.0.1","199.232.6.133","TCP","54","34200  >  443 [FIN, ACK] Seq=911 Ack=6247 Win=67107840 Len=0"
"4024","87.451080","199.232.6.133","10.8.0.1","TCP","54","443  >  34200 [ACK] Seq=6247 Ack=912 Win=65535 Len=0"
"4025","87.451097","199.232.6.133","10.8.0.1","TCP","54","443  >  34200 [FIN, ACK] Seq=6247 Ack=912 Win=65535 Len=0"
"4026","87.451126","10.8.0.1","199.232.6.133","TCP","54","34198  >  443 [FIN, ACK] Seq=964 Ack=5294 Win=67107840 Len=0"
"4027","87.451146","199.232.6.133","10.8.0.1","TCP","54","443  >  34198 [ACK] Seq=5294 Ack=965 Win=65535 Len=0"
"4028","87.451163","199.232.6.133","10.8.0.1","TCP","54","443  >  34198 [FIN, ACK] Seq=5294 Ack=965 Win=65535 Len=0"
"4029","87.451192","10.8.0.1","ord37s32-in-f3.1e100.net","TCP","54","57334  >  443 [FIN, ACK] Seq=4576 Ack=6123 Win=67107840 Len=0"
"4030","87.451214","ord37s32-in-f3.1e100.net","10.8.0.1","TCP","54","443  >  57334 [ACK] Seq=6123 Ack=4577 Win=65535 Len=0"
"4031","87.451231","ord37s32-in-f3.1e100.net","10.8.0.1","TCP","54","443  >  57334 [FIN, ACK] Seq=6123 Ack=4577 Win=65535 Len=0"
"4032","87.451260","10.8.0.1","104.244.42.66","TCP","110","[TCP Retransmission] 55314  >  443 [FIN, PSH, ACK] Seq=7775 Ack=6016 Win=65535 Len=56"
"4033","87.451298","104.244.42.66","10.8.0.1","TCP","54","[TCP Keep-Alive] 443  >  55314 [ACK] Seq=6016 Ack=7776 Win=65535 Len=0"
"4034","87.451310","104.244.42.66","10.8.0.1","TCP","54","[TCP Retransmission] 443  >  55314 [FIN, ACK] Seq=6016 Ack=7776 Win=65535 Len=0"
"4035","87.451317","10.8.0.1","ec2-54-89-1-168.compute-1.amazonaws.com","TCP","54","[TCP Out-Of-Order] 52718  >  443 [FIN, ACK] Seq=1024 Ack=6271 Win=65535 Len=0"
"4036","87.451334","ec2-54-89-1-168.compute-1.amazonaws.com","10.8.0.1","TCP","54","[TCP Keep-Alive] 443  >  52718 [ACK] Seq=6271 Ack=1025 Win=65535 Len=0"
"4037","87.451349","ec2-54-89-1-168.compute-1.amazonaws.com","10.8.0.1","TCP","54","[TCP Out-Of-Order] 443  >  52718 [FIN, ACK] Seq=6271 Ack=1025 Win=65535 Len=0"
"4038","87.451355","10.8.0.1","199.232.6.133","TCP","54","[TCP Out-Of-Order] 34256  >  443 [FIN, ACK] Seq=986 Ack=5307 Win=65535 Len=0"
"4039","87.451370","199.232.6.133","10.8.0.1","TCP","54","[TCP Keep-Alive] 443  >  34256 [ACK] Seq=5307 Ack=987 Win=65535 Len=0"
"4040","87.451384","199.232.6.133","10.8.0.1","TCP","54","[TCP Out-Of-Order] 443  >  34256 [FIN, ACK] Seq=5307 Ack=987 Win=65535 Len=0"
"4041","87.451392","10.8.0.1","ord37s34-in-f10.1e100.net","QUIC","83","Handshake, DCID=a3a0e1c4228f7133"
"4042","88.478228","10.8.0.1","ord37s34-in-f10.1e100.net","TLSv1.3","93","Application Data"
"4043","88.478500","ord37s34-in-f10.1e100.net","10.8.0.1","TCP","54","443  >  59730 [ACK] Seq=6665 Ack=4605 Win=65535 Len=0"
"4044","88.478649","104.18.23.112","10.8.0.1","TLSv1.3","1445","Application Data"
"4045","88.478678","10.8.0.1","199.232.6.133","TCP","54","34256  >  443 [ACK] Seq=987 Ack=5308 Win=65535 Len=0"
"4046","88.478806","10.8.0.1","ec2-54-89-1-168.compute-1.amazonaws.com","TCP","54","52718  >  443 [ACK] Seq=1025 Ack=6272 Win=65535 Len=0"
"4047","88.478826","10.8.0.1","a23-35-209-55.deploy.static.akamaitechnologies.com","TCP","54","39014  >  443 [ACK] Seq=926 Ack=5067 Win=67107840 Len=0"
"4048","88.478841","10.8.0.1","a23-35-209-55.deploy.static.akamaitechnologies.com","TCP","54","39012  >  443 [ACK] Seq=1385 Ack=6722 Win=67107840 Len=0"
"4049","88.478856","10.8.0.1","199.232.6.133","TCP","54","34202  >  443 [ACK] Seq=922 Ack=6192 Win=67107840 Len=0"
"4050","88.478870","10.8.0.1","199.232.6.133","TCP","54","34196  >  443 [ACK] Seq=915 Ack=6790 Win=67107840 Len=0"
"4051","88.478885","10.8.0.1","199.232.6.133","TCP","54","34200  >  443 [ACK] Seq=912 Ack=6248 Win=67107840 Len=0"
"4052","88.478899","10.8.0.1","199.232.6.133","TCP","54","34198  >  443 [ACK] Seq=965 Ack=5295 Win=67107840 Len=0"
"4053","88.478915","10.8.0.1","ord37s32-in-f3.1e100.net","TCP","54","57334  >  443 [ACK] Seq=4577 Ack=6124 Win=67107840 Len=0"
"4054","88.478930","10.8.0.1","ec2-54-89-1-168.compute-1.amazonaws.com","TCP","54","[TCP Dup ACK 4046#1] 52718  >  443 [ACK] Seq=1025 Ack=6272 Win=65535 Len=0"
"4055","88.478945","10.8.0.1","ec2-54-89-1-168.compute-1.amazonaws.com","TCP","54","[TCP Dup ACK 4046#2] 52718  >  443 [ACK] Seq=1025 Ack=6272 Win=65535 Len=0"
"4056","88.478959","10.8.0.1","199.232.6.133","TCP","54","[TCP Dup ACK 4045#1] 34256  >  443 [ACK] Seq=987 Ack=5308 Win=65535 Len=0"
"4057","88.478973","10.8.0.1","199.232.6.133","TCP","54","[TCP Dup ACK 4045#2] 34256  >  443 [ACK] Seq=987 Ack=5308 Win=65535 Len=0"
"4058","88.478990","10.8.0.1","ord37s34-in-f10.1e100.net","QUIC","1392","Initial, DCID=8c9bf1e5c905923a, PKN: 1, CRYPTO, PADDING"
"4059","88.555595","ord37s34-in-f10.1e100.net","10.8.0.1","QUIC","1392","Initial, SCID=8c9bf1e5c905923a, PKN: 1, ACK, CRYPTO, PADDING"
"4060","88.555676","10.8.0.1","ord37s34-in-f10.1e100.net","TLSv1.3","126","Application Data"
"4061","88.555817","ord37s34-in-f10.1e100.net","10.8.0.1","TCP","54","443  >  59730 [ACK] Seq=6665 Ack=4677 Win=65535 Len=0"
"4062","88.555848","10.8.0.1","ord37s34-in-f10.1e100.net","TCP","590","59730  >  443 [ACK] Seq=4677 Ack=6665 Win=65535 Len=536 [TCP segment of a reassembled PDU]"
"4063","88.555932","ord37s34-in-f10.1e100.net","10.8.0.1","TCP","54","443  >  59730 [ACK] Seq=6665 Ack=5213 Win=65535 Len=0"
"4064","88.555966","10.8.0.1","ord37s34-in-f10.1e100.net","TCP","590","59730  >  443 [PSH, ACK] Seq=5213 Ack=6665 Win=65535 Len=536 [TCP segment of a reassembled PDU]"
"4065","88.556034","ord37s34-in-f10.1e100.net","10.8.0.1","TCP","54","443  >  59730 [ACK] Seq=6665 Ack=5749 Win=65535 Len=0"
"4066","88.556057","10.8.0.1","ord37s34-in-f10.1e100.net","TCP","590","59730  >  443 [ACK] Seq=5749 Ack=6665 Win=65535 Len=536 [TCP segment of a reassembled PDU]"
"4067","88.556160","ord37s34-in-f10.1e100.net","10.8.0.1","TCP","54","443  >  59730 [ACK] Seq=6665 Ack=6285 Win=65535 Len=0"
"4068","88.556188","10.8.0.1","ord37s34-in-f10.1e100.net","TCP","590","59730  >  443 [PSH, ACK] Seq=6285 Ack=6665 Win=65535 Len=536 [TCP segment of a reassembled PDU]"
"4069","88.556250","ord37s34-in-f10.1e100.net","10.8.0.1","TCP","54","443  >  59730 [ACK] Seq=6665 Ack=6821 Win=65535 Len=0"
"4070","88.556272","10.8.0.1","ord37s34-in-f10.1e100.net","TCP","590","59730  >  443 [ACK] Seq=6821 Ack=6665 Win=65535 Len=536 [TCP segment of a reassembled PDU]"
"4071","88.556330","ord37s34-in-f10.1e100.net","10.8.0.1","TCP","54","443  >  59730 [ACK] Seq=6665 Ack=7357 Win=65535 Len=0"
"4072","88.556357","10.8.0.1","ord37s34-in-f10.1e100.net","TCP","590","59730  >  443 [PSH, ACK] Seq=7357 Ack=6665 Win=65535 Len=536 [TCP segment of a reassembled PDU]"
"4073","88.556418","ord37s34-in-f10.1e100.net","10.8.0.1","TCP","54","443  >  59730 [ACK] Seq=6665 Ack=7893 Win=65535 Len=0"
"4074","88.556439","10.8.0.1","ord37s34-in-f10.1e100.net","TCP","590","59730  >  443 [ACK] Seq=7893 Ack=6665 Win=65535 Len=536 [TCP segment of a reassembled PDU]"
"4075","88.556498","ord37s34-in-f10.1e100.net","10.8.0.1","TCP","54","443  >  59730 [ACK] Seq=6665 Ack=8429 Win=65535 Len=0"
"4076","88.556523","10.8.0.1","ord37s34-in-f10.1e100.net","TCP","590","59730  >  443 [PSH, ACK] Seq=8429 Ack=6665 Win=65535 Len=536 [TCP segment of a reassembled PDU]"
"4077","88.556580","ord37s34-in-f10.1e100.net","10.8.0.1","TCP","54","443  >  59730 [ACK] Seq=6665 Ack=8965 Win=65535 Len=0"
"4078","88.556601","10.8.0.1","ord37s34-in-f10.1e100.net","TCP","93","[TCP Out-Of-Order] 59730  >  443 [PSH, ACK] Seq=4566 Ack=6665 Win=65535 Len=39"
"4079","88.556636","ord37s34-in-f10.1e100.net","10.8.0.1","TCP","54","443  >  59730 [ACK] Seq=6665 Ack=4605 Win=65535 Len=0"
"4080","88.556794","10.8.0.1","ord37s34-in-f10.1e100.net","TCP","118","[TCP Retransmission] 59396  >  443 [PSH, ACK] Seq=518 Ack=4673 Win=67107840 Len=64"
"4081","88.556820","10.8.0.1","ord37s34-in-f10.1e100.net","QUIC","1392","Initial, DCID=8c9bf1e5c905923a, PKN: 3, CRYPTO, PADDING"
"4082","89.570027","10.8.0.1","ord37s34-in-f10.1e100.net","QUIC","83","Handshake, DCID=a3a0e1c4228f7133"
"4083","89.633713","ord37s34-in-f10.1e100.net","10.8.0.1","QUIC","136","Initial, SCID=a3a0e1c4228f7133, PKN: 6, CC"
"4084","89.633768","10.8.0.1","ord37s34-in-f10.1e100.net","TLSv1.3","93","[TCP Spurious Retransmission] , Application Data"
"4085","89.633828","ord37s34-in-f10.1e100.net","10.8.0.1","TCP","54","[TCP Dup ACK 4079#1] 443  >  59730 [ACK] Seq=6665 Ack=4605 Win=65535 Len=0"
"4086","89.633840","10.8.0.1","ord37s34-in-f10.1e100.net","QUIC","1392","Initial, DCID=8c9bf1e5c905923a, PKN: 5, CRYPTO, PADDING"
"4087","89.720257","ord37s34-in-f10.1e100.net","10.8.0.1","QUIC","136","Initial, SCID=8c9bf1e5c905923a, PKN: 6, CC"
"4088","89.720426","10.8.0.1","ord37s34-in-f10.1e100.net","TCP","590","59730  >  443 [ACK] Seq=8965 Ack=6665 Win=65535 Len=536 [TCP segment of a reassembled PDU]"
"4089","89.720469","ord37s34-in-f10.1e100.net","10.8.0.1","TCP","54","443  >  59730 [ACK] Seq=6665 Ack=9501 Win=65535 Len=0"
"4090","89.720479","10.8.0.1","ord37s34-in-f10.1e100.net","TCP","590","59730  >  443 [ACK] Seq=9501 Ack=6665 Win=65535 Len=536 [TCP segment of a reassembled PDU]"
"4091","89.720516","ord37s34-in-f10.1e100.net","10.8.0.1","TCP","54","443  >  59730 [ACK] Seq=6665 Ack=10037 Win=65535 Len=0"
"4092","89.720524","10.8.0.1","ord37s34-in-f10.1e100.net","TCP","74","59734  >  443 [SYN] Seq=0 Win=65535 Len=0 MSS=1460 SACK_PERM=1 TSval=2022356092 TSecr=0 WS=1024"
"4093","89.722102","ord37s34-in-f10.1e100.net","10.8.0.1","TCP","54","443  >  59734 [SYN, ACK] Seq=0 Ack=1 Win=65535 Len=0"
"4094","89.722128","10.8.0.1","ord37s34-in-f10.1e100.net","TCP","74","59736  >  443 [SYN] Seq=0 Win=65535 Len=0 MSS=1460 SACK_PERM=1 TSval=2022356093 TSecr=0 WS=1024"
"4095","89.726925","ord37s34-in-f10.1e100.net","10.8.0.1","TCP","54","443  >  59736 [SYN, ACK] Seq=0 Ack=1 Win=65535 Len=0"
"4096","89.727008","10.8.0.1","ord37s34-in-f10.1e100.net","TCP","74","59738  >  443 [SYN] Seq=0 Win=65535 Len=0 MSS=1460 SACK_PERM=1 TSval=2022356093 TSecr=0 WS=1024"
"4097","89.729903","ord37s34-in-f10.1e100.net","10.8.0.1","TCP","54","443  >  59738 [SYN, ACK] Seq=0 Ack=1 Win=65535 Len=0"
"4098","89.729941","10.8.0.1","ord37s34-in-f10.1e100.net","TCP","590","59730  >  443 [ACK] Seq=10037 Ack=6665 Win=65535 Len=536 [TCP segment of a reassembled PDU]"
"4099","89.729974","ord37s34-in-f10.1e100.net","10.8.0.1","TCP","54","443  >  59730 [ACK] Seq=6665 Ack=10573 Win=65535 Len=0"
"4100","89.729984","10.8.0.1","ord37s34-in-f10.1e100.net","TCP","590","59730  >  443 [ACK] Seq=10573 Ack=6665 Win=65535 Len=536 [TCP segment of a reassembled PDU]"
"4101","89.729999","ord37s34-in-f10.1e100.net","10.8.0.1","TCP","54","443  >  59730 [ACK] Seq=6665 Ack=11109 Win=65535 Len=0"
"4102","89.730006","10.8.0.1","ord37s34-in-f10.1e100.net","TCP","590","59730  >  443 [PSH, ACK] Seq=11109 Ack=6665 Win=65535 Len=536 [TCP segment of a reassembled PDU]"
"4103","89.730022","ord37s34-in-f10.1e100.net","10.8.0.1","TCP","54","443  >  59730 [ACK] Seq=6665 Ack=11645 Win=65535 Len=0"
"4104","89.730032","10.8.0.1","ord37s34-in-f10.1e100.net","TCP","590","59730  >  443 [ACK] Seq=11645 Ack=6665 Win=65535 Len=536 [TCP segment of a reassembled PDU]"
"4105","89.730045","ord37s34-in-f10.1e100.net","10.8.0.1","TCP","54","443  >  59730 [ACK] Seq=6665 Ack=12181 Win=65535 Len=0"
"4106","89.730055","10.8.0.1","ord37s34-in-f10.1e100.net","TCP","590","59730  >  443 [PSH, ACK] Seq=12181 Ack=6665 Win=65535 Len=536 [TCP segment of a reassembled PDU]"
"4107","89.730081","ord37s34-in-f10.1e100.net","10.8.0.1","TCP","54","443  >  59730 [ACK] Seq=6665 Ack=12717 Win=65535 Len=0"
"4108","89.730088","10.8.0.1","ord37s34-in-f10.1e100.net","TCP","590","59730  >  443 [ACK] Seq=12717 Ack=6665 Win=65535 Len=536 [TCP segment of a reassembled PDU]"
"4109","89.730100","ord37s34-in-f10.1e100.net","10.8.0.1","TCP","54","443  >  59730 [ACK] Seq=6665 Ack=13253 Win=65535 Len=0"
"4110","89.730108","10.8.0.1","ord37s34-in-f10.1e100.net","TCP","590","59730  >  443 [PSH, ACK] Seq=13253 Ack=6665 Win=65535 Len=536 [TCP segment of a reassembled PDU]"
"4111","89.730121","ord37s34-in-f10.1e100.net","10.8.0.1","TCP","54","443  >  59730 [ACK] Seq=6665 Ack=13789 Win=65535 Len=0"
"4112","89.730128","10.8.0.1","ord37s34-in-f10.1e100.net","TCP","590","59730  >  443 [ACK] Seq=13789 Ack=6665 Win=65535 Len=536 [TCP segment of a reassembled PDU]"
"4113","89.730142","ord37s34-in-f10.1e100.net","10.8.0.1","TCP","54","443  >  59730 [ACK] Seq=6665 Ack=14325 Win=65535 Len=0"
"4114","89.730151","10.8.0.1","ord37s34-in-f10.1e100.net","TCP","590","59730  >  443 [PSH, ACK] Seq=14325 Ack=6665 Win=65535 Len=536 [TCP segment of a reassembled PDU]"
"4115","89.730165","ord37s34-in-f10.1e100.net","10.8.0.1","TCP","54","443  >  59730 [ACK] Seq=6665 Ack=14861 Win=65535 Len=0"
"4116","89.730172","10.8.0.1","ord37s34-in-f10.1e100.net","TCP","590","59730  >  443 [ACK] Seq=14861 Ack=6665 Win=65535 Len=536 [TCP segment of a reassembled PDU]"
"4117","89.730187","ord37s34-in-f10.1e100.net","10.8.0.1","TCP","54","443  >  59730 [ACK] Seq=6665 Ack=15397 Win=65535 Len=0"
"4118","89.730195","10.8.0.1","ord37s34-in-f10.1e100.net","TCP","590","59730  >  443 [PSH, ACK] Seq=15397 Ack=6665 Win=65535 Len=536 [TCP segment of a reassembled PDU]"
"4119","89.730212","ord37s34-in-f10.1e100.net","10.8.0.1","TCP","54","443  >  59730 [ACK] Seq=6665 Ack=15933 Win=65535 Len=0"
"4120","89.730224","10.8.0.1","ord37s34-in-f10.1e100.net","TCP","590","59730  >  443 [ACK] Seq=15933 Ack=6665 Win=65535 Len=536 [TCP segment of a reassembled PDU]"
"4121","89.730235","ord37s34-in-f10.1e100.net","10.8.0.1","TCP","54","443  >  59730 [ACK] Seq=6665 Ack=16469 Win=65535 Len=0"
"4122","89.730244","10.8.0.1","ord37s34-in-f10.1e100.net","TCP","590","59730  >  443 [PSH, ACK] Seq=16469 Ack=6665 Win=65535 Len=536 [TCP segment of a reassembled PDU]"
"4123","89.730256","ord37s34-in-f10.1e100.net","10.8.0.1","TCP","54","443  >  59730 [ACK] Seq=6665 Ack=17005 Win=65535 Len=0"
"4124","89.730263","10.8.0.1","ord37s34-in-f10.1e100.net","TCP","590","59730  >  443 [ACK] Seq=17005 Ack=6665 Win=65535 Len=536 [TCP segment of a reassembled PDU]"
"4125","89.730275","ord37s34-in-f10.1e100.net","10.8.0.1","TCP","54","443  >  59730 [ACK] Seq=6665 Ack=17541 Win=65535 Len=0"
"4126","89.730283","10.8.0.1","ord37s34-in-f10.1e100.net","TCP","590","59730  >  443 [PSH, ACK] Seq=17541 Ack=6665 Win=65535 Len=536 [TCP segment of a reassembled PDU]"
"4127","89.730297","ord37s34-in-f10.1e100.net","10.8.0.1","TCP","54","443  >  59730 [ACK] Seq=6665 Ack=18077 Win=65535 Len=0"
"4128","89.730304","10.8.0.1","ord37s34-in-f10.1e100.net","TCP","590","59730  >  443 [ACK] Seq=18077 Ack=6665 Win=65535 Len=536 [TCP segment of a reassembled PDU]"
"4129","89.730317","ord37s34-in-f10.1e100.net","10.8.0.1","TCP","54","443  >  59730 [ACK] Seq=6665 Ack=18613 Win=65535 Len=0"
"4130","89.730324","10.8.0.1","ord37s34-in-f10.1e100.net","TLSv1.3","497","Application Data"
"4131","89.730336","ord37s34-in-f10.1e100.net","10.8.0.1","TCP","54","443  >  59730 [ACK] Seq=6665 Ack=19056 Win=65535 Len=0"
"4132","89.730343","10.8.0.1","ord37s34-in-f10.1e100.net","QUIC","1392","Initial, DCID=8c9bf1e5c905923a, PKN: 6, ACK, PADDING"
"4133","89.792329","ord37s34-in-f10.1e100.net","10.8.0.1","QUIC","136","Initial, SCID=8c9bf1e5c905923a, PKN: 6, CC"
"4134","89.792486","10.8.0.1","20.42.65.84","TCP","54","45378  >  443 [FIN, ACK] Seq=2337 Ack=6677 Win=65535 Len=0"
"4135","89.792541","20.42.65.84","10.8.0.1","TCP","54","443  >  45378 [ACK] Seq=6677 Ack=2338 Win=65535 Len=0"
"4136","89.792568","20.42.65.84","10.8.0.1","TCP","54","443  >  45378 [FIN, ACK] Seq=6677 Ack=2338 Win=65535 Len=0"
"4137","89.792674","10.8.0.1","52.232.209.85","TCP","54","57860  >  443 [FIN, ACK] Seq=1503 Ack=5633 Win=65535 Len=0"
"4138","89.792708","52.232.209.85","10.8.0.1","TCP","54","443  >  57860 [ACK] Seq=5633 Ack=1504 Win=65535 Len=0"
"4139","89.792732","52.232.209.85","10.8.0.1","TCP","54","443  >  57860 [FIN, ACK] Seq=5633 Ack=1504 Win=65535 Len=0"
"4140","89.792771","10.8.0.1","ord37s34-in-f10.1e100.net","TCP","74","59740  >  443 [SYN] Seq=0 Win=65535 Len=0 MSS=1460 SACK_PERM=1 TSval=2022356259 TSecr=0 WS=1024"
"4141","89.796056","ord37s34-in-f10.1e100.net","10.8.0.1","TCP","54","443  >  59740 [SYN, ACK] Seq=0 Ack=1 Win=65535 Len=0"
"4142","89.796092","10.8.0.1","edge-star-mini-shv-01-msp1.facebook.com","TCP","54","35224  >  443 [FIN, ACK] Seq=474 Ack=472 Win=65535 Len=0"
"4143","89.796132","edge-star-mini-shv-01-msp1.facebook.com","10.8.0.1","TCP","54","443  >  35224 [ACK] Seq=472 Ack=475 Win=65535 Len=0"
"4144","89.796164","edge-star-mini-shv-01-msp1.facebook.com","10.8.0.1","TCP","54","443  >  35224 [FIN, ACK] Seq=472 Ack=475 Win=65535 Len=0"
"4145","89.796224","10.8.0.1","edge-star-shv-01-ort2.facebook.com","TCP","54","42360  >  443 [FIN, ACK] Seq=2246 Ack=3924 Win=65535 Len=0"
"4146","89.796252","edge-star-shv-01-ort2.facebook.com","10.8.0.1","TCP","54","443  >  42360 [ACK] Seq=3924 Ack=2247 Win=65535 Len=0"
"4147","89.796275","edge-star-shv-01-ort2.facebook.com","10.8.0.1","TCP","54","443  >  42360 [FIN, ACK] Seq=3924 Ack=2247 Win=65535 Len=0"
"4148","89.796308","10.8.0.1","edge-star-mini-shv-01-msp1.facebook.com","TCP","54","35216  >  443 [FIN, ACK] Seq=472 Ack=472 Win=65535 Len=0"
"4149","89.796331","edge-star-mini-shv-01-msp1.facebook.com","10.8.0.1","TCP","54","443  >  35216 [ACK] Seq=472 Ack=473 Win=65535 Len=0"
"4150","89.796350","edge-star-mini-shv-01-msp1.facebook.com","10.8.0.1","TCP","54","443  >  35216 [FIN, ACK] Seq=472 Ack=473 Win=65535 Len=0"
"4151","89.796380","10.8.0.1","edge-star-shv-01-ort2.facebook.com","TCP","54","42352  >  443 [FIN, ACK] Seq=470 Ack=2644 Win=65535 Len=0"
"4152","89.796400","edge-star-shv-01-ort2.facebook.com","10.8.0.1","TCP","54","443  >  42352 [ACK] Seq=2644 Ack=471 Win=65535 Len=0"
"4153","89.796418","edge-star-shv-01-ort2.facebook.com","10.8.0.1","TCP","54","443  >  42352 [FIN, ACK] Seq=2644 Ack=471 Win=65535 Len=0"
"4154","89.796447","10.8.0.1","52.232.209.85","TCP","54","[TCP Retransmission] 57860  >  443 [FIN, ACK] Seq=1503 Ack=5633 Win=65535 Len=0"
"4155","89.796468","52.232.209.85","10.8.0.1","TCP","54","[TCP Keep-Alive] 443  >  57860 [ACK] Seq=5633 Ack=1504 Win=65535 Len=0"
"4156","89.796484","52.232.209.85","10.8.0.1","TCP","54","[TCP Retransmission] 443  >  57860 [FIN, ACK] Seq=5633 Ack=1504 Win=65535 Len=0"
"4157","89.796494","10.8.0.1","20.42.65.84","TCP","54","[TCP Retransmission] 45378  >  443 [FIN, ACK] Seq=2337 Ack=6677 Win=65535 Len=0"
"4158","89.796511","20.42.65.84","10.8.0.1","TCP","54","[TCP Keep-Alive] 443  >  45378 [ACK] Seq=6677 Ack=2338 Win=65535 Len=0"
"4159","89.796526","20.42.65.84","10.8.0.1","TCP","54","[TCP Retransmission] 443  >  45378 [FIN, ACK] Seq=6677 Ack=2338 Win=65535 Len=0"
"4160","89.796534","10.8.0.1","edge-star-shv-01-ort2.facebook.com","TCP","54","[TCP Out-Of-Order] 42352  >  443 [FIN, ACK] Seq=470 Ack=2644 Win=65535 Len=0"
"4161","89.796548","edge-star-shv-01-ort2.facebook.com","10.8.0.1","TCP","54","[TCP Keep-Alive] 443  >  42352 [ACK] Seq=2644 Ack=471 Win=65535 Len=0"
"4162","89.796564","edge-star-shv-01-ort2.facebook.com","10.8.0.1","TCP","54","[TCP Out-Of-Order] 443  >  42352 [FIN, ACK] Seq=2644 Ack=471 Win=65535 Len=0"
"4163","89.796570","10.8.0.1","edge-star-mini-shv-01-msp1.facebook.com","TCP","54","[TCP Out-Of-Order] 35216  >  443 [FIN, ACK] Seq=472 Ack=472 Win=65535 Len=0"
"4164","89.796585","edge-star-mini-shv-01-msp1.facebook.com","10.8.0.1","TCP","54","[TCP Keep-Alive] 443  >  35216 [ACK] Seq=472 Ack=473 Win=65535 Len=0"
"4165","89.796600","edge-star-mini-shv-01-msp1.facebook.com","10.8.0.1","TCP","54","[TCP Out-Of-Order] 443  >  35216 [FIN, ACK] Seq=472 Ack=473 Win=65535 Len=0"
"4166","89.796606","10.8.0.1","edge-star-mini-shv-01-msp1.facebook.com","TCP","54","[TCP Out-Of-Order] 35224  >  443 [FIN, ACK] Seq=474 Ack=472 Win=65535 Len=0"
"4167","89.796619","edge-star-mini-shv-01-msp1.facebook.com","10.8.0.1","TCP","54","[TCP Keep-Alive] 443  >  35224 [ACK] Seq=472 Ack=475 Win=65535 Len=0"
"4168","89.796633","edge-star-mini-shv-01-msp1.facebook.com","10.8.0.1","TCP","54","[TCP Out-Of-Order] 443  >  35224 [FIN, ACK] Seq=472 Ack=475 Win=65535 Len=0"
"4169","89.796640","10.8.0.1","edge-star-shv-01-ort2.facebook.com","TCP","54","[TCP Out-Of-Order] 42360  >  443 [FIN, ACK] Seq=2246 Ack=3924 Win=65535 Len=0"
"4170","89.796654","edge-star-shv-01-ort2.facebook.com","10.8.0.1","TCP","54","[TCP Keep-Alive] 443  >  42360 [ACK] Seq=3924 Ack=2247 Win=65535 Len=0"
"4171","89.796686","edge-star-shv-01-ort2.facebook.com","10.8.0.1","TCP","54","[TCP Out-Of-Order] 443  >  42360 [FIN, ACK] Seq=3924 Ack=2247 Win=65535 Len=0"
"4172","89.796695","10.8.0.1","52.232.209.85","TCP","54","[TCP Retransmission] 57860  >  443 [FIN, ACK] Seq=1503 Ack=5633 Win=65535 Len=0"
"4173","89.796705","52.232.209.85","10.8.0.1","TCP","54","[TCP Keep-Alive] 443  >  57860 [ACK] Seq=5633 Ack=1504 Win=65535 Len=0"
"4174","89.796719","52.232.209.85","10.8.0.1","TCP","54","[TCP Retransmission] 443  >  57860 [FIN, ACK] Seq=5633 Ack=1504 Win=65535 Len=0"
"4175","89.796726","10.8.0.1","20.42.65.84","TCP","54","[TCP Retransmission] 45378  >  443 [FIN, ACK] Seq=2337 Ack=6677 Win=65535 Len=0"
"4176","89.796735","20.42.65.84","10.8.0.1","TCP","54","[TCP Keep-Alive] 443  >  45378 [ACK] Seq=6677 Ack=2338 Win=65535 Len=0"
"4177","89.796749","20.42.65.84","10.8.0.1","TCP","54","[TCP Retransmission] 443  >  45378 [FIN, ACK] Seq=6677 Ack=2338 Win=65535 Len=0"
"4178","89.796756","10.8.0.1","ord37s34-in-f10.1e100.net","QUIC","83","Handshake, DCID=a3a0e1c4228f7133"
"4179","90.814237","10.8.0.1","edge-star-mini-shv-01-msp1.facebook.com","TCP","54","[TCP Retransmission] 35224  >  443 [FIN, ACK] Seq=474 Ack=472 Win=65535 Len=0"
"4180","90.814416","edge-star-mini-shv-01-msp1.facebook.com","10.8.0.1","TCP","54","[TCP Keep-Alive] 443  >  35224 [ACK] Seq=472 Ack=475 Win=65535 Len=0"
"4181","90.814456","edge-star-mini-shv-01-msp1.facebook.com","10.8.0.1","TCP","54","[TCP Retransmission] 443  >  35224 [FIN, ACK] Seq=472 Ack=475 Win=65535 Len=0"
"4182","90.814541","ord37s34-in-f10.1e100.net","10.8.0.1","TLSv1.3","78","Application Data"
"4183","90.814575","ord37s34-in-f10.1e100.net","10.8.0.1","TCP","54","443  >  59730 [FIN, ACK] Seq=6689 Ack=19056 Win=65535 Len=0"
"4184","90.814619","10.8.0.1","edge-star-mini-shv-01-msp1.facebook.com","TCP","54","[TCP Retransmission] 35216  >  443 [FIN, ACK] Seq=472 Ack=472 Win=65535 Len=0"
"4185","90.814661","edge-star-mini-shv-01-msp1.facebook.com","10.8.0.1","TCP","54","[TCP Keep-Alive] 443  >  35216 [ACK] Seq=472 Ack=473 Win=65535 Len=0"
"4186","90.814689","edge-star-mini-shv-01-msp1.facebook.com","10.8.0.1","TCP","54","[TCP Retransmission] 443  >  35216 [FIN, ACK] Seq=472 Ack=473 Win=65535 Len=0"
"4187","90.814702","10.8.0.1","edge-star-shv-01-ort2.facebook.com","TCP","54","[TCP Retransmission] 42352  >  443 [FIN, ACK] Seq=470 Ack=2644 Win=65535 Len=0"
"4188","90.814731","edge-star-shv-01-ort2.facebook.com","10.8.0.1","TCP","54","[TCP Keep-Alive] 443  >  42352 [ACK] Seq=2644 Ack=471 Win=65535 Len=0"
"4189","90.814759","edge-star-shv-01-ort2.facebook.com","10.8.0.1","TCP","54","[TCP Retransmission] 443  >  42352 [FIN, ACK] Seq=2644 Ack=471 Win=65535 Len=0"
"4190","90.814773","10.8.0.1","ord38s28-in-f10.1e100.net","QUIC","1292","Initial, DCID=7e19275beffd0efb, PKN: 1, CRYPTO, PADDING, PING, CRYPTO, CRYPTO, PADDING, PING, PING, CRYPTO, PING, PADDING, PING, PING, PADDING, PING, PADDING"
"4191","90.891546","ord38s28-in-f10.1e100.net","10.8.0.1","QUIC","1292","Initial, SCID=7e19275beffd0efb, PKN: 1, ACK, CRYPTO, PADDING"
"4192","90.891598","10.8.0.1","ord37s34-in-f10.1e100.net","TCP","74","[TCP Retransmission] 59738  >  443 [SYN] Seq=0 Win=65535 Len=0 MSS=1460 SACK_PERM=1 TSval=2022357106 TSecr=0 WS=1024"
"4193","90.892913","ord37s34-in-f10.1e100.net","10.8.0.1","TCP","54","[TCP Retransmission] 443  >  59738 [SYN, ACK] Seq=0 Ack=1 Win=65535 Len=0"
"4194","90.892941","10.8.0.1","ord37s34-in-f10.1e100.net","TCP","74","[TCP Retransmission] 59736  >  443 [SYN] Seq=0 Win=65535 Len=0 MSS=1460 SACK_PERM=1 TSval=2022357106 TSecr=0 WS=1024"
"4195","90.893698","ord37s34-in-f10.1e100.net","10.8.0.1","TCP","54","[TCP Retransmission] 443  >  59736 [SYN, ACK] Seq=0 Ack=1 Win=65535 Len=0"
"4196","90.893744","10.8.0.1","ord37s34-in-f10.1e100.net","TCP","74","[TCP Retransmission] 59734  >  443 [SYN] Seq=0 Win=65535 Len=0 MSS=1460 SACK_PERM=1 TSval=2022357106 TSecr=0 WS=1024"
"4197","90.894920","ord37s34-in-f10.1e100.net","10.8.0.1","TCP","54","[TCP Retransmission] 443  >  59734 [SYN, ACK] Seq=0 Ack=1 Win=65535 Len=0"
"4198","90.894942","10.8.0.1","lga15s46-in-f22.1e100.net","TCP","74","33758  >  443 [SYN] Seq=0 Win=65535 Len=0 MSS=1460 SACK_PERM=1 TSval=2717674734 TSecr=0 WS=1024"
"4199","90.895665","lga15s46-in-f22.1e100.net","10.8.0.1","TCP","54","443  >  33758 [SYN, ACK] Seq=0 Ack=1 Win=65535 Len=0"
"4200","90.895689","10.8.0.1","ord38s28-in-f10.1e100.net","TCP","74","47034  >  443 [SYN] Seq=0 Win=65535 Len=0 MSS=1460 SACK_PERM=1 TSval=2641993429 TSecr=0 WS=1024"
"4201","90.896404","ord38s28-in-f10.1e100.net","10.8.0.1","TCP","54","443  >  47034 [SYN, ACK] Seq=0 Ack=1 Win=65535 Len=0"
"4202","90.896424","10.8.0.1","ord38s18-in-f2.1e100.net","QUIC","1292","Initial, DCID=2775ed863580b3f8, PKN: 1, PADDING, CRYPTO, PADDING, PING, PADDING, CRYPTO, PADDING, PING, CRYPTO, CRYPTO, PADDING, PING, CRYPTO, CRYPTO, PING, PADDING"
"4203","91.021328","ord38s18-in-f2.1e100.net","10.8.0.1","QUIC","1292","Initial, SCID=2775ed863580b3f8, PKN: 1, ACK, CRYPTO, PADDING"
"4204","91.021384","10.8.0.1","edge-star-shv-01-ort2.facebook.com","TCP","54","[TCP Retransmission] 42360  >  443 [FIN, ACK] Seq=2246 Ack=3924 Win=65535 Len=0"
"4205","91.021442","edge-star-shv-01-ort2.facebook.com","10.8.0.1","TCP","54","[TCP Keep-Alive] 443  >  42360 [ACK] Seq=3924 Ack=2247 Win=65535 Len=0"
"4206","91.021461","edge-star-shv-01-ort2.facebook.com","10.8.0.1","TCP","54","[TCP Retransmission] 443  >  42360 [FIN, ACK] Seq=3924 Ack=2247 Win=65535 Len=0"
"4207","91.021490","10.8.0.1","ord38s18-in-f2.1e100.net","TCP","74","60806  >  443 [SYN] Seq=0 Win=65535 Len=0 MSS=1460 SACK_PERM=1 TSval=1357673877 TSecr=0 WS=1024"
"4208","91.022606","ord38s18-in-f2.1e100.net","10.8.0.1","TCP","54","443  >  60806 [SYN, ACK] Seq=0 Ack=1 Win=65535 Len=0"
"4209","91.022635","10.8.0.1","lga15s46-in-f22.1e100.net","TCP","74","33764  >  443 [SYN] Seq=0 Win=65535 Len=0 MSS=1460 SACK_PERM=1 TSval=2717674857 TSecr=0 WS=1024"
"4210","91.023424","lga15s46-in-f22.1e100.net","10.8.0.1","TCP","54","443  >  33764 [SYN, ACK] Seq=0 Ack=1 Win=65535 Len=0"
"4211","91.023445","10.8.0.1","ord37s34-in-f10.1e100.net","TCP","74","[TCP Retransmission] 59740  >  443 [SYN] Seq=0 Win=65535 Len=0 MSS=1460 SACK_PERM=1 TSval=2022357270 TSecr=0 WS=1024"
"4212","91.024209","ord37s34-in-f10.1e100.net","10.8.0.1","TCP","54","[TCP Retransmission] 443  >  59740 [SYN, ACK] Seq=0 Ack=1 Win=65535 Len=0"
"4213","91.024230","10.8.0.1","ord37s34-in-f10.1e100.net","TCP","54","59734  >  443 [ACK] Seq=1 Ack=1 Win=67107840 Len=0"
"4214","91.024257","10.8.0.1","ord37s34-in-f10.1e100.net","TLSv1.3","571","Client Hello"
"4215","91.024281","ord37s34-in-f10.1e100.net","10.8.0.1","TCP","54","443  >  59734 [ACK] Seq=1 Ack=518 Win=65535 Len=0"
"4216","91.024289","10.8.0.1","ord37s34-in-f10.1e100.net","TCP","54","59736  >  443 [ACK] Seq=1 Ack=1 Win=67107840 Len=0"
"4217","91.024324","10.8.0.1","ord37s34-in-f10.1e100.net","TLSv1.3","571","Client Hello"
"4218","91.024343","ord37s34-in-f10.1e100.net","10.8.0.1","TCP","54","443  >  59736 [ACK] Seq=1 Ack=518 Win=65535 Len=0"
"4219","91.024350","10.8.0.1","ord37s34-in-f10.1e100.net","TCP","54","59738  >  443 [ACK] Seq=1 Ack=1 Win=67107840 Len=0"
"4220","91.024373","10.8.0.1","ord37s34-in-f10.1e100.net","TLSv1.3","571","Client Hello"
"4221","91.024390","ord37s34-in-f10.1e100.net","10.8.0.1","TCP","54","443  >  59738 [ACK] Seq=1 Ack=518 Win=65535 Len=0"
"4222","91.024398","10.8.0.1","151.101.194.133","TCP","74","46216  >  443 [SYN] Seq=0 Win=65535 Len=0 MSS=1460 SACK_PERM=1 TSval=616401720 TSecr=0 WS=1024"
"4223","91.025161","151.101.194.133","10.8.0.1","TCP","54","443  >  46216 [SYN, ACK] Seq=0 Ack=1 Win=65535 Len=0"
"4224","91.025213","10.8.0.1","20.42.65.84","TCP","54","45378  >  443 [ACK] Seq=2338 Ack=6678 Win=65535 Len=0"
"4225","91.025222","10.8.0.1","52.232.209.85","TCP","54","57860  >  443 [ACK] Seq=1504 Ack=5634 Win=65535 Len=0"
"4226","91.025228","10.8.0.1","ord37s34-in-f10.1e100.net","TCP","54","59740  >  443 [ACK] Seq=1 Ack=1 Win=67107840 Len=0"
"4227","91.025235","10.8.0.1","edge-star-mini-shv-01-msp1.facebook.com","TCP","54","35224  >  443 [ACK] Seq=475 Ack=473 Win=65535 Len=0"
"4228","91.025242","10.8.0.1","ord37s34-in-f10.1e100.net","TLSv1.3","571","Client Hello"
"4229","91.025266","ord37s34-in-f10.1e100.net","10.8.0.1","TCP","54","443  >  59740 [ACK] Seq=1 Ack=518 Win=65535 Len=0"
"4230","91.025272","10.8.0.1","edge-star-shv-01-ort2.facebook.com","TCP","54","42360  >  443 [ACK] Seq=2247 Ack=3925 Win=65535 Len=0"
"4231","91.025278","10.8.0.1","edge-star-mini-shv-01-msp1.facebook.com","TCP","54","35216  >  443 [ACK] Seq=473 Ack=473 Win=65535 Len=0"
"4232","91.025282","10.8.0.1","edge-star-shv-01-ort2.facebook.com","TCP","54","42352  >  443 [ACK] Seq=471 Ack=2645 Win=65535 Len=0"
"4233","91.025287","10.8.0.1","52.232.209.85","TCP","54","[TCP Dup ACK 4225#1] 57860  >  443 [ACK] Seq=1504 Ack=5634 Win=65535 Len=0"
"4234","91.025292","10.8.0.1","52.232.209.85","TCP","54","[TCP Dup ACK 4225#2] 57860  >  443 [ACK] Seq=1504 Ack=5634 Win=65535 Len=0"
"4235","91.025298","10.8.0.1","20.42.65.84","TCP","54","[TCP Dup ACK 4224#1] 45378  >  443 [ACK] Seq=2338 Ack=6678 Win=65535 Len=0"
"4236","91.025303","10.8.0.1","20.42.65.84","TCP","54","[TCP Dup ACK 4224#2] 45378  >  443 [ACK] Seq=2338 Ack=6678 Win=65535 Len=0"
"4237","91.025308","10.8.0.1","edge-star-shv-01-ort2.facebook.com","TCP","54","[TCP Dup ACK 4232#1] 42352  >  443 [ACK] Seq=471 Ack=2645 Win=65535 Len=0"
"4238","91.025314","10.8.0.1","edge-star-shv-01-ort2.facebook.com","TCP","54","[TCP Dup ACK 4232#2] 42352  >  443 [ACK] Seq=471 Ack=2645 Win=65535 Len=0"
"4239","91.025351","10.8.0.1","edge-star-mini-shv-01-msp1.facebook.com","TCP","54","[TCP Dup ACK 4231#1] 35216  >  443 [ACK] Seq=473 Ack=473 Win=65535 Len=0"
"4240","91.025357","10.8.0.1","edge-star-mini-shv-01-msp1.facebook.com","TCP","54","[TCP Dup ACK 4231#2] 35216  >  443 [ACK] Seq=473 Ack=473 Win=65535 Len=0"
"4241","91.025362","10.8.0.1","edge-star-mini-shv-01-msp1.facebook.com","TCP","54","[TCP Dup ACK 4227#1] 35224  >  443 [ACK] Seq=475 Ack=473 Win=65535 Len=0"
"4242","91.025367","10.8.0.1","edge-star-mini-shv-01-msp1.facebook.com","TCP","54","[TCP Dup ACK 4227#2] 35224  >  443 [ACK] Seq=475 Ack=473 Win=65535 Len=0"
"4243","91.025385","10.8.0.1","edge-star-shv-01-ort2.facebook.com","TCP","54","[TCP Dup ACK 4230#1] 42360  >  443 [ACK] Seq=2247 Ack=3925 Win=65535 Len=0"
"4244","91.025391","10.8.0.1","edge-star-shv-01-ort2.facebook.com","TCP","54","[TCP Dup ACK 4230#2] 42360  >  443 [ACK] Seq=2247 Ack=3925 Win=65535 Len=0"
"4245","91.025396","10.8.0.1","52.232.209.85","TCP","54","[TCP Dup ACK 4225#3] 57860  >  443 [ACK] Seq=1504 Ack=5634 Win=65535 Len=0"
"4246","91.025401","10.8.0.1","20.42.65.84","TCP","54","[TCP Dup ACK 4224#3] 45378  >  443 [ACK] Seq=2338 Ack=6678 Win=65535 Len=0"
"4247","91.025408","10.8.0.1","ord38s28-in-f10.1e100.net","QUIC","1292","Initial, DCID=7e19275beffd0efb, PKN: 3, PING, PING, CRYPTO, PADDING, CRYPTO, PADDING, PING, CRYPTO, CRYPTO, PADDING, PING, PING, PADDING, PING"
"4248","92.030120","10.8.0.1","ord38s28-in-f10.1e100.net","TCP","74","47050  >  443 [SYN] Seq=0 Win=65535 Len=0 MSS=1460 SACK_PERM=1 TSval=2641993683 TSecr=0 WS=1024"
"4249","92.031563","ord38s28-in-f10.1e100.net","10.8.0.1","TCP","54","443  >  47050 [SYN, ACK] Seq=0 Ack=1 Win=65535 Len=0"
"4250","92.031691","ord37s34-in-f10.1e100.net","10.8.0.1","TLSv1.3","4734","Server Hello, Change Cipher Spec, Application Data"
"4251","92.031753","ord37s34-in-f10.1e100.net","10.8.0.1","TLSv1.3","4735","Server Hello, Change Cipher Spec, Application Data"
"4252","92.031796","ord37s34-in-f10.1e100.net","10.8.0.1","TLSv1.3","4734","Server Hello, Change Cipher Spec, Application Data"
"4253","92.031817","10.8.0.1","edge-star-shv-01-ort2.facebook.com","TCP","74","42612  >  443 [SYN] Seq=0 Win=65535 Len=0 MSS=1460 SACK_PERM=1 TSval=1359058535 TSecr=0 WS=1024"
"4254","92.032982","edge-star-shv-01-ort2.facebook.com","10.8.0.1","TCP","54","443  >  42612 [SYN, ACK] Seq=0 Ack=1 Win=65535 Len=0"
"4255","92.033008","10.8.0.1","edge-star-mini-shv-01-msp1.facebook.com","TCP","74","35474  >  443 [SYN] Seq=0 Win=65535 Len=0 MSS=1460 SACK_PERM=1 TSval=2704009096 TSecr=0 WS=1024"
"4256","92.034045","edge-star-mini-shv-01-msp1.facebook.com","10.8.0.1","TCP","54","443  >  35474 [SYN, ACK] Seq=0 Ack=1 Win=65535 Len=0"
"4257","92.034072","10.8.0.1","edge-star-shv-01-ort2.facebook.com","QUIC","1274","Initial, DCID=81aa7850fbcafd90, PKN: 7375626, CRYPTO, PADDING"
"4258","92.150436","edge-star-shv-01-ort2.facebook.com","10.8.0.1","QUIC","1274","Initial, SCID=6ef30e040fc44d2b, PKN: 4062949, ACK, PADDING"
"4259","92.150497","10.8.0.1","ord38s18-in-f2.1e100.net","TCP","74","60826  >  443 [SYN] Seq=0 Win=65535 Len=0 MSS=1460 SACK_PERM=1 TSval=1357674131 TSecr=0 WS=1024"
"4260","92.152376","ord38s18-in-f2.1e100.net","10.8.0.1","TCP","54","443  >  60826 [SYN, ACK] Seq=0 Ack=1 Win=65535 Len=0"
"4261","92.152513","ord37s34-in-f10.1e100.net","10.8.0.1","TLSv1.3","4734","Server Hello, Change Cipher Spec, Application Data"
"4262","92.152561","10.8.0.1","edge-star-shv-01-ort2.facebook.com","TCP","74","42618  >  443 [SYN] Seq=0 Win=65535 Len=0 MSS=1460 SACK_PERM=1 TSval=1359058550 TSecr=0 WS=1024"
"4263","92.154482","edge-star-shv-01-ort2.facebook.com","10.8.0.1","TCP","54","443  >  42618 [SYN, ACK] Seq=0 Ack=1 Win=65535 Len=0"
"4264","92.154516","10.8.0.1","edge-star-mini-shv-01-msp1.facebook.com","TCP","74","35480  >  443 [SYN] Seq=0 Win=65535 Len=0 MSS=1460 SACK_PERM=1 TSval=2704009108 TSecr=0 WS=1024"
"4265","92.155663","edge-star-mini-shv-01-msp1.facebook.com","10.8.0.1","TCP","54","443  >  35480 [SYN, ACK] Seq=0 Ack=1 Win=65535 Len=0"
"4266","92.155695","10.8.0.1","ord38s18-in-f2.1e100.net","QUIC","1292","Initial, DCID=2775ed863580b3f8, PKN: 3, PADDING, CRYPTO, PADDING, PING, PING, CRYPTO, PING, PADDING, PING, PADDING, CRYPTO, PING, PADDING, PING, CRYPTO, PING, PADDING"
"4267","93.182107","10.8.0.1","ord37s34-in-f10.1e100.net","TLSv1.3","571","[TCP Spurious Retransmission] , Client Hello"
"4268","93.182236","ord37s34-in-f10.1e100.net","10.8.0.1","TCP","54","443  >  59734 [ACK] Seq=1 Ack=518 Win=65535 Len=0"
"4269","93.182306","10.8.0.1","ord37s34-in-f10.1e100.net","TLSv1.3","571","[TCP Spurious Retransmission] , Client Hello"
"4270","93.182335","ord37s34-in-f10.1e100.net","10.8.0.1","TCP","54","443  >  59736 [ACK] Seq=1 Ack=518 Win=65535 Len=0"
"4271","93.182425","10.8.0.1","ord37s34-in-f10.1e100.net","TLSv1.3","571","[TCP Spurious Retransmission] , Client Hello"
"4272","93.182457","ord37s34-in-f10.1e100.net","10.8.0.1","TCP","54","443  >  59738 [ACK] Seq=1 Ack=518 Win=65535 Len=0"
"4273","93.182491","10.8.0.1","edge-star-shv-01-ort2.facebook.com","QUIC","1274","Initial, DCID=81aa7850fbcafd90, PKN: 7375628, CRYPTO, PADDING"
"4274","93.283251","edge-star-shv-01-ort2.facebook.com","10.8.0.1","QUIC","1274","Initial, SCID=6b43c1d43728fd61, PKN: 1719968, ACK, PADDING"
"4275","93.283393","10.8.0.1","ord37s34-in-f10.1e100.net","TLSv1.3","571","[TCP Spurious Retransmission] , Client Hello"
"4276","93.283448","ord37s34-in-f10.1e100.net","10.8.0.1","TCP","54","443  >  59740 [ACK] Seq=1 Ack=518 Win=65535 Len=0"
"4277","93.283484","ord37s34-in-f10.1e100.net","10.8.0.1","TCP","78","[TCP Retransmission] 443  >  59734 [PSH, ACK] Seq=1 Ack=518 Win=65535 Len=24"
"4278","93.283501","ord37s34-in-f10.1e100.net","10.8.0.1","TCP","54","[TCP Retransmission] 443  >  59734 [FIN, ACK] Seq=25 Ack=518 Win=65535 Len=0"
"4279","93.283551","ord37s34-in-f10.1e100.net","10.8.0.1","TCP","78","[TCP Retransmission] 443  >  59736 [PSH, ACK] Seq=1 Ack=518 Win=65535 Len=24"
"4280","93.283567","ord37s34-in-f10.1e100.net","10.8.0.1","TCP","54","[TCP Retransmission] 443  >  59736 [FIN, ACK] Seq=25 Ack=518 Win=65535 Len=0"
"4281","93.283585","10.8.0.1","151.101.129.35","TCP","74","53826  >  443 [SYN] Seq=0 Win=65535 Len=0 MSS=1460 SACK_PERM=1 TSval=3251590240 TSecr=0 WS=1024"
"4282","93.286133","151.101.129.35","10.8.0.1","TCP","54","443  >  53826 [SYN, ACK] Seq=0 Ack=1 Win=65535 Len=0"
"4283","93.286214","10.8.0.1","18.92.106.34.bc.googleusercontent.com","TCP","74","50004  >  443 [SYN] Seq=0 Win=65535 Len=0 MSS=1460 SACK_PERM=1 TSval=1311972845 TSecr=0 WS=1024"
"4284","93.287071","18.92.106.34.bc.googleusercontent.com","10.8.0.1","TCP","54","443  >  50004 [SYN, ACK] Seq=0 Ack=1 Win=65535 Len=0"
"4285","93.287093","10.8.0.1","151.101.65.35","TCP","74","53124  >  443 [SYN] Seq=0 Win=65535 Len=0 MSS=1460 SACK_PERM=1 TSval=2769571478 TSecr=0 WS=1024"
"4286","93.291199","151.101.65.35","10.8.0.1","TCP","54","443  >  53124 [SYN, ACK] Seq=0 Ack=1 Win=65535 Len=0"
"4287","93.291238","10.8.0.1","151.101.65.35","TCP","74","53126  >  443 [SYN] Seq=0 Win=65535 Len=0 MSS=1460 SACK_PERM=1 TSval=2769571479 TSecr=0 WS=1024"
"4288","93.292174","151.101.65.35","10.8.0.1","TCP","54","443  >  53126 [SYN, ACK] Seq=0 Ack=1 Win=65535 Len=0"
"4289","93.292206","10.8.0.1","ccg12-origin-api-1.paypal.com","TCP","74","40178  >  443 [SYN] Seq=0 Win=65535 Len=0 MSS=1460 SACK_PERM=1 TSval=1729109427 TSecr=0 WS=1024"
"4290","93.293113","ccg12-origin-api-1.paypal.com","10.8.0.1","TCP","54","443  >  40178 [SYN, ACK] Seq=0 Ack=1 Win=65535 Len=0"
"4291","93.293140","10.8.0.1","151.101.65.35","TCP","74","53130  >  443 [SYN] Seq=0 Win=65535 Len=0 MSS=1460 SACK_PERM=1 TSval=2769571538 TSecr=0 WS=1024"
"4292","93.294075","151.101.65.35","10.8.0.1","TCP","54","443  >  53130 [SYN, ACK] Seq=0 Ack=1 Win=65535 Len=0"
"4293","93.294104","10.8.0.1","edge-star-shv-01-ort2.facebook.com","QUIC","1274","Initial, DCID=81aa7850fbcafd90, PKN: 7375630, CRYPTO, PADDING"
"4294","93.370364","edge-star-shv-01-ort2.facebook.com","10.8.0.1","QUIC","1274","Initial, SCID=44b001d1f7d533d9, PKN: 8967495, ACK, PADDING"
"4295","93.370427","10.8.0.1","104.16.53.111","TCP","74","43042  >  443 [SYN] Seq=0 Win=65535 Len=0 MSS=1460 SACK_PERM=1 TSval=4039444065 TSecr=0 WS=1024"
"4296","93.372124","104.16.53.111","10.8.0.1","TCP","54","443  >  43042 [SYN, ACK] Seq=0 Ack=1 Win=65535 Len=0"
"4297","93.372214","ord37s34-in-f10.1e100.net","10.8.0.1","TCP","78","[TCP Retransmission] 443  >  59738 [PSH, ACK] Seq=1 Ack=518 Win=65535 Len=24"
"4298","93.372246","ord37s34-in-f10.1e100.net","10.8.0.1","TCP","78","[TCP Retransmission] 443  >  59740 [PSH, ACK] Seq=1 Ack=518 Win=65535 Len=24"
"4299","93.372262","10.8.0.1","edge-star-shv-01-ort2.facebook.com","TCP","74","42636  >  443 [SYN] Seq=0 Win=65535 Len=0 MSS=1460 SACK_PERM=1 TSval=1359058908 TSecr=0 WS=1024"
"4300","93.373459","edge-star-shv-01-ort2.facebook.com","10.8.0.1","TCP","54","443  >  42636 [SYN, ACK] Seq=0 Ack=1 Win=65535 Len=0"
"4301","93.373489","10.8.0.1","edge-star-shv-01-ort2.facebook.com","TCP","74","42638  >  443 [SYN] Seq=0 Win=65535 Len=0 MSS=1460 SACK_PERM=1 TSval=1359058912 TSecr=0 WS=1024"
"4302","93.375691","edge-star-shv-01-ort2.facebook.com","10.8.0.1","TCP","54","443  >  42638 [SYN, ACK] Seq=0 Ack=1 Win=65535 Len=0"
"4303","93.375742","10.8.0.1","edge-star-shv-01-ort2.facebook.com","TCP","74","42640  >  443 [SYN] Seq=0 Win=65535 Len=0 MSS=1460 SACK_PERM=1 TSval=1359058947 TSecr=0 WS=1024"
"4304","93.384798","edge-star-shv-01-ort2.facebook.com","10.8.0.1","TCP","54","443  >  42640 [SYN, ACK] Seq=0 Ack=1 Win=65535 Len=0"
"4305","93.384897","10.8.0.1","211.201.186.35.bc.googleusercontent.com","TCP","74","33946  >  443 [SYN] Seq=0 Win=65535 Len=0 MSS=1460 SACK_PERM=1 TSval=2093328153 TSecr=0 WS=1024"
"4306","93.388025","211.201.186.35.bc.googleusercontent.com","10.8.0.1","TCP","54","443  >  33946 [SYN, ACK] Seq=0 Ack=1 Win=65535 Len=0"
"4307","93.388073","10.8.0.1","ord37s34-in-f10.1e100.net","TLSv1.3","571","[TCP Spurious Retransmission] , Client Hello"
"4308","93.388108","ord37s34-in-f10.1e100.net","10.8.0.1","TCP","54","443  >  59738 [ACK] Seq=1 Ack=518 Win=65535 Len=0"
"4309","93.388134","ord37s34-in-f10.1e100.net","10.8.0.1","TCP","54","[TCP Retransmission] 443  >  59738 [FIN, ACK] Seq=1 Ack=518 Win=65535 Len=0"
"4310","93.388237","10.8.0.1","ord37s34-in-f10.1e100.net","TLSv1.3","571","[TCP Spurious Retransmission] , Client Hello"
"4311","93.388265","10.8.0.1","ord37s34-in-f10.1e100.net","TLSv1.3","571","[TCP Spurious Retransmission] , Client Hello"
"4312","93.388273","10.8.0.1","ord37s34-in-f10.1e100.net","QUIC","169","Handshake, DCID=a3a0e1c4228f7133"
"4313","94.398191","10.8.0.1","ord38s28-in-f10.1e100.net","QUIC","1292","Initial, DCID=7e19275beffd0efb, PKN: 5, CRYPTO, PING, CRYPTO, CRYPTO, CRYPTO, CRYPTO, PADDING, CRYPTO, PADDING, CRYPTO, CRYPTO, PADDING, CRYPTO, PADDING, CRYPTO, CRYPTO, PADDING"
"4314","94.472465","ord38s28-in-f10.1e100.net","10.8.0.1","QUIC","136","Initial, SCID=7e19275beffd0efb, PKN: 6, CC"
"4315","94.472627","ord37s34-in-f10.1e100.net","10.8.0.1","TCP","54","[TCP Retransmission] 443  >  59740 [FIN, ACK] Seq=25 Ack=518 Win=65535 Len=0"
"4316","94.472829","10.8.0.1","ord37s34-in-f10.1e100.net","TLSv1.3","571","[TCP Spurious Retransmission] , Client Hello"
"4317","94.472856","10.8.0.1","ord38s18-in-f2.1e100.net","QUIC","1292","Initial, DCID=2775ed863580b3f8, PKN: 5, PADDING, CRYPTO, CRYPTO, PADDING, CRYPTO, CRYPTO, CRYPTO, CRYPTO, CRYPTO, PADDING, CRYPTO, PADDING, CRYPTO, PADDING"
"4318","94.546451","ord38s18-in-f2.1e100.net","10.8.0.1","QUIC","136","Initial, SCID=2775ed863580b3f8, PKN: 12, CC"
"4319","94.546529","10.8.0.1","ord37s34-in-f10.1e100.net","TCP","74","59794  >  443 [SYN] Seq=0 Win=65535 Len=0 MSS=1460 SACK_PERM=1 TSval=2022358079 TSecr=0 WS=1024"
"4320","94.548937","ord37s34-in-f10.1e100.net","10.8.0.1","TCP","54","443  >  59794 [SYN, ACK] Seq=0 Ack=1 Win=65535 Len=0"
"4321","94.548996","10.8.0.1","edge-star-shv-01-ort2.facebook.com","QUIC","1274","Initial, DCID=81aa7850fbcafd90, PKN: 7375632, CRYPTO, PADDING"
"4322","94.611556","edge-star-shv-01-ort2.facebook.com","10.8.0.1","QUIC","1274","Initial, SCID=6b68c7c5fffffaf4, PKN: 10802325, ACK, PADDING"
"4323","94.611645","10.8.0.1","ord38s28-in-f10.1e100.net","TCP","74","[TCP Retransmission] 47034  >  443 [SYN] Seq=0 Win=65535 Len=0 MSS=1460 SACK_PERM=1 TSval=2641994449 TSecr=0 WS=1024"
"4324","94.614094","ord38s28-in-f10.1e100.net","10.8.0.1","TCP","54","[TCP Retransmission] 443  >  47034 [SYN, ACK] Seq=0 Ack=1 Win=65535 Len=0"
"4325","94.614167","10.8.0.1","lga15s46-in-f22.1e100.net","TCP","74","[TCP Retransmission] 33758  >  443 [SYN] Seq=0 Win=65535 Len=0 MSS=1460 SACK_PERM=1 TSval=2717675756 TSecr=0 WS=1024"
"4326","94.616360","lga15s46-in-f22.1e100.net","10.8.0.1","TCP","54","[TCP Retransmission] 443  >  33758 [SYN, ACK] Seq=0 Ack=1 Win=65535 Len=0"
"4327","94.616414","10.8.0.1","ord38s18-in-f2.1e100.net","TCP","74","[TCP Retransmission] 60806  >  443 [SYN] Seq=0 Win=65535 Len=0 MSS=1460 SACK_PERM=1 TSval=1357674901 TSecr=0 WS=1024"
"4328","94.618578","ord38s18-in-f2.1e100.net","10.8.0.1","TCP","54","[TCP Retransmission] 443  >  60806 [SYN, ACK] Seq=0 Ack=1 Win=65535 Len=0"
"4329","94.618628","10.8.0.1","20.42.65.89","TCP","74","40372  >  443 [SYN] Seq=0 Win=65535 Len=0 MSS=1460 SACK_PERM=1 TSval=1074432236 TSecr=0 WS=1024"
"4330","94.620407","20.42.65.89","10.8.0.1","TCP","54","443  >  40372 [SYN, ACK] Seq=0 Ack=1 Win=65535 Len=0"
"4331","94.620448","10.8.0.1","lga15s46-in-f22.1e100.net","TCP","74","[TCP Retransmission] 33764  >  443 [SYN] Seq=0 Win=65535 Len=0 MSS=1460 SACK_PERM=1 TSval=2717675884 TSecr=0 WS=1024"
"4332","94.622400","lga15s46-in-f22.1e100.net","10.8.0.1","TCP","54","[TCP Retransmission] 443  >  33764 [SYN, ACK] Seq=0 Ack=1 Win=65535 Len=0"
"4333","94.622441","10.8.0.1","151.101.194.133","TCP","74","[TCP Retransmission] 46216  >  443 [SYN] Seq=0 Win=65535 Len=0 MSS=1460 SACK_PERM=1 TSval=616402738 TSecr=0 WS=1024"
"4334","94.624217","151.101.194.133","10.8.0.1","TCP","54","[TCP Retransmission] 443  >  46216 [SYN, ACK] Seq=0 Ack=1 Win=65535 Len=0"
"4335","94.624255","10.8.0.1","edge-star-mini-shv-01-msp1.facebook.com","TCP","54","[TCP Dup ACK 4227#3] 35224  >  443 [ACK] Seq=475 Ack=473 Win=65535 Len=0"
"4336","94.624271","10.8.0.1","edge-star-mini-shv-01-msp1.facebook.com","TCP","54","[TCP Dup ACK 4227#4] 35224  >  443 [ACK] Seq=475 Ack=473 Win=65535 Len=0"
"4337","94.624286","10.8.0.1","edge-star-mini-shv-01-msp1.facebook.com","TCP","54","[TCP Dup ACK 4231#3] 35216  >  443 [ACK] Seq=473 Ack=473 Win=65535 Len=0"
"4338","94.624329","10.8.0.1","edge-star-mini-shv-01-msp1.facebook.com","TCP","54","[TCP Dup ACK 4231#4] 35216  >  443 [ACK] Seq=473 Ack=473 Win=65535 Len=0"
"4339","94.624343","10.8.0.1","edge-star-shv-01-ort2.facebook.com","TCP","54","[TCP Dup ACK 4232#3] 42352  >  443 [ACK] Seq=471 Ack=2645 Win=65535 Len=0"
"4340","94.624358","10.8.0.1","edge-star-shv-01-ort2.facebook.com","TCP","54","[TCP Dup ACK 4232#4] 42352  >  443 [ACK] Seq=471 Ack=2645 Win=65535 Len=0"
"4341","94.624373","10.8.0.1","ord37s34-in-f10.1e100.net","TLSv1.3","123","Application Data"
"4342","94.624386","10.8.0.1","ord37s34-in-f10.1e100.net","TCP","54","59730  >  443 [FIN, ACK] Seq=19125 Ack=6690 Win=65535 Len=0"
"4343","94.624621","ord37s34-in-f10.1e100.net","10.8.0.1","TCP","54","443  >  59730 [ACK] Seq=6690 Ack=19126 Win=65535 Len=0"
"4344","94.624719","ord37s34-in-f10.1e100.net","10.8.0.1","TCP","54","443  >  59730 [FIN, ACK] Seq=6690 Ack=19126 Win=65535 Len=0"
"4345","94.624745","10.8.0.1","edge-star-mini-shv-01-msp1.facebook.com","TCP","74","[TCP Retransmission] 35474  >  443 [SYN] Seq=0 Win=65535 Len=0 MSS=1460 SACK_PERM=1 TSval=2704010099 TSecr=0 WS=1024"
"4346","94.625984","edge-star-mini-shv-01-msp1.facebook.com","10.8.0.1","TCP","54","[TCP Retransmission] 443  >  35474 [SYN, ACK] Seq=0 Ack=1 Win=65535 Len=0"
"4347","94.626009","10.8.0.1","ord38s28-in-f10.1e100.net","TCP","74","[TCP Retransmission] 47050  >  443 [SYN] Seq=0 Win=65535 Len=0 MSS=1460 SACK_PERM=1 TSval=2641994705 TSecr=0 WS=1024"
"4348","94.627569","ord38s28-in-f10.1e100.net","10.8.0.1","TCP","54","[TCP Retransmission] 443  >  47050 [SYN, ACK] Seq=0 Ack=1 Win=65535 Len=0"
"4349","94.627600","10.8.0.1","edge-star-shv-01-ort2.facebook.com","TCP","74","[TCP Retransmission] 42612  >  443 [SYN] Seq=0 Win=65535 Len=0 MSS=1460 SACK_PERM=1 TSval=1359059543 TSecr=0 WS=1024"
"4350","94.629237","edge-star-shv-01-ort2.facebook.com","10.8.0.1","TCP","54","[TCP Retransmission] 443  >  42612 [SYN, ACK] Seq=0 Ack=1 Win=65535 Len=0"
"4351","94.629274","10.8.0.1","edge-star-mini-shv-01-msp1.facebook.com","TCP","74","[TCP Retransmission] 35480  >  443 [SYN] Seq=0 Win=65535 Len=0 MSS=1460 SACK_PERM=1 TSval=2704010131 TSecr=0 WS=1024"
"4352","94.630735","edge-star-mini-shv-01-msp1.facebook.com","10.8.0.1","TCP","54","[TCP Retransmission] 443  >  35480 [SYN, ACK] Seq=0 Ack=1 Win=65535 Len=0"
"4353","94.630776","10.8.0.1","ord38s18-in-f2.1e100.net","TCP","74","[TCP Retransmission] 60826  >  443 [SYN] Seq=0 Win=65535 Len=0 MSS=1460 SACK_PERM=1 TSval=1357675157 TSecr=0 WS=1024"
"4354","94.632543","ord38s18-in-f2.1e100.net","10.8.0.1","TCP","54","[TCP Retransmission] 443  >  60826 [SYN, ACK] Seq=0 Ack=1 Win=65535 Len=0"
"4355","94.632581","10.8.0.1","edge-star-shv-01-ort2.facebook.com","TCP","74","[TCP Retransmission] 42618  >  443 [SYN] Seq=0 Win=65535 Len=0 MSS=1460 SACK_PERM=1 TSval=1359059575 TSecr=0 WS=1024"
"4356","94.634389","edge-star-shv-01-ort2.facebook.com","10.8.0.1","TCP","54","[TCP Retransmission] 443  >  42618 [SYN, ACK] Seq=0 Ack=1 Win=65535 Len=0"
"4357","94.634444","10.8.0.1","ord37s34-in-f10.1e100.net","TCP","54","[TCP Dup ACK 4219#1] 59738  >  443 [ACK] Seq=518 Ack=1 Win=67107840 Len=0"
"4358","94.634468","10.8.0.1","ord37s34-in-f10.1e100.net","TCP","54","[TCP Dup ACK 4216#1] 59736  >  443 [ACK] Seq=518 Ack=1 Win=67107840 Len=0"
"4359","94.634487","10.8.0.1","ord37s34-in-f10.1e100.net","TCP","54","[TCP Dup ACK 4213#1] 59734  >  443 [ACK] Seq=518 Ack=1 Win=67107840 Len=0"
"4360","94.634504","10.8.0.1","lga15s46-in-f22.1e100.net","TCP","54","33758  >  443 [ACK] Seq=1 Ack=1 Win=67107840 Len=0"
"4361","94.634527","10.8.0.1","ord38s28-in-f10.1e100.net","TCP","54","47034  >  443 [ACK] Seq=1 Ack=1 Win=67107840 Len=0"
"4362","94.634549","10.8.0.1","lga15s46-in-f22.1e100.net","TLSv1.3","571","Client Hello"
"4363","94.634610","lga15s46-in-f22.1e100.net","10.8.0.1","TCP","54","443  >  33758 [ACK] Seq=1 Ack=518 Win=65535 Len=0"
"4364","94.634631","10.8.0.1","ord38s28-in-f10.1e100.net","TLSv1.3","571","Client Hello"
"4365","94.634675","ord38s28-in-f10.1e100.net","10.8.0.1","TCP","54","443  >  47034 [ACK] Seq=1 Ack=518 Win=65535 Len=0"
"4366","94.634696","10.8.0.1","ord38s28-in-f10.1e100.net","QUIC","1292","Initial, DCID=7e19275beffd0efb, PKN: 6, ACK, PADDING"
"4367","94.703605","ord38s28-in-f10.1e100.net","10.8.0.1","QUIC","136","Initial, SCID=7e19275beffd0efb, PKN: 6, CC"
"4368","94.703682","10.8.0.1","edge-star-shv-01-ort2.facebook.com","TCP","54","[TCP Dup ACK 4230#3] 42360  >  443 [ACK] Seq=2247 Ack=3925 Win=65535 Len=0"
"4369","94.703853","10.8.0.1","edge-star-shv-01-ort2.facebook.com","TCP","54","[TCP Dup ACK 4230#4] 42360  >  443 [ACK] Seq=2247 Ack=3925 Win=65535 Len=0"
"4370","94.703869","10.8.0.1","ord38s18-in-f2.1e100.net","TCP","54","60806  >  443 [ACK] Seq=1 Ack=1 Win=67107840 Len=0"
"4371","94.703882","10.8.0.1","lga15s46-in-f22.1e100.net","TCP","54","33764  >  443 [ACK] Seq=1 Ack=1 Win=67107840 Len=0"
"4372","94.703896","10.8.0.1","ord38s18-in-f2.1e100.net","TLSv1.3","571","Client Hello"
"4373","94.703946","ord38s18-in-f2.1e100.net","10.8.0.1","TCP","54","443  >  60806 [ACK] Seq=1 Ack=518 Win=65535 Len=0"
"4374","94.703960","10.8.0.1","ord37s34-in-f10.1e100.net","TCP","54","[TCP Dup ACK 4226#1] 59740  >  443 [ACK] Seq=518 Ack=1 Win=67107840 Len=0"
"4375","94.703998","10.8.0.1","lga15s46-in-f22.1e100.net","TLSv1.3","571","Client Hello"
"4376","94.704031","lga15s46-in-f22.1e100.net","10.8.0.1","TCP","54","443  >  33764 [ACK] Seq=1 Ack=518 Win=65535 Len=0"
"4377","94.704046","10.8.0.1","ord38s18-in-f2.1e100.net","QUIC","1292","Initial, DCID=2775ed863580b3f8, PKN: 6, ACK, PADDING"
"4378","94.772528","ord38s18-in-f2.1e100.net","10.8.0.1","QUIC","136","Initial, SCID=2775ed863580b3f8, PKN: 12, CC"
"4379","94.772734","10.8.0.1","151.101.194.133","TCP","54","46216  >  443 [ACK] Seq=1 Ack=1 Win=67107840 Len=0"
"4380","94.772766","10.8.0.1","18.92.106.34.bc.googleusercontent.com","TCP","74","[TCP Retransmission] 50004  >  443 [SYN] Seq=0 Win=65535 Len=0 MSS=1460 SACK_PERM=1 TSval=1311973865 TSecr=0 WS=1024"
"4381","94.775184","18.92.106.34.bc.googleusercontent.com","10.8.0.1","TCP","54","[TCP Retransmission] 443  >  50004 [SYN, ACK] Seq=0 Ack=1 Win=65535 Len=0"
"4382","94.775234","10.8.0.1","151.101.65.35","TCP","74","[TCP Retransmission] 53126  >  443 [SYN] Seq=0 Win=65535 Len=0 MSS=1460 SACK_PERM=1 TSval=2769572490 TSecr=0 WS=1024"
"4383","94.777255","151.101.65.35","10.8.0.1","TCP","54","[TCP Retransmission] 443  >  53126 [SYN, ACK] Seq=0 Ack=1 Win=65535 Len=0"
"4384","94.777326","10.8.0.1","151.101.65.35","TCP","74","[TCP Retransmission] 53124  >  443 [SYN] Seq=0 Win=65535 Len=0 MSS=1460 SACK_PERM=1 TSval=2769572490 TSecr=0 WS=1024"
"4385","94.779457","151.101.65.35","10.8.0.1","TCP","54","[TCP Retransmission] 443  >  53124 [SYN, ACK] Seq=0 Ack=1 Win=65535 Len=0"
"4386","94.779500","10.8.0.1","151.101.129.35","TCP","74","[TCP Retransmission] 53826  >  443 [SYN] Seq=0 Win=65535 Len=0 MSS=1460 SACK_PERM=1 TSval=3251591260 TSecr=0 WS=1024"
"4387","94.781527","151.101.129.35","10.8.0.1","TCP","54","[TCP Retransmission] 443  >  53826 [SYN, ACK] Seq=0 Ack=1 Win=65535 Len=0"
"4388","94.781571","10.8.0.1","ord38s28-in-f10.1e100.net","TLSv1.3","571","[TCP Spurious Retransmission] , Client Hello"
"4389","94.781627","ord38s28-in-f10.1e100.net","10.8.0.1","TCP","54","[TCP Dup ACK 4365#1] 443  >  47034 [ACK] Seq=1 Ack=518 Win=65535 Len=0"
"4390","94.781650","10.8.0.1","ccg12-origin-api-1.paypal.com","TCP","74","[TCP Retransmission] 40178  >  443 [SYN] Seq=0 Win=65535 Len=0 MSS=1460 SACK_PERM=1 TSval=1729110446 TSecr=0 WS=1024"
"4391","94.783719","ccg12-origin-api-1.paypal.com","10.8.0.1","TCP","54","[TCP Retransmission] 443  >  40178 [SYN, ACK] Seq=0 Ack=1 Win=65535 Len=0"
"4392","94.783791","10.8.0.1","151.101.65.35","TCP","74","[TCP Retransmission] 53130  >  443 [SYN] Seq=0 Win=65535 Len=0 MSS=1460 SACK_PERM=1 TSval=2769572550 TSecr=0 WS=1024"
"4393","94.785947","151.101.65.35","10.8.0.1","TCP","54","[TCP Retransmission] 443  >  53130 [SYN, ACK] Seq=0 Ack=1 Win=65535 Len=0"
"4394","94.785995","10.8.0.1","edge-star-shv-01-ort2.facebook.com","TCP","74","[TCP Retransmission] 42638  >  443 [SYN] Seq=0 Win=65535 Len=0 MSS=1460 SACK_PERM=1 TSval=1359059927 TSecr=0 WS=1024"
"4395","94.788078","edge-star-shv-01-ort2.facebook.com","10.8.0.1","TCP","54","[TCP Retransmission] 443  >  42638 [SYN, ACK] Seq=0 Ack=1 Win=65535 Len=0"
"4396","94.788123","10.8.0.1","edge-star-shv-01-ort2.facebook.com","TCP","74","[TCP Retransmission] 42636  >  443 [SYN] Seq=0 Win=65535 Len=0 MSS=1460 SACK_PERM=1 TSval=1359059927 TSecr=0 WS=1024"
"4397","94.790027","edge-star-shv-01-ort2.facebook.com","10.8.0.1","TCP","54","[TCP Retransmission] 443  >  42636 [SYN, ACK] Seq=0 Ack=1 Win=65535 Len=0"
"4398","94.790096","ord38s28-in-f10.1e100.net","10.8.0.1","TLSv1.3","4735","Server Hello, Change Cipher Spec, Application Data"
"4399","94.790132","10.8.0.1","104.16.53.111","TCP","74","[TCP Retransmission] 43042  >  443 [SYN] Seq=0 Win=65535 Len=0 MSS=1460 SACK_PERM=1 TSval=4039445086 TSecr=0 WS=1024"
"4400","94.790864","104.16.53.111","10.8.0.1","TCP","54","[TCP Retransmission] 443  >  43042 [SYN, ACK] Seq=0 Ack=1 Win=65535 Len=0"
"4401","94.790913","lga15s46-in-f22.1e100.net","10.8.0.1","TLSv1.3","4228","Server Hello, Change Cipher Spec"
"4402","94.790943","10.8.0.1","151.101.194.133","TLSv1.2","571","Client Hello"
"4403","94.790969","151.101.194.133","10.8.0.1","TCP","54","443  >  46216 [ACK] Seq=1 Ack=518 Win=65535 Len=0"
"4404","94.790978","10.8.0.1","edge-star-shv-01-ort2.facebook.com","TCP","74","[TCP Retransmission] 42640  >  443 [SYN] Seq=0 Win=65535 Len=0 MSS=1460 SACK_PERM=1 TSval=1359059959 TSecr=0 WS=1024"
"4405","94.791704","edge-star-shv-01-ort2.facebook.com","10.8.0.1","TCP","54","[TCP Retransmission] 443  >  42640 [SYN, ACK] Seq=0 Ack=1 Win=65535 Len=0"
"4406","94.791746","10.8.0.1","211.201.186.35.bc.googleusercontent.com","TCP","74","[TCP Retransmission] 33946  >  443 [SYN] Seq=0 Win=65535 Len=0 MSS=1460 SACK_PERM=1 TSval=2093329170 TSecr=0 WS=1024"
"4407","94.792423","211.201.186.35.bc.googleusercontent.com","10.8.0.1","TCP","54","[TCP Retransmission] 443  >  33946 [SYN, ACK] Seq=0 Ack=1 Win=65535 Len=0"
"4408","94.792441","10.8.0.1","ord38s18-in-f2.1e100.net","TLSv1.3","571","[TCP Spurious Retransmission] , Client Hello"
"4409","94.792470","ord38s18-in-f2.1e100.net","10.8.0.1","TCP","54","[TCP Dup ACK 4373#1] 443  >  60806 [ACK] Seq=1 Ack=518 Win=65535 Len=0"
"4410","94.792479","10.8.0.1","edge-star-shv-01-ort2.facebook.com","QUIC","1274","Initial, DCID=81aa7850fbcafd90, PKN: 7375634, CRYPTO, PADDING"
"4411","94.868238","edge-star-shv-01-ort2.facebook.com","10.8.0.1","QUIC","1274","Initial, SCID=6ec043c4042cbe08, PKN: 5871836, ACK, PADDING"
"4412","94.868407","10.8.0.1","ord37s34-in-f10.1e100.net","TCP","74","[TCP Retransmission] 59794  >  443 [SYN] Seq=0 Win=65535 Len=0 MSS=1460 SACK_PERM=1 TSval=2022359090 TSecr=0 WS=1024"
"4413","94.870336","ord37s34-in-f10.1e100.net","10.8.0.1","TCP","54","[TCP Retransmission] 443  >  59794 [SYN, ACK] Seq=0 Ack=1 Win=65535 Len=0"
"4414","94.870457","ord38s18-in-f2.1e100.net","10.8.0.1","TLSv1.3","4362","Server Hello, Change Cipher Spec, Application Data"
"4415","94.870623","lga15s46-in-f22.1e100.net","10.8.0.1","TLSv1.3","4228","Server Hello, Change Cipher Spec"
"4416","94.870667","10.8.0.1","ord38s28-in-f10.1e100.net","TLSv1.3","571","[TCP Spurious Retransmission] , Client Hello"
"4417","94.870699","ord38s28-in-f10.1e100.net","10.8.0.1","TCP","54","443  >  47034 [ACK] Seq=1 Ack=518 Win=65535 Len=0"
"4418","94.870747","ord38s28-in-f10.1e100.net","10.8.0.1","TCP","78","[TCP Retransmission] 443  >  47034 [PSH, ACK] Seq=1 Ack=518 Win=65535 Len=24"
"4419","94.870762","10.8.0.1","20.42.65.89","TCP","74","[TCP Retransmission] 40372  >  443 [SYN] Seq=0 Win=65535 Len=0 MSS=1460 SACK_PERM=1 TSval=1074433234 TSecr=0 WS=1024"
"4420","94.872214","20.42.65.89","10.8.0.1","TCP","54","[TCP Retransmission] 443  >  40372 [SYN, ACK] Seq=0 Ack=1 Win=65535 Len=0"
"4421","94.872291","10.8.0.1","ord38s18-in-f2.1e100.net","TLSv1.3","571","[TCP Spurious Retransmission] , Client Hello"
"4422","94.872334","ord38s18-in-f2.1e100.net","10.8.0.1","TCP","54","443  >  60806 [ACK] Seq=1 Ack=518 Win=65535 Len=0"
"4423","94.872351","10.8.0.1","ord38s28-in-f10.1e100.net","TCP","54","47050  >  443 [ACK] Seq=1 Ack=1 Win=67107840 Len=0"
"4424","94.872380","10.8.0.1","ord37s34-in-f10.1e100.net","TCP","54","59734  >  443 [ACK] Seq=518 Ack=4681 Win=67107840 Len=0"
"4425","94.872392","10.8.0.1","ord37s34-in-f10.1e100.net","TCP","54","59736  >  443 [ACK] Seq=518 Ack=4682 Win=67107840 Len=0"
"4426","94.872404","10.8.0.1","ord37s34-in-f10.1e100.net","TCP","54","59738  >  443 [ACK] Seq=518 Ack=4681 Win=67107840 Len=0"
"4427","94.872417","10.8.0.1","edge-star-shv-01-ort2.facebook.com","TCP","54","42612  >  443 [ACK] Seq=1 Ack=1 Win=67107840 Len=0"
"4428","94.872432","10.8.0.1","edge-star-mini-shv-01-msp1.facebook.com","TCP","54","35474  >  443 [ACK] Seq=1 Ack=1 Win=67107840 Len=0"
"4429","94.872446","10.8.0.1","ord38s28-in-f10.1e100.net","TLSv1.3","571","Client Hello"
"4430","94.872482","ord38s28-in-f10.1e100.net","10.8.0.1","TCP","54","443  >  47050 [ACK] Seq=1 Ack=518 Win=65535 Len=0"
"4431","94.872498","10.8.0.1","edge-star-shv-01-ort2.facebook.com","TLSv1.3","459","Client Hello"
"4432","94.872531","edge-star-shv-01-ort2.facebook.com","10.8.0.1","TCP","54","443  >  42612 [ACK] Seq=1 Ack=406 Win=65535 Len=0"
"4433","94.872577","10.8.0.1","edge-star-mini-shv-01-msp1.facebook.com","TLSv1.3","461","Client Hello"
"4434","94.872612","edge-star-mini-shv-01-msp1.facebook.com","10.8.0.1","TCP","54","443  >  35474 [ACK] Seq=1 Ack=408 Win=65535 Len=0"
"4435","94.872654","10.8.0.1","ord37s34-in-f10.1e100.net","TLSv1.3","118","Change Cipher Spec, Application Data"
"4436","94.872691","10.8.0.1","ord37s34-in-f10.1e100.net","TLSv1.3","118","Change Cipher Spec, Application Data"
"4437","94.872704","10.8.0.1","ord37s34-in-f10.1e100.net","TLSv1.3","118","Change Cipher Spec, Application Data"
"4438","94.872714","10.8.0.1","ord37s34-in-f10.1e100.net","TCP","54","59736  >  443 [FIN, ACK] Seq=582 Ack=4682 Win=67107840 Len=0"
"4439","94.872911","ord37s34-in-f10.1e100.net","10.8.0.1","TCP","54","443  >  59736 [ACK] Seq=4682 Ack=583 Win=65535 Len=0"
"4440","94.872998","ord37s34-in-f10.1e100.net","10.8.0.1","TCP","54","443  >  59736 [FIN, ACK] Seq=4682 Ack=583 Win=65535 Len=0"
"4441","94.873020","10.8.0.1","ord37s34-in-f10.1e100.net","TCP","54","59738  >  443 [FIN, ACK] Seq=582 Ack=4681 Win=67107840 Len=0"
"4442","94.873141","ord37s34-in-f10.1e100.net","10.8.0.1","TCP","54","443  >  59738 [ACK] Seq=4681 Ack=583 Win=65535 Len=0"
"4443","94.873210","ord37s34-in-f10.1e100.net","10.8.0.1","TCP","54","443  >  59738 [FIN, ACK] Seq=4681 Ack=583 Win=65535 Len=0"
"4444","94.873231","10.8.0.1","ord37s34-in-f10.1e100.net","TLSv1.3","146","Application Data"
"4445","94.873245","10.8.0.1","ord37s34-in-f10.1e100.net","TCP","74","59824  >  443 [SYN] Seq=0 Win=65535 Len=0 MSS=1460 SACK_PERM=1 TSval=2022359634 TSecr=0 WS=1024"
"4446","94.874714","ord37s34-in-f10.1e100.net","10.8.0.1","TCP","54","443  >  59824 [SYN, ACK] Seq=0 Ack=1 Win=65535 Len=0"
"4447","94.874763","10.8.0.1","ec2-54-71-52-68.us-west-2.compute.amazonaws.com","TCP","74","43966  >  443 [SYN] Seq=0 Win=65535 Len=0 MSS=1460 SACK_PERM=1 TSval=3338380849 TSecr=0 WS=1024"
"4448","94.876210","ec2-54-71-52-68.us-west-2.compute.amazonaws.com","10.8.0.1","TCP","54","443  >  43966 [SYN, ACK] Seq=0 Ack=1 Win=65535 Len=0"
"4449","94.876242","10.8.0.1","ord38s18-in-f2.1e100.net","TCP","54","60826  >  443 [ACK] Seq=1 Ack=1 Win=67107840 Len=0"
"4450","94.876259","10.8.0.1","ord37s34-in-f10.1e100.net","TCP","54","59740  >  443 [ACK] Seq=518 Ack=4681 Win=67107840 Len=0"
"4451","94.876271","10.8.0.1","ord38s18-in-f2.1e100.net","TLSv1.3","571","Client Hello"
"4452","94.876310","ord38s18-in-f2.1e100.net","10.8.0.1","TCP","54","443  >  60826 [ACK] Seq=1 Ack=518 Win=65535 Len=0"
"4453","94.876324","10.8.0.1","ord37s34-in-f10.1e100.net","TLSv1.3","118","Change Cipher Spec, Application Data"
"4454","94.876378","10.8.0.1","edge-star-shv-01-ort2.facebook.com","TCP","54","42618  >  443 [ACK] Seq=1 Ack=1 Win=67107840 Len=0"
"4455","94.876393","10.8.0.1","edge-star-mini-shv-01-msp1.facebook.com","TCP","54","35480  >  443 [ACK] Seq=1 Ack=1 Win=67107840 Len=0"
"4456","94.876407","10.8.0.1","edge-star-shv-01-ort2.facebook.com","TLSv1.3","461","Client Hello"
"4457","94.876441","edge-star-shv-01-ort2.facebook.com","10.8.0.1","TCP","54","443  >  42618 [ACK] Seq=1 Ack=408 Win=65535 Len=0"
"4458","94.876455","10.8.0.1","edge-star-mini-shv-01-msp1.facebook.com","TLSv1.3","463","Client Hello"
"4459","94.876482","edge-star-mini-shv-01-msp1.facebook.com","10.8.0.1","TCP","54","443  >  35480 [ACK] Seq=1 Ack=410 Win=65535 Len=0"
"4460","94.876526","10.8.0.1","ord38s28-in-f10.1e100.net","TLSv1.3","571","[TCP Spurious Retransmission] , Client Hello"
"4461","94.876554","ord38s28-in-f10.1e100.net","10.8.0.1","TCP","54","[TCP Dup ACK 4430#1] 443  >  47050 [ACK] Seq=1 Ack=518 Win=65535 Len=0"
"4462","94.876591","10.8.0.1","ord37s34-in-f10.1e100.net","TCP","74","59832  >  443 [SYN] Seq=0 Win=65535 Len=0 MSS=1460 SACK_PERM=1 TSval=2022359877 TSecr=0 WS=1024"
"4463","94.877925","ord37s34-in-f10.1e100.net","10.8.0.1","TCP","54","443  >  59832 [SYN, ACK] Seq=0 Ack=1 Win=65535 Len=0"
"4464","94.877982","10.8.0.1","ord38s28-in-f10.1e100.net","TLSv1.3","571","[TCP Spurious Retransmission] , Client Hello"
"4465","94.878016","ord38s28-in-f10.1e100.net","10.8.0.1","TCP","54","443  >  47034 [ACK] Seq=1 Ack=518 Win=65535 Len=0"
"4466","94.878051","ord38s28-in-f10.1e100.net","10.8.0.1","TCP","54","[TCP Retransmission] 443  >  47034 [FIN, ACK] Seq=1 Ack=518 Win=65535 Len=0"
"4467","94.878115","10.8.0.1","ord38s18-in-f2.1e100.net","TLSv1.3","571","[TCP Spurious Retransmission] , Client Hello"
"4468","94.878156","ord38s18-in-f2.1e100.net","10.8.0.1","TCP","54","[TCP Dup ACK 4452#1] 443  >  60826 [ACK] Seq=1 Ack=518 Win=65535 Len=0"
"4469","94.878170","10.8.0.1","ord38s28-in-f10.1e100.net","TLSv1.3","571","[TCP Spurious Retransmission] , Client Hello"
"4470","94.878188","ord38s28-in-f10.1e100.net","10.8.0.1","TCP","54","[TCP Dup ACK 4430#2] 443  >  47050 [ACK] Seq=1 Ack=518 Win=65535 Len=0"
"4471","94.878209","10.8.0.1","server-52-84-121-34.ord53.r.cloudfront.net","TCP","74","51874  >  443 [SYN] Seq=0 Win=65535 Len=0 MSS=1460 SACK_PERM=1 TSval=59884242 TSecr=0 WS=1024"
"4472","94.879441","server-52-84-121-34.ord53.r.cloudfront.net","10.8.0.1","TCP","54","443  >  51874 [SYN, ACK] Seq=0 Ack=1 Win=65535 Len=0"
"4473","94.879478","10.8.0.1","ec2-52-34-176-190.us-west-2.compute.amazonaws.com","TCP","74","37464  >  443 [SYN] Seq=0 Win=65535 Len=0 MSS=1460 SACK_PERM=1 TSval=3829520930 TSecr=0 WS=1024"
"4474","94.880406","ec2-52-34-176-190.us-west-2.compute.amazonaws.com","10.8.0.1","TCP","54","443  >  37464 [SYN, ACK] Seq=0 Ack=1 Win=65535 Len=0"
"4475","94.880430","10.8.0.1","ord37s34-in-f10.1e100.net","TCP","118","[TCP Out-Of-Order] 59738  >  443 [PSH, ACK] Seq=518 Ack=4681 Win=67107840 Len=64"
"4476","94.880441","10.8.0.1","ord37s34-in-f10.1e100.net","TCP","118","[TCP Out-Of-Order] 59736  >  443 [PSH, ACK] Seq=518 Ack=4682 Win=67107840 Len=64"
"4477","94.880449","10.8.0.1","ord37s34-in-f10.1e100.net","TCP","118","[TCP Out-Of-Order] 59734  >  443 [PSH, ACK] Seq=518 Ack=4681 Win=67107840 Len=64"
"4478","94.880456","10.8.0.1","server-52-84-121-34.ord53.r.cloudfront.net","TCP","74","51878  >  443 [SYN] Seq=0 Win=65535 Len=0 MSS=1460 SACK_PERM=1 TSval=59884494 TSecr=0 WS=1024"
"4479","94.881377","server-52-84-121-34.ord53.r.cloudfront.net","10.8.0.1","TCP","54","443  >  51878 [SYN, ACK] Seq=0 Ack=1 Win=65535 Len=0"
"4480","94.881401","10.8.0.1","ord37s34-in-f10.1e100.net","TCP","118","[TCP Retransmission] 59740  >  443 [PSH, ACK] Seq=518 Ack=4681 Win=67107840 Len=64"
"4481","94.881412","10.8.0.1","ec2-52-34-176-190.us-west-2.compute.amazonaws.com","TCP","74","37468  >  443 [SYN] Seq=0 Win=65535 Len=0 MSS=1460 SACK_PERM=1 TSval=3829521180 TSecr=0 WS=1024"
"4482","94.882364","ec2-52-34-176-190.us-west-2.compute.amazonaws.com","10.8.0.1","TCP","54","443  >  37468 [SYN, ACK] Seq=0 Ack=1 Win=65535 Len=0"
"4483","94.882389","10.8.0.1","ord37s34-in-f10.1e100.net","TCP","74","[TCP Retransmission] 59824  >  443 [SYN] Seq=0 Win=65535 Len=0 MSS=1460 SACK_PERM=1 TSval=2022360658 TSecr=0 WS=1024"
"4484","94.883436","ord37s34-in-f10.1e100.net","10.8.0.1","TCP","54","[TCP Retransmission] 443  >  59824 [SYN, ACK] Seq=0 Ack=1 Win=65535 Len=0"
"4485","94.883515","151.101.194.133","10.8.0.1","TLSv1.2","4188","Server Hello, Certificate"
"4486","94.883555","10.8.0.1","ec2-54-71-52-68.us-west-2.compute.amazonaws.com","TCP","74","[TCP Retransmission] 43966  >  443 [SYN] Seq=0 Win=65535 Len=0 MSS=1460 SACK_PERM=1 TSval=3338381873 TSecr=0 WS=1024"
"4487","94.884622","ec2-54-71-52-68.us-west-2.compute.amazonaws.com","10.8.0.1","TCP","54","[TCP Retransmission] 443  >  43966 [SYN, ACK] Seq=0 Ack=1 Win=65535 Len=0"
"4488","94.884648","10.8.0.1","151.101.65.35","TCP","74","[TCP Retransmission] 53124  >  443 [SYN] Seq=0 Win=65535 Len=0 MSS=1460 SACK_PERM=1 TSval=2769574502 TSecr=0 WS=1024"
"4489","94.885606","151.101.65.35","10.8.0.1","TCP","54","[TCP Retransmission] 443  >  53124 [SYN, ACK] Seq=0 Ack=1 Win=65535 Len=0"
"4490","94.885628","10.8.0.1","151.101.129.35","TCP","74","[TCP Retransmission] 53826  >  443 [SYN] Seq=0 Win=65535 Len=0 MSS=1460 SACK_PERM=1 TSval=3251593272 TSecr=0 WS=1024"
"4491","94.886614","151.101.129.35","10.8.0.1","TCP","54","[TCP Retransmission] 443  >  53826 [SYN, ACK] Seq=0 Ack=1 Win=65535 Len=0"
"4492","94.886638","10.8.0.1","18.92.106.34.bc.googleusercontent.com","TCP","74","[TCP Retransmission] 50004  >  443 [SYN] Seq=0 Win=65535 Len=0 MSS=1460 SACK_PERM=1 TSval=1311975877 TSecr=0 WS=1024"
"4493","94.887601","18.92.106.34.bc.googleusercontent.com","10.8.0.1","TCP","54","[TCP Retransmission] 443  >  50004 [SYN, ACK] Seq=0 Ack=1 Win=65535 Len=0"
"4494","94.887624","10.8.0.1","151.101.65.35","TCP","74","[TCP Retransmission] 53126  >  443 [SYN] Seq=0 Win=65535 Len=0 MSS=1460 SACK_PERM=1 TSval=2769574502 TSecr=0 WS=1024"
"4495","94.888574","151.101.65.35","10.8.0.1","TCP","54","[TCP Retransmission] 443  >  53126 [SYN, ACK] Seq=0 Ack=1 Win=65535 Len=0"
"4496","94.888597","10.8.0.1","ord38s18-in-f2.1e100.net","TLSv1.3","571","[TCP Spurious Retransmission] , Client Hello"
"4497","94.888627","ord38s18-in-f2.1e100.net","10.8.0.1","TCP","54","[TCP Dup ACK 4452#2] 443  >  60826 [ACK] Seq=1 Ack=518 Win=65535 Len=0"
"4498","94.888639","10.8.0.1","ccg12-origin-api-1.paypal.com","TCP","74","[TCP Retransmission] 40178  >  443 [SYN] Seq=0 Win=65535 Len=0 MSS=1460 SACK_PERM=1 TSval=1729112462 TSecr=0 WS=1024"
"4499","94.889591","ccg12-origin-api-1.paypal.com","10.8.0.1","TCP","54","[TCP Retransmission] 443  >  40178 [SYN, ACK] Seq=0 Ack=1 Win=65535 Len=0"
"4500","94.889667","10.8.0.1","151.101.65.35","TCP","74","[TCP Retransmission] 53130  >  443 [SYN] Seq=0 Win=65535 Len=0 MSS=1460 SACK_PERM=1 TSval=2769574566 TSecr=0 WS=1024"
"4501","94.890446","151.101.65.35","10.8.0.1","TCP","54","[TCP Retransmission] 443  >  53130 [SYN, ACK] Seq=0 Ack=1 Win=65535 Len=0"
"4502","94.890463","10.8.0.1","ord37s34-in-f10.1e100.net","TCP","54","[TCP Dup ACK 4424#1] 59734  >  443 [ACK] Seq=674 Ack=4681 Win=67107840 Len=0"
"4503","94.890470","10.8.0.1","ord37s34-in-f10.1e100.net","TCP","54","[TCP Dup ACK 4425#1] 59736  >  443 [ACK] Seq=583 Ack=4682 Win=67107840 Len=0"
"4504","94.890476","10.8.0.1","ord37s34-in-f10.1e100.net","TCP","54","[TCP Dup ACK 4426#1] 59738  >  443 [ACK] Seq=583 Ack=4681 Win=67107840 Len=0"
"4505","94.890483","10.8.0.1","ord38s28-in-f10.1e100.net","QUIC","1292","Initial, DCID=7e19275beffd0efb, PKN: 8, PADDING, PING, PADDING"
"4506","95.902213","10.8.0.1","104.16.53.111","TCP","74","[TCP Retransmission] 43042  >  443 [SYN] Seq=0 Win=65535 Len=0 MSS=1460 SACK_PERM=1 TSval=4039447102 TSecr=0 WS=1024"
"4507","95.904093","104.16.53.111","10.8.0.1","TCP","54","[TCP Retransmission] 443  >  43042 [SYN, ACK] Seq=0 Ack=1 Win=65535 Len=0"
"4508","95.904195","ord38s18-in-f2.1e100.net","10.8.0.1","TCP","54","[TCP Retransmission] 443  >  60806 [FIN, ACK] Seq=1 Ack=518 Win=65535 Len=0"
"4509","95.904346","edge-star-shv-01-ort2.facebook.com","10.8.0.1","TLSv1.3","2438","Server Hello, Change Cipher Spec, Application Data, Application Data"
"4510","95.904416","edge-star-shv-01-ort2.facebook.com","10.8.0.1","TLSv1.3","2438","Server Hello, Change Cipher Spec, Application Data, Application Data"
"4511","95.904480","ord38s28-in-f10.1e100.net","10.8.0.1","TLSv1.3","4735","Server Hello, Change Cipher Spec, Application Data"
"4512","95.904512","ord38s28-in-f10.1e100.net","10.8.0.1","TCP","54","443  >  47050 [FIN, ACK] Seq=4682 Ack=518 Win=65535 Len=0"
"4513","95.904580","ord38s18-in-f2.1e100.net","10.8.0.1","TLSv1.3","4385","Server Hello, Change Cipher Spec, Application Data, Application Data"
"4514","95.904608","ord38s18-in-f2.1e100.net","10.8.0.1","TCP","54","443  >  60826 [FIN, ACK] Seq=4332 Ack=518 Win=65535 Len=0"
"4515","95.904663","edge-star-mini-shv-01-msp1.facebook.com","10.8.0.1","TLSv1.3","266","Server Hello, Change Cipher Spec, Application Data"
"4516","95.904707","edge-star-mini-shv-01-msp1.facebook.com","10.8.0.1","TLSv1.3","266","Server Hello, Change Cipher Spec, Application Data"
"4517","95.904731","10.8.0.1","edge-star-shv-01-ort2.facebook.com","TCP","74","[TCP Retransmission] 42636  >  443 [SYN] Seq=0 Win=65535 Len=0 MSS=1460 SACK_PERM=1 TSval=1359061943 TSecr=0 WS=1024"
"4518","95.905667","edge-star-shv-01-ort2.facebook.com","10.8.0.1","TCP","54","[TCP Retransmission] 443  >  42636 [SYN, ACK] Seq=0 Ack=1 Win=65535 Len=0"
"4519","95.905686","10.8.0.1","edge-star-shv-01-ort2.facebook.com","TCP","74","[TCP Retransmission] 42638  >  443 [SYN] Seq=0 Win=65535 Len=0 MSS=1460 SACK_PERM=1 TSval=1359061943 TSecr=0 WS=1024"
"4520","95.906455","edge-star-shv-01-ort2.facebook.com","10.8.0.1","TCP","54","[TCP Retransmission] 443  >  42638 [SYN, ACK] Seq=0 Ack=1 Win=65535 Len=0"
"4521","95.906475","10.8.0.1","edge-star-shv-01-ort2.facebook.com","TCP","74","[TCP Retransmission] 42640  >  443 [SYN] Seq=0 Win=65535 Len=0 MSS=1460 SACK_PERM=1 TSval=1359061975 TSecr=0 WS=1024"
"4522","95.907150","edge-star-shv-01-ort2.facebook.com","10.8.0.1","TCP","54","[TCP Retransmission] 443  >  42640 [SYN, ACK] Seq=0 Ack=1 Win=65535 Len=0"
"4523","95.907168","10.8.0.1","ord37s34-in-f10.1e100.net","TCP","54","[TCP Dup ACK 4450#1] 59740  >  443 [ACK] Seq=582 Ack=4681 Win=67107840 Len=0"
"4524","95.907175","10.8.0.1","ord37s34-in-f10.1e100.net","TCP","54","[TCP Dup ACK 4424#2] 59734  >  443 [ACK] Seq=674 Ack=4681 Win=67107840 Len=0"
"4525","95.907181","10.8.0.1","ord37s34-in-f10.1e100.net","TCP","54","[TCP Dup ACK 4424#3] 59734  >  443 [ACK] Seq=674 Ack=4681 Win=67107840 Len=0"
"4526","95.907187","10.8.0.1","ord37s34-in-f10.1e100.net","TCP","54","[TCP Dup ACK 4425#2] 59736  >  443 [ACK] Seq=583 Ack=4682 Win=67107840 Len=0"
"4527","95.907193","10.8.0.1","ord37s34-in-f10.1e100.net","TCP","54","[TCP Dup ACK 4425#3] 59736  >  443 [ACK] Seq=583 Ack=4682 Win=67107840 Len=0"
"4528","95.907199","10.8.0.1","151.101.129.35","TCP","54","53826  >  443 [ACK] Seq=1 Ack=1 Win=67107840 Len=0"
"4529","95.907208","10.8.0.1","18.92.106.34.bc.googleusercontent.com","TCP","54","50004  >  443 [ACK] Seq=1 Ack=1 Win=67107840 Len=0"
"4530","95.907216","10.8.0.1","151.101.129.35","TLSv1.2","232","Client Hello"
"4531","95.907242","151.101.129.35","10.8.0.1","TCP","54","443  >  53826 [ACK] Seq=1 Ack=179 Win=65535 Len=0"
"4532","95.907250","10.8.0.1","151.101.65.35","TCP","54","53124  >  443 [ACK] Seq=1 Ack=1 Win=67107840 Len=0"
"4533","95.907284","10.8.0.1","18.92.106.34.bc.googleusercontent.com","TLSv1.3","571","Client Hello"
"4534","95.907304","18.92.106.34.bc.googleusercontent.com","10.8.0.1","TCP","54","443  >  50004 [ACK] Seq=1 Ack=518 Win=65535 Len=0"
"4535","95.907312","10.8.0.1","151.101.65.35","TCP","54","53126  >  443 [ACK] Seq=1 Ack=1 Win=67107840 Len=0"
"4536","95.907337","10.8.0.1","ccg12-origin-api-1.paypal.com","TCP","54","40178  >  443 [ACK] Seq=1 Ack=1 Win=67107840 Len=0"
"4537","95.907345","10.8.0.1","151.101.65.35","TCP","54","53130  >  443 [ACK] Seq=1 Ack=1 Win=67107840 Len=0"
"4538","95.907353","10.8.0.1","ccg12-origin-api-1.paypal.com","TLSv1.2","571","Client Hello"
"4539","95.907370","ccg12-origin-api-1.paypal.com","10.8.0.1","TCP","54","443  >  40178 [ACK] Seq=1 Ack=518 Win=65535 Len=0"
"4540","95.907379","10.8.0.1","151.101.65.35","TLSv1.3","571","Client Hello"
"4541","95.907395","151.101.65.35","10.8.0.1","TCP","54","443  >  53130 [ACK] Seq=1 Ack=518 Win=65535 Len=0"
"4542","95.907418","10.8.0.1","ord37s34-in-f10.1e100.net","TCP","74","[TCP Retransmission] 59832  >  443 [SYN] Seq=0 Win=65535 Len=0 MSS=1460 SACK_PERM=1 TSval=2022360882 TSecr=0 WS=1024"
"4543","95.908122","ord37s34-in-f10.1e100.net","10.8.0.1","TCP","54","[TCP Retransmission] 443  >  59832 [SYN, ACK] Seq=0 Ack=1 Win=65535 Len=0"
"4544","95.908159","10.8.0.1","211.201.186.35.bc.googleusercontent.com","TCP","74","[TCP Retransmission] 33946  >  443 [SYN] Seq=0 Win=65535 Len=0 MSS=1460 SACK_PERM=1 TSval=2093331186 TSecr=0 WS=1024"
"4545","95.909060","211.201.186.35.bc.googleusercontent.com","10.8.0.1","TCP","54","[TCP Retransmission] 443  >  33946 [SYN, ACK] Seq=0 Ack=1 Win=65535 Len=0"
"4546","95.909101","10.8.0.1","151.101.65.35","TLSv1.3","571","Client Hello"
"4547","95.909127","151.101.65.35","10.8.0.1","TCP","54","443  >  53124 [ACK] Seq=1 Ack=518 Win=65535 Len=0"
"4548","95.909136","10.8.0.1","151.101.65.35","TLSv1.3","571","Client Hello"
"4549","95.909154","151.101.65.35","10.8.0.1","TCP","54","443  >  53126 [ACK] Seq=1 Ack=518 Win=65535 Len=0"
"4550","95.909186","10.8.0.1","ord38s18-in-f2.1e100.net","TLSv1.3","571","[TCP Spurious Retransmission] , Client Hello"
"4551","95.909209","10.8.0.1","ord38s18-in-f2.1e100.net","QUIC","1292","Initial, DCID=2775ed863580b3f8, PKN: 8, PADDING, PING, PADDING"
"4552","96.926317","10.8.0.1","104.16.53.111","TCP","54","43042  >  443 [ACK] Seq=1 Ack=1 Win=67107840 Len=0"
"4553","96.926563","151.101.129.35","10.8.0.1","TLSv1.2","4103","Server Hello, Certificate, Certificate Status, Server Key Exchange, Server Hello Done"
"4554","96.926676","151.101.65.35","10.8.0.1","TLSv1.3","4391","Server Hello, Change Cipher Spec, Application Data, Application Data, Application Data, Application Data, Application Data"
"4555","96.926754","151.101.65.35","10.8.0.1","TLSv1.3","4391","Server Hello, Change Cipher Spec, Application Data, Application Data, Application Data, Application Data, Application Data"
"4556","96.926817","151.101.65.35","10.8.0.1","TLSv1.3","4391","Server Hello, Change Cipher Spec, Application Data, Application Data, Application Data, Application Data, Application Data"
"4557","96.926883","ccg12-origin-api-1.paypal.com","10.8.0.1","TLSv1.2","5096","Server Hello, Certificate, Server Key Exchange, Certificate Request, Server Hello Done"
"4558","96.926945","18.92.106.34.bc.googleusercontent.com","10.8.0.1","TLSv1.3","3898","Server Hello, Change Cipher Spec, Application Data, Application Data, Application Data, Application Data"
"4559","96.926966","10.8.0.1","ord37s34-in-f10.1e100.net","TCP","54","[TCP Dup ACK 4426#2] 59738  >  443 [ACK] Seq=583 Ack=4681 Win=67107840 Len=0"
"4560","96.926977","10.8.0.1","ord37s34-in-f10.1e100.net","TCP","54","[TCP Dup ACK 4450#2] 59740  >  443 [ACK] Seq=582 Ack=4681 Win=67107840 Len=0"
"4561","96.926985","10.8.0.1","edge-star-shv-01-ort2.facebook.com","TCP","54","42636  >  443 [ACK] Seq=1 Ack=1 Win=67107840 Len=0"
"4562","96.926997","10.8.0.1","104.16.53.111","TLSv1.2","571","Client Hello"
"4563","96.927029","104.16.53.111","10.8.0.1","TCP","54","443  >  43042 [ACK] Seq=1 Ack=518 Win=65535 Len=0"
"4564","96.927039","10.8.0.1","edge-star-shv-01-ort2.facebook.com","TCP","54","42638  >  443 [ACK] Seq=1 Ack=1 Win=67107840 Len=0"
"4565","96.927117","10.8.0.1","edge-star-shv-01-ort2.facebook.com","TLSv1.3","571","Client Hello"
"4566","96.927145","edge-star-shv-01-ort2.facebook.com","10.8.0.1","TCP","54","443  >  42636 [ACK] Seq=1 Ack=518 Win=65535 Len=0"
"4567","96.927156","10.8.0.1","edge-star-shv-01-ort2.facebook.com","TCP","54","42640  >  443 [ACK] Seq=1 Ack=1 Win=67107840 Len=0"
"4568","96.927198","10.8.0.1","edge-star-shv-01-ort2.facebook.com","TLSv1.3","571","Client Hello"
"4569","96.927225","edge-star-shv-01-ort2.facebook.com","10.8.0.1","TCP","54","443  >  42640 [ACK] Seq=1 Ack=518 Win=65535 Len=0"
"4570","96.927237","10.8.0.1","211.201.186.35.bc.googleusercontent.com","TCP","54","33946  >  443 [ACK] Seq=1 Ack=1 Win=67107840 Len=0"
"4571","96.927267","10.8.0.1","ord37s34-in-f10.1e100.net","TCP","54","[TCP Dup ACK 4426#3] 59738  >  443 [ACK] Seq=583 Ack=4681 Win=67107840 Len=0"
"4572","96.927278","10.8.0.1","211.201.186.35.bc.googleusercontent.com","TLSv1.3","571","Client Hello"
"4573","96.927308","211.201.186.35.bc.googleusercontent.com","10.8.0.1","TCP","54","443  >  33946 [ACK] Seq=1 Ack=518 Win=65535 Len=0"
"4574","96.927319","10.8.0.1","edge-star-shv-01-ort2.facebook.com","TLSv1.3","571","Client Hello"
"4575","96.927338","edge-star-shv-01-ort2.facebook.com","10.8.0.1","TCP","54","443  >  42638 [ACK] Seq=1 Ack=518 Win=65535 Len=0"
"4576","96.927369","10.8.0.1","ord38s28-in-f10.1e100.net","TLSv1.3","571","[TCP Spurious Retransmission] , Client Hello"
"4577","96.927396","10.8.0.1","104.244.42.66","TLSv1.3","93","Application Data"
"4578","96.927423","104.244.42.66","10.8.0.1","TCP","54","443  >  55398 [ACK] Seq=1173 Ack=2144 Win=65535 Len=0"
"4579","96.927434","10.8.0.1","ord37s34-in-f10.1e100.net","TCP","74","[TCP Retransmission] 59794  >  443 [SYN] Seq=0 Win=65535 Len=0 MSS=1460 SACK_PERM=1 TSval=2022361106 TSecr=0 WS=1024"
"4580","96.929626","ord37s34-in-f10.1e100.net","10.8.0.1","TCP","54","[TCP Retransmission] 443  >  59794 [SYN, ACK] Seq=0 Ack=1 Win=65535 Len=0"
"4581","96.929683","10.8.0.1","ord37s34-in-f10.1e100.net","TCP","74","59864  >  443 [SYN] Seq=0 Win=65535 Len=0 MSS=1460 SACK_PERM=1 TSval=2022361184 TSecr=0 WS=1024"
"4582","96.930950","ord37s34-in-f10.1e100.net","10.8.0.1","TCP","54","443  >  59864 [SYN, ACK] Seq=0 Ack=1 Win=65535 Len=0"
"4583","96.930976","10.8.0.1","104.244.42.66","TLSv1.3","93","[TCP Spurious Retransmission] , Application Data"
"4584","96.931003","104.244.42.66","10.8.0.1","TCP","54","[TCP Dup ACK 4578#1] 443  >  55398 [ACK] Seq=1173 Ack=2144 Win=65535 Len=0"
"4585","96.931015","10.8.0.1","20.42.65.89","TCP","74","[TCP Retransmission] 40372  >  443 [SYN] Seq=0 Win=65535 Len=0 MSS=1460 SACK_PERM=1 TSval=1074435250 TSecr=0 WS=1024"
"4586","96.932067","20.42.65.89","10.8.0.1","TCP","54","[TCP Retransmission] 443  >  40372 [SYN, ACK] Seq=0 Ack=1 Win=65535 Len=0"
"4587","96.932101","10.8.0.1","52.232.209.85","TCP","74","58168  >  443 [SYN] Seq=0 Win=65535 Len=0 MSS=1460 SACK_PERM=1 TSval=120377355 TSecr=0 WS=1024"
"4588","96.933103","52.232.209.85","10.8.0.1","TCP","54","443  >  58168 [SYN, ACK] Seq=0 Ack=1 Win=65535 Len=0"
"4589","96.933125","10.8.0.1","server-52-84-121-34.ord53.r.cloudfront.net","TCP","74","[TCP Retransmission] 51874  >  443 [SYN] Seq=0 Win=65535 Len=0 MSS=1460 SACK_PERM=1 TSval=59885249 TSecr=0 WS=1024"
"4590","96.933944","server-52-84-121-34.ord53.r.cloudfront.net","10.8.0.1","TCP","54","[TCP Retransmission] 443  >  51874 [SYN, ACK] Seq=0 Ack=1 Win=65535 Len=0"
"4591","96.933965","10.8.0.1","ec2-52-34-176-190.us-west-2.compute.amazonaws.com","TCP","74","[TCP Retransmission] 37464  >  443 [SYN] Seq=0 Win=65535 Len=0 MSS=1460 SACK_PERM=1 TSval=3829521953 TSecr=0 WS=1024"
"4592","96.934770","ec2-52-34-176-190.us-west-2.compute.amazonaws.com","10.8.0.1","TCP","54","[TCP Retransmission] 443  >  37464 [SYN, ACK] Seq=0 Ack=1 Win=65535 Len=0"
"4593","96.934791","10.8.0.1","ord38s28-in-f10.1e100.net","TLSv1.3","571","[TCP Spurious Retransmission] , Client Hello"
"4594","96.934801","10.8.0.1","server-52-84-121-34.ord53.r.cloudfront.net","TCP","74","[TCP Retransmission] 51878  >  443 [SYN] Seq=0 Win=65535 Len=0 MSS=1460 SACK_PERM=1 TSval=59885509 TSecr=0 WS=1024"
"4595","96.935609","server-52-84-121-34.ord53.r.cloudfront.net","10.8.0.1","TCP","54","[TCP Retransmission] 443  >  51878 [SYN, ACK] Seq=0 Ack=1 Win=65535 Len=0"
"4596","96.935628","10.8.0.1","lga15s46-in-f22.1e100.net","TLSv1.3","571","[TCP Spurious Retransmission] , Client Hello"
"4597","96.935663","lga15s46-in-f22.1e100.net","10.8.0.1","TCP","54","443  >  33764 [ACK] Seq=1 Ack=518 Win=65535 Len=0"
"4598","96.935697","lga15s46-in-f22.1e100.net","10.8.0.1","TCP","630","[TCP Retransmission] 443  >  33764 [PSH, ACK] Seq=1 Ack=518 Win=65535 Len=576"
"4599","96.935754","10.8.0.1","lga15s46-in-f22.1e100.net","TLSv1.3","571","[TCP Spurious Retransmission] , Client Hello"
"4600","96.935786","lga15s46-in-f22.1e100.net","10.8.0.1","TCP","54","443  >  33758 [ACK] Seq=1 Ack=518 Win=65535 Len=0"
"4601","96.935820","lga15s46-in-f22.1e100.net","10.8.0.1","TCP","630","[TCP Retransmission] 443  >  33758 [PSH, ACK] Seq=1 Ack=518 Win=65535 Len=576"
"4602","96.935882","10.8.0.1","ec2-52-34-176-190.us-west-2.compute.amazonaws.com","TCP","74","[TCP Retransmission] 37468  >  443 [SYN] Seq=0 Win=65535 Len=0 MSS=1460 SACK_PERM=1 TSval=3829522177 TSecr=0 WS=1024"
"4603","96.936742","ec2-52-34-176-190.us-west-2.compute.amazonaws.com","10.8.0.1","TCP","54","[TCP Retransmission] 443  >  37468 [SYN, ACK] Seq=0 Ack=1 Win=65535 Len=0"
"4604","96.936783","10.8.0.1","104.244.42.66","TLSv1.3","93","[TCP Spurious Retransmission] , Application Data"
"4605","96.936809","104.244.42.66","10.8.0.1","TCP","54","[TCP Dup ACK 4578#2] 443  >  55398 [ACK] Seq=1173 Ack=2144 Win=65535 Len=0"
"4606","96.936820","10.8.0.1","ord37s34-in-f10.1e100.net","TLSv1.3","123","[TCP Spurious Retransmission] , Application Data"
"4607","96.936835","10.8.0.1","151.101.194.133","TLSv1.2","571","[TCP Spurious Retransmission] , Client Hello"
"4608","96.936886","151.101.194.133","10.8.0.1","TCP","54","443  >  46216 [ACK] Seq=1 Ack=518 Win=65535 Len=0"
"4609","96.936923","151.101.194.133","10.8.0.1","TCP","1083","[TCP Retransmission] 443  >  46216 [PSH, ACK] Seq=1 Ack=518 Win=65535 Len=1029"
"4610","96.936945","10.8.0.1","ord38s18-in-f2.1e100.net","TLSv1.3","571","[TCP Spurious Retransmission] , Client Hello"
"4611","96.936974","10.8.0.1","ord37s34-in-f10.1e100.net","TCP","54","[TCP Dup ACK 4450#3] 59740  >  443 [ACK] Seq=582 Ack=4681 Win=67107840 Len=0"
"4612","96.936983","10.8.0.1","ord37s34-in-f10.1e100.net","TCP","54","59794  >  443 [ACK] Seq=1 Ack=1 Win=67107840 Len=0"
"4613","96.936993","10.8.0.1","ord37s34-in-f10.1e100.net","TLSv1","571","Client Hello"
"4614","96.937016","ord37s34-in-f10.1e100.net","10.8.0.1","TCP","54","443  >  59794 [ACK] Seq=1 Ack=518 Win=65535 Len=0"
"4615","96.937023","10.8.0.1","ord38s28-in-f10.1e100.net","TCP","54","[TCP Dup ACK 4361#1] 47034  >  443 [ACK] Seq=518 Ack=1 Win=67107840 Len=0"
"4616","96.937030","10.8.0.1","lga15s46-in-f22.1e100.net","TCP","54","[TCP Dup ACK 4360#1] 33758  >  443 [ACK] Seq=518 Ack=1 Win=67107840 Len=0"
"4617","96.937038","10.8.0.1","ord38s18-in-f2.1e100.net","TCP","54","[TCP Dup ACK 4370#1] 60806  >  443 [ACK] Seq=518 Ack=1 Win=67107840 Len=0"
"4618","96.937044","10.8.0.1","20.42.65.89","TCP","54","40372  >  443 [ACK] Seq=1 Ack=1 Win=67107840 Len=0"
"4619","96.937053","10.8.0.1","ord37s34-in-f10.1e100.net","TCP","74","[TCP Retransmission] 59864  >  443 [SYN] Seq=0 Win=65535 Len=0 MSS=1460 SACK_PERM=1 TSval=2022362194 TSecr=0 WS=1024"
"4620","96.938098","ord37s34-in-f10.1e100.net","10.8.0.1","TCP","54","[TCP Retransmission] 443  >  59864 [SYN, ACK] Seq=0 Ack=1 Win=65535 Len=0"
"4621","96.938120","10.8.0.1","lga15s46-in-f22.1e100.net","TCP","54","[TCP Dup ACK 4371#1] 33764  >  443 [ACK] Seq=518 Ack=1 Win=67107840 Len=0"
"4622","96.938132","10.8.0.1","151.101.194.133","TCP","54","[TCP Dup ACK 4379#1] 46216  >  443 [ACK] Seq=518 Ack=1 Win=67107840 Len=0"
"4623","96.938142","10.8.0.1","ord37s34-in-f10.1e100.net","TCP","54","59730  >  443 [RST] Seq=19126 Win=0 Len=0"
"4624","96.938150","10.8.0.1","edge-star-mini-shv-01-msp1.facebook.com","TCP","54","[TCP Dup ACK 4428#1] 35474  >  443 [ACK] Seq=408 Ack=1 Win=67107840 Len=0"
"4625","96.938160","10.8.0.1","ord38s28-in-f10.1e100.net","TCP","54","[TCP Dup ACK 4423#1] 47050  >  443 [ACK] Seq=518 Ack=1 Win=67107840 Len=0"
"4626","96.938168","10.8.0.1","edge-star-shv-01-ort2.facebook.com","TCP","54","[TCP Dup ACK 4427#1] 42612  >  443 [ACK] Seq=406 Ack=1 Win=67107840 Len=0"
"4627","96.938179","10.8.0.1","edge-star-mini-shv-01-msp1.facebook.com","TCP","54","[TCP Dup ACK 4455#1] 35480  >  443 [ACK] Seq=410 Ack=1 Win=67107840 Len=0"
"4628","96.938188","10.8.0.1","ord38s18-in-f2.1e100.net","TCP","54","[TCP Dup ACK 4449#1] 60826  >  443 [ACK] Seq=518 Ack=1 Win=67107840 Len=0"
"4629","96.938196","10.8.0.1","edge-star-shv-01-ort2.facebook.com","TCP","54","[TCP Dup ACK 4454#1] 42618  >  443 [ACK] Seq=408 Ack=1 Win=67107840 Len=0"
"4630","96.938206","10.8.0.1","20.42.65.89","TLSv1","571","Client Hello"
"4631","96.938235","20.42.65.89","10.8.0.1","TCP","54","443  >  40372 [ACK] Seq=1 Ack=518 Win=65535 Len=0"
"4632","96.938245","10.8.0.1","ord37s34-in-f10.1e100.net","TCP","118","[TCP Retransmission] 59734  >  443 [PSH, ACK] Seq=518 Ack=4681 Win=67107840 Len=64"
"4633","96.938253","10.8.0.1","ord37s34-in-f10.1e100.net","TLSv1.3","118","[TCP Spurious Retransmission] , Change Cipher Spec, Application Data"
"4634","96.938260","10.8.0.1","ord37s34-in-f10.1e100.net","TLSv1.3","118","[TCP Spurious Retransmission] , Change Cipher Spec, Application Data"
"4635","96.938272","10.8.0.1","ord37s34-in-f10.1e100.net","TCP","118","[TCP Retransmission] 59740  >  443 [PSH, ACK] Seq=518 Ack=4681 Win=67107840 Len=64"
"4636","96.938280","10.8.0.1","52.232.209.85","TCP","74","[TCP Retransmission] 58168  >  443 [SYN] Seq=0 Win=65535 Len=0 MSS=1460 SACK_PERM=1 TSval=120378374 TSecr=0 WS=1024"
"4637","96.939227","52.232.209.85","10.8.0.1","TCP","54","[TCP Retransmission] 443  >  58168 [SYN, ACK] Seq=0 Ack=1 Win=65535 Len=0"
"4638","96.939250","10.8.0.1","18.92.106.34.bc.googleusercontent.com","TCP","54","[TCP Dup ACK 4529#1] 50004  >  443 [ACK] Seq=518 Ack=1 Win=67107840 Len=0"
"4639","96.939260","10.8.0.1","151.101.65.35","TCP","54","[TCP Dup ACK 4535#1] 53126  >  443 [ACK] Seq=518 Ack=1 Win=67107840 Len=0"
"4640","96.939269","10.8.0.1","151.101.65.35","TCP","54","[TCP Dup ACK 4532#1] 53124  >  443 [ACK] Seq=518 Ack=1 Win=67107840 Len=0"
"4641","96.939277","10.8.0.1","151.101.129.35","TCP","54","[TCP Dup ACK 4528#1] 53826  >  443 [ACK] Seq=179 Ack=1 Win=67107840 Len=0"
"4642","96.939296","10.8.0.1","ccg12-origin-api-1.paypal.com","TCP","54","[TCP Dup ACK 4536#1] 40178  >  443 [ACK] Seq=518 Ack=1 Win=67107840 Len=0"
"4643","96.939306","10.8.0.1","ord37s34-in-f10.1e100.net","TLSv1","571","[TCP Spurious Retransmission] , Client Hello"
"4644","96.939327","ord37s34-in-f10.1e100.net","10.8.0.1","TCP","54","[TCP Dup ACK 4614#1] 443  >  59794 [ACK] Seq=1 Ack=518 Win=65535 Len=0"
"4645","96.939335","10.8.0.1","151.101.65.35","TCP","54","[TCP Dup ACK 4537#1] 53130  >  443 [ACK] Seq=518 Ack=1 Win=67107840 Len=0"
"4646","96.939343","10.8.0.1","edge-star-shv-01-ort2.facebook.com","TCP","54","[TCP Dup ACK 4564#1] 42638  >  443 [ACK] Seq=518 Ack=1 Win=67107840 Len=0"
"4647","96.939351","10.8.0.1","edge-star-shv-01-ort2.facebook.com","TCP","54","[TCP Dup ACK 4561#1] 42636  >  443 [ACK] Seq=518 Ack=1 Win=67107840 Len=0"
"4648","96.939360","10.8.0.1","ord38s28-in-f10.1e100.net","TCP","54","47034  >  443 [ACK] Seq=518 Ack=4682 Win=67107840 Len=0"
"4649","96.939366","10.8.0.1","104.16.53.111","TCP","54","[TCP Dup ACK 4552#1] 43042  >  443 [ACK] Seq=518 Ack=1 Win=67107840 Len=0"
"4650","96.939373","10.8.0.1","lga15s46-in-f22.1e100.net","TCP","54","33758  >  443 [ACK] Seq=518 Ack=4175 Win=67107840 Len=0"
"4651","96.939381","10.8.0.1","edge-star-shv-01-ort2.facebook.com","TCP","54","[TCP Dup ACK 4567#1] 42640  >  443 [ACK] Seq=518 Ack=1 Win=67107840 Len=0"
"4652","96.939389","10.8.0.1","211.201.186.35.bc.googleusercontent.com","TCP","54","[TCP Dup ACK 4570#1] 33946  >  443 [ACK] Seq=518 Ack=1 Win=67107840 Len=0"
"4653","96.939397","10.8.0.1","ord37s34-in-f10.1e100.net","TCP","54","[TCP Dup ACK 4612#1] 59794  >  443 [ACK] Seq=518 Ack=1 Win=67107840 Len=0"
"4654","96.939404","10.8.0.1","ord38s18-in-f2.1e100.net","TCP","54","60806  >  443 [ACK] Seq=518 Ack=4309 Win=67107840 Len=0"
"4655","96.939411","10.8.0.1","lga15s46-in-f22.1e100.net","TCP","54","33764  >  443 [ACK] Seq=518 Ack=4175 Win=67107840 Len=0"
"4656","96.939417","10.8.0.1","ord38s28-in-f10.1e100.net","TCP","54","[TCP Dup ACK 4648#1] 47034  >  443 [ACK] Seq=518 Ack=4682 Win=67107840 Len=0"
"4657","96.939423","10.8.0.1","20.42.65.89","TCP","54","[TCP Dup ACK 4618#1] 40372  >  443 [ACK] Seq=518 Ack=1 Win=67107840 Len=0"
"4658","96.939431","10.8.0.1","ord37s34-in-f10.1e100.net","TCP","54","59736  >  443 [ACK] Seq=583 Ack=4683 Win=67107840 Len=0"
"4659","96.939436","10.8.0.1","ord37s34-in-f10.1e100.net","TCP","54","59738  >  443 [ACK] Seq=583 Ack=4682 Win=67107840 Len=0"
"4660","96.939443","10.8.0.1","ord37s34-in-f10.1e100.net","TCP","54","59824  >  443 [ACK] Seq=1 Ack=1 Win=67107840 Len=0"
"4661","96.939452","10.8.0.1","ord37s34-in-f10.1e100.net","TLSv1.3","571","Client Hello"
"4662","96.939473","ord37s34-in-f10.1e100.net","10.8.0.1","TCP","54","443  >  59824 [ACK] Seq=1 Ack=518 Win=65535 Len=0"
"4663","96.939480","10.8.0.1","ec2-54-71-52-68.us-west-2.compute.amazonaws.com","TCP","54","43966  >  443 [ACK] Seq=1 Ack=1 Win=67107840 Len=0"
"4664","96.939516","10.8.0.1","ord37s34-in-f10.1e100.net","TCP","54","59832  >  443 [ACK] Seq=1 Ack=1 Win=67107840 Len=0"
"4665","96.939525","10.8.0.1","ord38s28-in-f10.1e100.net","TCP","54","[TCP Dup ACK 4648#2] 47034  >  443 [ACK] Seq=518 Ack=4682 Win=67107840 Len=0"
"4666","96.939532","10.8.0.1","ord37s34-in-f10.1e100.net","TLSv1.3","571","Client Hello"
"4667","96.939551","ord37s34-in-f10.1e100.net","10.8.0.1","TCP","54","443  >  59832 [ACK] Seq=1 Ack=518 Win=65535 Len=0"
"4668","96.939559","10.8.0.1","server-52-84-121-34.ord53.r.cloudfront.net","TCP","54","51874  >  443 [ACK] Seq=1 Ack=1 Win=67107840 Len=0"
"4669","96.939586","10.8.0.1","ec2-52-34-176-190.us-west-2.compute.amazonaws.com","TCP","54","37464  >  443 [ACK] Seq=1 Ack=1 Win=67107840 Len=0"
"4670","96.939596","10.8.0.1","server-52-84-121-34.ord53.r.cloudfront.net","TCP","54","51878  >  443 [ACK] Seq=1 Ack=1 Win=67107840 Len=0"
"4671","96.939604","10.8.0.1","ec2-52-34-176-190.us-west-2.compute.amazonaws.com","TCP","54","37468  >  443 [ACK] Seq=1 Ack=1 Win=67107840 Len=0"
"4672","96.939611","10.8.0.1","ord37s34-in-f10.1e100.net","TCP","54","[TCP Dup ACK 4660#1] 59824  >  443 [ACK] Seq=518 Ack=1 Win=67107840 Len=0"
"4673","96.939618","10.8.0.1","151.101.194.133","TCP","54","46216  >  443 [ACK] Seq=518 Ack=4135 Win=67107840 Len=0"
"4674","96.939626","10.8.0.1","ec2-54-71-52-68.us-west-2.compute.amazonaws.com","TLSv1","571","Client Hello"
"4675","96.939652","ec2-54-71-52-68.us-west-2.compute.amazonaws.com","10.8.0.1","TCP","54","443  >  43966 [ACK] Seq=1 Ack=518 Win=65535 Len=0"
"4676","96.939660","10.8.0.1","ec2-54-71-52-68.us-west-2.compute.amazonaws.com","TCP","54","[TCP Dup ACK 4663#1] 43966  >  443 [ACK] Seq=518 Ack=1 Win=67107840 Len=0"
"4677","96.939670","10.8.0.1","server-52-84-121-34.ord53.r.cloudfront.net","TLSv1","571","Client Hello"
"4678","96.939689","server-52-84-121-34.ord53.r.cloudfront.net","10.8.0.1","TCP","54","443  >  51874 [ACK] Seq=1 Ack=518 Win=65535 Len=0"
"4679","96.939696","10.8.0.1","ec2-52-34-176-190.us-west-2.compute.amazonaws.com","TLSv1","571","Client Hello"
"4680","96.939712","ec2-52-34-176-190.us-west-2.compute.amazonaws.com","10.8.0.1","TCP","54","443  >  37464 [ACK] Seq=1 Ack=518 Win=65535 Len=0"
"4681","96.939720","10.8.0.1","104.244.42.66","TLSv1.3","93","[TCP Spurious Retransmission] , Application Data"
"4682","96.939735","104.244.42.66","10.8.0.1","TCP","54","[TCP Dup ACK 4578#3] 443  >  55398 [ACK] Seq=1173 Ack=2144 Win=65535 Len=0"
"4683","96.939743","10.8.0.1","server-52-84-121-34.ord53.r.cloudfront.net","TLSv1","571","Client Hello"
"4684","96.939760","server-52-84-121-34.ord53.r.cloudfront.net","10.8.0.1","TCP","54","443  >  51878 [ACK] Seq=1 Ack=518 Win=65535 Len=0"
"4685","96.939774","10.8.0.1","ord38s28-in-f10.1e100.net","TLSv1.3","118","Change Cipher Spec, Application Data"
"4686","96.939780","10.8.0.1","ord38s28-in-f10.1e100.net","TLSv1.3","146","Application Data"
"4687","96.939786","10.8.0.1","ec2-52-34-176-190.us-west-2.compute.amazonaws.com","TLSv1","571","Client Hello"
"4688","96.939802","ec2-52-34-176-190.us-west-2.compute.amazonaws.com","10.8.0.1","TCP","54","443  >  37468 [ACK] Seq=1 Ack=518 Win=65535 Len=0"
"4689","96.939809","10.8.0.1","ord38s18-in-f2.1e100.net","TLSv1.3","118","Change Cipher Spec, Application Data"
"4690","96.939816","10.8.0.1","ord38s18-in-f2.1e100.net","TLSv1.3","146","Application Data"
"4691","96.939823","10.8.0.1","server-52-84-121-34.ord53.r.cloudfront.net","TLSv1","571","[TCP Spurious Retransmission] , Client Hello"
"4692","96.939841","server-52-84-121-34.ord53.r.cloudfront.net","10.8.0.1","TCP","54","[TCP Dup ACK 4678#1] 443  >  51874 [ACK] Seq=1 Ack=518 Win=65535 Len=0"
"4693","96.939848","10.8.0.1","server-52-84-121-34.ord53.r.cloudfront.net","TLSv1","571","[TCP Spurious Retransmission] , Client Hello"
"4694","96.939872","server-52-84-121-34.ord53.r.cloudfront.net","10.8.0.1","TCP","54","[TCP Dup ACK 4684#1] 443  >  51878 [ACK] Seq=1 Ack=518 Win=65535 Len=0"
"4695","96.939880","10.8.0.1","ord37s34-in-f10.1e100.net","TLSv1","571","[TCP Spurious Retransmission] , Client Hello"
"4696","96.939894","ord37s34-in-f10.1e100.net","10.8.0.1","TCP","54","[TCP Dup ACK 4614#2] 443  >  59794 [ACK] Seq=1 Ack=518 Win=65535 Len=0"
"4697","96.939902","10.8.0.1","server-52-84-121-34.ord53.r.cloudfront.net","TLSv1","571","[TCP Spurious Retransmission] , Client Hello"
"4698","96.939952","server-52-84-121-34.ord53.r.cloudfront.net","10.8.0.1","TCP","54","[TCP Dup ACK 4678#2] 443  >  51874 [ACK] Seq=1 Ack=518 Win=65535 Len=0"
"4699","96.939961","10.8.0.1","server-52-84-121-34.ord53.r.cloudfront.net","TLSv1","571","[TCP Spurious Retransmission] , Client Hello"
"4700","96.939976","server-52-84-121-34.ord53.r.cloudfront.net","10.8.0.1","TCP","54","[TCP Dup ACK 4684#2] 443  >  51878 [ACK] Seq=1 Ack=518 Win=65535 Len=0"
"4701","96.939984","10.8.0.1","104.16.53.111","TCP","54","[TCP Dup ACK 4552#2] 43042  >  443 [ACK] Seq=518 Ack=1 Win=67107840 Len=0"
"4702","96.939991","10.8.0.1","ord38s18-in-f2.1e100.net","TCP","54","[TCP Dup ACK 4654#1] 60806  >  443 [ACK] Seq=674 Ack=4309 Win=67107840 Len=0"
"4703","96.939997","10.8.0.1","edge-star-shv-01-ort2.facebook.com","TCP","54","42612  >  443 [ACK] Seq=406 Ack=2385 Win=67107840 Len=0"
"4704","96.940004","10.8.0.1","edge-star-shv-01-ort2.facebook.com","TCP","54","42618  >  443 [ACK] Seq=408 Ack=2385 Win=67107840 Len=0"
"4705","96.940011","10.8.0.1","ord38s28-in-f10.1e100.net","TCP","54","47050  >  443 [ACK] Seq=518 Ack=4682 Win=67107840 Len=0"
"4706","96.940018","10.8.0.1","ord38s18-in-f2.1e100.net","TCP","54","60826  >  443 [ACK] Seq=518 Ack=4332 Win=67107840 Len=0"
"4707","96.940024","10.8.0.1","edge-star-mini-shv-01-msp1.facebook.com","TCP","54","35480  >  443 [ACK] Seq=410 Ack=213 Win=67107840 Len=0"
"4708","96.940031","10.8.0.1","edge-star-mini-shv-01-msp1.facebook.com","TCP","54","35474  >  443 [ACK] Seq=408 Ack=213 Win=67107840 Len=0"
"4709","96.940038","10.8.0.1","edge-star-shv-01-ort2.facebook.com","TCP","54","[TCP Dup ACK 4561#2] 42636  >  443 [ACK] Seq=518 Ack=1 Win=67107840 Len=0"
"4710","96.940044","10.8.0.1","edge-star-shv-01-ort2.facebook.com","TCP","54","[TCP Dup ACK 4564#2] 42638  >  443 [ACK] Seq=518 Ack=1 Win=67107840 Len=0"
"4711","96.940051","10.8.0.1","edge-star-shv-01-ort2.facebook.com","TCP","54","[TCP Dup ACK 4567#2] 42640  >  443 [ACK] Seq=518 Ack=1 Win=67107840 Len=0"
"4712","96.940058","10.8.0.1","ord38s28-in-f10.1e100.net","TLSv1.3","118","Change Cipher Spec, Application Data"
"4713","96.940064","10.8.0.1","ord37s34-in-f10.1e100.net","TCP","54","[TCP Dup ACK 4664#1] 59832  >  443 [ACK] Seq=518 Ack=1 Win=67107840 Len=0"
"4714","96.940071","10.8.0.1","211.201.186.35.bc.googleusercontent.com","TCP","54","[TCP Dup ACK 4570#2] 33946  >  443 [ACK] Seq=518 Ack=1 Win=67107840 Len=0"
"4715","96.940082","10.8.0.1","ord38s18-in-f2.1e100.net","TLSv1.3","118","Change Cipher Spec, Application Data"
"4716","96.940089","10.8.0.1","edge-star-shv-01-ort2.facebook.com","TLSv1.3","118","Change Cipher Spec, Application Data"
"4717","96.940108","edge-star-shv-01-ort2.facebook.com","10.8.0.1","TCP","54","443  >  42612 [ACK] Seq=2385 Ack=470 Win=65535 Len=0"
"4718","96.940115","10.8.0.1","edge-star-shv-01-ort2.facebook.com","TLSv1.3","118","Change Cipher Spec, Application Data"
"4719","96.940131","edge-star-shv-01-ort2.facebook.com","10.8.0.1","TCP","54","443  >  42618 [ACK] Seq=2385 Ack=472 Win=65535 Len=0"
"4720","96.940161","10.8.0.1","edge-star-mini-shv-01-msp1.facebook.com","TLSv1.3","118","Change Cipher Spec, Application Data"
"4721","96.940181","edge-star-mini-shv-01-msp1.facebook.com","10.8.0.1","TCP","54","443  >  35480 [ACK] Seq=213 Ack=474 Win=65535 Len=0"
"4722","96.940206","10.8.0.1","edge-star-mini-shv-01-msp1.facebook.com","TLSv1.3","118","Change Cipher Spec, Application Data"
"4723","96.940224","edge-star-mini-shv-01-msp1.facebook.com","10.8.0.1","TCP","54","443  >  35474 [ACK] Seq=213 Ack=472 Win=65535 Len=0"
"4724","96.940246","10.8.0.1","ord37s34-in-f10.1e100.net","TLSv1","571","[TCP Spurious Retransmission] , Client Hello"
"4725","96.940262","ord37s34-in-f10.1e100.net","10.8.0.1","TCP","54","[TCP Dup ACK 4614#3] 443  >  59794 [ACK] Seq=1 Ack=518 Win=65535 Len=0"
"4726","96.940286","10.8.0.1","ord37s35-in-f14.1e100.net","TCP","590","34370  >  443 [ACK] Seq=2147 Ack=2589 Win=65535 Len=536 [TCP segment of a reassembled PDU]"
"4727","96.940319","ord37s35-in-f14.1e100.net","10.8.0.1","TCP","54","443  >  34370 [ACK] Seq=2589 Ack=2683 Win=65535 Len=0"
"4728","96.940328","10.8.0.1","ord37s35-in-f14.1e100.net","TLSv1.3","270","Application Data"
"4729","96.940343","ord37s35-in-f14.1e100.net","10.8.0.1","TCP","54","443  >  34370 [ACK] Seq=2589 Ack=2899 Win=65535 Len=0"
"4730","96.940350","10.8.0.1","ord37s35-in-f14.1e100.net","TCP","74","34838  >  443 [SYN] Seq=0 Win=65535 Len=0 MSS=1460 SACK_PERM=1 TSval=2464928984 TSecr=0 WS=1024"
"4731","96.941091","ord37s35-in-f14.1e100.net","10.8.0.1","TCP","54","443  >  34838 [SYN, ACK] Seq=0 Ack=1 Win=65535 Len=0"
"4732","96.941135","10.8.0.1","lga15s46-in-f35.1e100.net","TLSv1.3","78","Application Data"
"4733","96.941144","10.8.0.1","ord37s35-in-f14.1e100.net","TCP","590","[TCP Out-Of-Order] 34370  >  443 [ACK] Seq=2147 Ack=2589 Win=65535 Len=536"
"4734","96.941187","ord37s35-in-f14.1e100.net","10.8.0.1","TCP","54","443  >  34370 [ACK] Seq=2589 Ack=2683 Win=65535 Len=0"
"4735","96.941199","10.8.0.1","server-52-84-121-34.ord53.r.cloudfront.net","TLSv1","571","[TCP Spurious Retransmission] , Client Hello"
"4736","96.941236","server-52-84-121-34.ord53.r.cloudfront.net","10.8.0.1","TCP","54","[TCP Dup ACK 4678#3] 443  >  51874 [ACK] Seq=1 Ack=518 Win=65535 Len=0"
"4737","96.941246","10.8.0.1","104.244.42.66","TLSv1.3","93","[TCP Spurious Retransmission] , Application Data"
"4738","96.941261","104.244.42.66","10.8.0.1","TCP","54","[TCP Dup ACK 4578#4] 443  >  55398 [ACK] Seq=1173 Ack=2144 Win=65535 Len=0"
"4739","96.941268","10.8.0.1","server-52-84-121-34.ord53.r.cloudfront.net","TLSv1","571","[TCP Spurious Retransmission] , Client Hello"
"4740","96.941314","server-52-84-121-34.ord53.r.cloudfront.net","10.8.0.1","TCP","54","[TCP Dup ACK 4684#3] 443  >  51878 [ACK] Seq=1 Ack=518 Win=65535 Len=0"
"4741","96.941332","10.8.0.1","edge-star-shv-01-ort2.facebook.com","TLSv1.3","571","[TCP Spurious Retransmission] , Client Hello"
"4742","96.941350","edge-star-shv-01-ort2.facebook.com","10.8.0.1","TCP","54","[TCP Dup ACK 4569#1] 443  >  42640 [ACK] Seq=1 Ack=518 Win=65535 Len=0"
"4743","96.941358","10.8.0.1","edge-star-shv-01-ort2.facebook.com","TLSv1.3","571","[TCP Spurious Retransmission] , Client Hello"
"4744","96.941374","edge-star-shv-01-ort2.facebook.com","10.8.0.1","TCP","54","[TCP Dup ACK 4575#1] 443  >  42638 [ACK] Seq=1 Ack=518 Win=65535 Len=0"
"4745","96.941388","10.8.0.1","211.201.186.35.bc.googleusercontent.com","TLSv1.3","571","[TCP Spurious Retransmission] , Client Hello"
"4746","96.941403","211.201.186.35.bc.googleusercontent.com","10.8.0.1","TCP","54","[TCP Dup ACK 4573#1] 443  >  33946 [ACK] Seq=1 Ack=518 Win=65535 Len=0"
"4747","96.941417","10.8.0.1","104.16.53.111","TLSv1.2","571","[TCP Spurious Retransmission] , Client Hello"
"4748","96.941431","104.16.53.111","10.8.0.1","TCP","54","[TCP Dup ACK 4563#1] 443  >  43042 [ACK] Seq=1 Ack=518 Win=65535 Len=0"
"4749","96.941445","10.8.0.1","edge-star-shv-01-ort2.facebook.com","TLSv1.3","571","[TCP Spurious Retransmission] , Client Hello"
"4750","96.941466","edge-star-shv-01-ort2.facebook.com","10.8.0.1","TCP","54","[TCP Dup ACK 4566#1] 443  >  42636 [ACK] Seq=1 Ack=518 Win=65535 Len=0"
"4751","96.941481","10.8.0.1","ord37s34-in-f10.1e100.net","TCP","74","[TCP Retransmission] 59864  >  443 [SYN] Seq=0 Win=65535 Len=0 MSS=1460 SACK_PERM=1 TSval=2022364210 TSecr=0 WS=1024"
"4752","96.942369","ord37s34-in-f10.1e100.net","10.8.0.1","TCP","54","[TCP Retransmission] 443  >  59864 [SYN, ACK] Seq=0 Ack=1 Win=65535 Len=0"
"4753","96.942399","10.8.0.1","lga15s46-in-f35.1e100.net","TCP","78","[TCP Retransmission] 44770  >  443 [PSH, ACK] Seq=832 Ack=80174 Win=65535 Len=24"
"4754","96.942408","10.8.0.1","52.232.209.85","TCP","74","[TCP Retransmission] 58168  >  443 [SYN] Seq=0 Win=65535 Len=0 MSS=1460 SACK_PERM=1 TSval=120380390 TSecr=0 WS=1024"
"4755","96.943228","52.232.209.85","10.8.0.1","TCP","54","[TCP Retransmission] 443  >  58168 [SYN, ACK] Seq=0 Ack=1 Win=65535 Len=0"
"4756","96.943246","10.8.0.1","ord37s35-in-f14.1e100.net","TCP","590","[TCP Spurious Retransmission] 34370  >  443 [ACK] Seq=2147 Ack=2589 Win=65535 Len=536"
"4757","96.943264","ord37s35-in-f14.1e100.net","10.8.0.1","TCP","54","[TCP Dup ACK 4734#1] 443  >  34370 [ACK] Seq=2589 Ack=2683 Win=65535 Len=0"
"4758","96.943272","10.8.0.1","151.101.129.35","TCP","54","53826  >  443 [ACK] Seq=179 Ack=4050 Win=67107840 Len=0"
"4759","96.943279","10.8.0.1","151.101.65.35","TCP","54","53124  >  443 [ACK] Seq=518 Ack=4338 Win=67107840 Len=0"
"4760","96.943287","10.8.0.1","151.101.65.35","TCP","54","53130  >  443 [ACK] Seq=518 Ack=4338 Win=67107840 Len=0"
"4761","96.943294","10.8.0.1","151.101.65.35","TCP","54","53126  >  443 [ACK] Seq=518 Ack=4338 Win=67107840 Len=0"
"4762","96.943301","10.8.0.1","ccg12-origin-api-1.paypal.com","TCP","54","40178  >  443 [ACK] Seq=518 Ack=5043 Win=67107840 Len=0"
"4763","96.943308","10.8.0.1","18.92.106.34.bc.googleusercontent.com","TCP","54","50004  >  443 [ACK] Seq=518 Ack=3845 Win=67107840 Len=0"
"4764","96.943315","10.8.0.1","ord37s34-in-f10.1e100.net","TCP","54","[TCP Dup ACK 4612#2] 59794  >  443 [ACK] Seq=518 Ack=1 Win=67107840 Len=0"
"4765","96.943322","10.8.0.1","ord37s34-in-f10.1e100.net","TCP","54","59864  >  443 [ACK] Seq=1 Ack=1 Win=67107840 Len=0"
"4766","96.943329","10.8.0.1","ord37s34-in-f10.1e100.net","TLSv1","571","Client Hello"
"4767","96.943345","ord37s34-in-f10.1e100.net","10.8.0.1","TCP","54","443  >  59864 [ACK] Seq=1 Ack=518 Win=65535 Len=0"
"4768","96.943351","10.8.0.1","20.42.65.89","TCP","54","[TCP Dup ACK 4618#2] 40372  >  443 [ACK] Seq=518 Ack=1 Win=67107840 Len=0"
"4769","96.943358","10.8.0.1","52.232.209.85","TCP","54","58168  >  443 [ACK] Seq=1 Ack=1 Win=67107840 Len=0"
"4770","96.943364","10.8.0.1","server-52-84-121-34.ord53.r.cloudfront.net","TCP","54","[TCP Dup ACK 4668#1] 51874  >  443 [ACK] Seq=518 Ack=1 Win=67107840 Len=0"
"4771","96.943371","10.8.0.1","ec2-52-34-176-190.us-west-2.compute.amazonaws.com","TCP","54","[TCP Dup ACK 4669#1] 37464  >  443 [ACK] Seq=518 Ack=1 Win=67107840 Len=0"
"4772","96.943379","10.8.0.1","server-52-84-121-34.ord53.r.cloudfront.net","TCP","54","[TCP Dup ACK 4670#1] 51878  >  443 [ACK] Seq=518 Ack=1 Win=67107840 Len=0"
"4773","96.943386","10.8.0.1","lga15s46-in-f22.1e100.net","TCP","54","[TCP Dup ACK 4655#1] 33764  >  443 [ACK] Seq=518 Ack=4175 Win=67107840 Len=0"
"4774","96.943394","10.8.0.1","lga15s46-in-f22.1e100.net","TCP","54","[TCP Dup ACK 4655#2] 33764  >  443 [ACK] Seq=518 Ack=4175 Win=67107840 Len=0"
"4775","96.943400","10.8.0.1","lga15s46-in-f22.1e100.net","TCP","54","[TCP Dup ACK 4650#1] 33758  >  443 [ACK] Seq=518 Ack=4175 Win=67107840 Len=0"
"4776","96.943406","10.8.0.1","lga15s46-in-f22.1e100.net","TCP","54","[TCP Dup ACK 4650#2] 33758  >  443 [ACK] Seq=518 Ack=4175 Win=67107840 Len=0"
"4777","96.943413","10.8.0.1","52.232.209.85","TLSv1","571","Client Hello"
"4778","96.943426","52.232.209.85","10.8.0.1","TCP","54","443  >  58168 [ACK] Seq=1 Ack=518 Win=65535 Len=0"
"4779","96.943432","10.8.0.1","ec2-52-34-176-190.us-west-2.compute.amazonaws.com","TCP","54","[TCP Dup ACK 4671#1] 37468  >  443 [ACK] Seq=518 Ack=1 Win=67107840 Len=0"
"4780","96.943439","10.8.0.1","151.101.194.133","TCP","54","[TCP Dup ACK 4673#1] 46216  >  443 [ACK] Seq=518 Ack=4135 Win=67107840 Len=0"
"4781","96.943445","10.8.0.1","151.101.194.133","TCP","54","[TCP Dup ACK 4673#2] 46216  >  443 [ACK] Seq=518 Ack=4135 Win=67107840 Len=0"
"4782","96.943450","10.8.0.1","ord37s34-in-f10.1e100.net","TCP","54","[TCP Dup ACK 4765#1] 59864  >  443 [ACK] Seq=518 Ack=1 Win=67107840 Len=0"
"4783","96.943456","10.8.0.1","52.232.209.85","TCP","54","[TCP Dup ACK 4769#1] 58168  >  443 [ACK] Seq=518 Ack=1 Win=67107840 Len=0"
"4784","96.943472","10.8.0.1","ord37s35-in-f14.1e100.net","TCP","270","[TCP Retransmission] 34370  >  443 [PSH, ACK] Seq=2683 Ack=2589 Win=65535 Len=216"
"4785","96.943485","ord37s35-in-f14.1e100.net","10.8.0.1","TCP","54","443  >  34370 [ACK] Seq=2589 Ack=2899 Win=65535 Len=0"
"4786","96.943491","10.8.0.1","ord37s35-in-f14.1e100.net","TCP","54","34838  >  443 [ACK] Seq=1 Ack=1 Win=65535 Len=0"
"4787","96.943508","10.8.0.1","ord37s35-in-f14.1e100.net","TLSv1.3","571","Client Hello"
"4788","96.943521","ord37s35-in-f14.1e100.net","10.8.0.1","TCP","54","443  >  34838 [ACK] Seq=1 Ack=518 Win=65535 Len=0"
"4789","96.976820","10.8.0.1","151.101.65.35","TLSv1.3","118","Change Cipher Spec, Application Data"
"4790","96.976916","151.101.65.35","10.8.0.1","TCP","54","443  >  53126 [ACK] Seq=4338 Ack=582 Win=65535 Len=0"
"4791","96.978056","10.8.0.1","ccg12-origin-api-1.paypal.com","TLSv1.2","192","Certificate, Client Key Exchange, Change Cipher Spec, Encrypted Handshake Message"
"4792","96.978077","ccg12-origin-api-1.paypal.com","10.8.0.1","TCP","54","443  >  40178 [ACK] Seq=5043 Ack=656 Win=65535 Len=0"
"4793","96.983854","10.8.0.1","151.101.65.35","TLSv1.3","118","Change Cipher Spec, Application Data"
"4794","96.983875","151.101.65.35","10.8.0.1","TCP","54","443  >  53130 [ACK] Seq=4338 Ack=582 Win=65535 Len=0"
"4795","96.985618","10.8.0.1","151.101.65.35","TLSv1.3","100","Application Data"
"4796","96.985632","151.101.65.35","10.8.0.1","TCP","54","443  >  53126 [ACK] Seq=4338 Ack=628 Win=65535 Len=0"
"4797","96.985847","10.8.0.1","151.101.65.35","TLSv1.3","91","Application Data"
"4798","96.985858","151.101.65.35","10.8.0.1","TCP","54","443  >  53126 [ACK] Seq=4338 Ack=665 Win=65535 Len=0"
"4799","96.986033","10.8.0.1","151.101.65.35","TLSv1.3","89","Application Data"
"4800","96.986042","151.101.65.35","10.8.0.1","TCP","54","443  >  53126 [ACK] Seq=4338 Ack=700 Win=65535 Len=0"
"4801","96.993007","10.8.0.1","151.101.65.35","TCP","590","53126  >  443 [ACK] Seq=700 Ack=4338 Win=67107840 Len=536 [TCP segment of a reassembled PDU]"
"4802","96.993051","151.101.65.35","10.8.0.1","TCP","54","443  >  53126 [ACK] Seq=4338 Ack=1236 Win=65535 Len=0"
"4803","96.993057","10.8.0.1","151.101.65.35","TCP","590","53126  >  443 [ACK] Seq=1236 Ack=4338 Win=67107840 Len=536 [TCP segment of a reassembled PDU]"
"4804","96.993079","151.101.65.35","10.8.0.1","TCP","54","443  >  53126 [ACK] Seq=4338 Ack=1772 Win=65535 Len=0"
"4805","96.993084","10.8.0.1","151.101.65.35","TCP","590","53126  >  443 [ACK] Seq=1772 Ack=4338 Win=67107840 Len=536 [TCP segment of a reassembled PDU]"
"4806","96.993116","151.101.65.35","10.8.0.1","TCP","54","443  >  53126 [ACK] Seq=4338 Ack=2308 Win=65535 Len=0"
"4807","96.993121","10.8.0.1","151.101.65.35","TCP","590","53126  >  443 [ACK] Seq=2308 Ack=4338 Win=67107840 Len=536 [TCP segment of a reassembled PDU]"
"4808","96.993137","151.101.65.35","10.8.0.1","TCP","54","443  >  53126 [ACK] Seq=4338 Ack=2844 Win=65535 Len=0"
"4809","96.993143","10.8.0.1","151.101.65.35","TCP","590","53126  >  443 [ACK] Seq=2844 Ack=4338 Win=67107840 Len=536 [TCP segment of a reassembled PDU]"
"4810","96.993160","151.101.65.35","10.8.0.1","TCP","54","443  >  53126 [ACK] Seq=4338 Ack=3380 Win=65535 Len=0"
"4811","96.993166","10.8.0.1","151.101.65.35","TCP","590","53126  >  443 [PSH, ACK] Seq=3380 Ack=4338 Win=67107840 Len=536 [TCP segment of a reassembled PDU]"
"4812","96.993178","151.101.65.35","10.8.0.1","TCP","54","443  >  53126 [ACK] Seq=4338 Ack=3916 Win=65535 Len=0"
"4813","96.993183","10.8.0.1","151.101.65.35","TCP","590","53126  >  443 [ACK] Seq=3916 Ack=4338 Win=67107840 Len=536 [TCP segment of a reassembled PDU]"
"4814","96.993192","151.101.65.35","10.8.0.1","TCP","54","443  >  53126 [ACK] Seq=4338 Ack=4452 Win=65535 Len=0"
"4815","96.993199","10.8.0.1","151.101.65.35","TCP","590","53126  >  443 [PSH, ACK] Seq=4452 Ack=4338 Win=67107840 Len=536 [TCP segment of a reassembled PDU]"
"4816","96.993209","151.101.65.35","10.8.0.1","TCP","54","443  >  53126 [ACK] Seq=4338 Ack=4988 Win=65535 Len=0"
"4817","96.993214","10.8.0.1","151.101.65.35","TCP","590","53126  >  443 [ACK] Seq=4988 Ack=4338 Win=67107840 Len=536 [TCP segment of a reassembled PDU]"
"4818","96.993228","151.101.65.35","10.8.0.1","TCP","54","443  >  53126 [ACK] Seq=4338 Ack=5524 Win=65535 Len=0"
"4819","96.993234","10.8.0.1","151.101.65.35","TCP","590","53126  >  443 [PSH, ACK] Seq=5524 Ack=4338 Win=67107840 Len=536 [TCP segment of a reassembled PDU]"
"4820","96.993244","151.101.65.35","10.8.0.1","TCP","54","443  >  53126 [ACK] Seq=4338 Ack=6060 Win=65535 Len=0"
"4821","96.993249","10.8.0.1","151.101.65.35","TCP","590","53126  >  443 [ACK] Seq=6060 Ack=4338 Win=67107840 Len=536 [TCP segment of a reassembled PDU]"
"4822","96.993258","151.101.65.35","10.8.0.1","TCP","54","443  >  53126 [ACK] Seq=4338 Ack=6596 Win=65535 Len=0"
"4823","96.993264","10.8.0.1","151.101.65.35","TLSv1.3","569","Application Data"
"4824","96.993273","151.101.65.35","10.8.0.1","TCP","54","443  >  53126 [ACK] Seq=4338 Ack=7111 Win=65535 Len=0"
"4825","96.994601","10.8.0.1","18.92.106.34.bc.googleusercontent.com","TLSv1.3","134","Change Cipher Spec, Application Data"
"4826","96.994617","18.92.106.34.bc.googleusercontent.com","10.8.0.1","TCP","54","443  >  50004 [ACK] Seq=3845 Ack=598 Win=65535 Len=0"
"4827","96.997118","10.8.0.1","18.92.106.34.bc.googleusercontent.com","TLSv1.3","344","Application Data"
"4828","96.997132","18.92.106.34.bc.googleusercontent.com","10.8.0.1","TCP","54","443  >  50004 [ACK] Seq=3845 Ack=888 Win=65535 Len=0"
"4829","97.009542","10.8.0.1","151.101.65.35","TLSv1.3","118","Change Cipher Spec, Application Data"
"4830","97.009559","151.101.65.35","10.8.0.1","TCP","54","443  >  53124 [ACK] Seq=4338 Ack=582 Win=65535 Len=0"
"4831","97.010481","10.8.0.1","151.101.65.35","TLSv1.3","100","Application Data"
"4832","97.010493","151.101.65.35","10.8.0.1","TCP","54","443  >  53124 [ACK] Seq=4338 Ack=628 Win=65535 Len=0"
"4833","97.010654","10.8.0.1","151.101.65.35","TLSv1.3","91","Application Data"
"4834","97.010663","151.101.65.35","10.8.0.1","TCP","54","443  >  53124 [ACK] Seq=4338 Ack=665 Win=65535 Len=0"
"4835","97.010811","10.8.0.1","151.101.65.35","TLSv1.3","89","Application Data"
"4836","97.010821","151.101.65.35","10.8.0.1","TCP","54","443  >  53124 [ACK] Seq=4338 Ack=700 Win=65535 Len=0"
"4837","97.011398","10.8.0.1","151.101.65.35","TLSv1.3","78","Application Data"
"4838","97.011409","151.101.65.35","10.8.0.1","TCP","54","443  >  53124 [ACK] Seq=4338 Ack=724 Win=65535 Len=0"
"4839","97.025610","10.8.0.1","151.101.65.35","TCP","54","53124  >  443 [FIN, ACK] Seq=724 Ack=4338 Win=67107840 Len=0"
"4840","97.025742","151.101.65.35","10.8.0.1","TCP","54","443  >  53124 [ACK] Seq=4338 Ack=725 Win=65535 Len=0"
"4841","97.025796","151.101.65.35","10.8.0.1","TCP","54","443  >  53124 [FIN, ACK] Seq=4338 Ack=725 Win=65535 Len=0"
"4842","97.025887","10.8.0.1","151.101.65.35","TCP","54","53124  >  443 [ACK] Seq=725 Ack=4339 Win=67107840 Len=0"
"4843","97.026524","10.8.0.1","151.101.65.35","TCP","590","53126  >  443 [ACK] Seq=7111 Ack=4338 Win=67107840 Len=536 [TCP segment of a reassembled PDU]"
"4844","97.026555","151.101.65.35","10.8.0.1","TCP","54","443  >  53126 [ACK] Seq=4338 Ack=7647 Win=65535 Len=0"
"4845","97.026561","10.8.0.1","151.101.65.35","TCP","590","53126  >  443 [PSH, ACK] Seq=7647 Ack=4338 Win=67107840 Len=536 [TCP segment of a reassembled PDU]"
"4846","97.026572","151.101.65.35","10.8.0.1","TCP","54","443  >  53126 [ACK] Seq=4338 Ack=8183 Win=65535 Len=0"
"4847","97.026577","10.8.0.1","151.101.65.35","TCP","590","53126  >  443 [ACK] Seq=8183 Ack=4338 Win=67107840 Len=536 [TCP segment of a reassembled PDU]"
"4848","97.026586","151.101.65.35","10.8.0.1","TCP","54","443  >  53126 [ACK] Seq=4338 Ack=8719 Win=65535 Len=0"
"4849","97.026593","10.8.0.1","151.101.65.35","TCP","590","53126  >  443 [PSH, ACK] Seq=8719 Ack=4338 Win=67107840 Len=536 [TCP segment of a reassembled PDU]"
"4850","97.026602","151.101.65.35","10.8.0.1","TCP","54","443  >  53126 [ACK] Seq=4338 Ack=9255 Win=65535 Len=0"
"4851","97.026607","10.8.0.1","151.101.65.35","TCP","590","53126  >  443 [ACK] Seq=9255 Ack=4338 Win=67107840 Len=536 [TCP segment of a reassembled PDU]"
"4852","97.026616","151.101.65.35","10.8.0.1","TCP","54","443  >  53126 [ACK] Seq=4338 Ack=9791 Win=65535 Len=0"
"4853","97.026623","10.8.0.1","151.101.65.35","TCP","590","53126  >  443 [PSH, ACK] Seq=9791 Ack=4338 Win=67107840 Len=536 [TCP segment of a reassembled PDU]"
"4854","97.026632","151.101.65.35","10.8.0.1","TCP","54","443  >  53126 [ACK] Seq=4338 Ack=10327 Win=65535 Len=0"
"4855","97.026637","10.8.0.1","151.101.65.35","TCP","590","53126  >  443 [ACK] Seq=10327 Ack=4338 Win=67107840 Len=536 [TCP segment of a reassembled PDU]"
"4856","97.026658","151.101.65.35","10.8.0.1","TCP","54","443  >  53126 [ACK] Seq=4338 Ack=10863 Win=65535 Len=0"
"4857","97.026664","10.8.0.1","151.101.65.35","TCP","590","53126  >  443 [PSH, ACK] Seq=10863 Ack=4338 Win=67107840 Len=536 [TCP segment of a reassembled PDU]"
"4858","97.026674","151.101.65.35","10.8.0.1","TCP","54","443  >  53126 [ACK] Seq=4338 Ack=11399 Win=65535 Len=0"
"4859","97.026679","10.8.0.1","151.101.65.35","TCP","590","53126  >  443 [ACK] Seq=11399 Ack=4338 Win=67107840 Len=536 [TCP segment of a reassembled PDU]"
"4860","97.026689","151.101.65.35","10.8.0.1","TCP","54","443  >  53126 [ACK] Seq=4338 Ack=11935 Win=65535 Len=0"
"4861","97.026695","10.8.0.1","151.101.65.35","TLSv1.3","177","Application Data"
"4862","97.026704","151.101.65.35","10.8.0.1","TCP","54","443  >  53126 [ACK] Seq=4338 Ack=12058 Win=65535 Len=0"
"4863","97.028319","10.8.0.1","151.101.129.35","TLSv1.2","147","Client Key Exchange, Change Cipher Spec, Encrypted Handshake Message"
"4864","97.028337","151.101.129.35","10.8.0.1","TCP","54","443  >  53826 [ACK] Seq=4050 Ack=272 Win=65535 Len=0"
"4865","97.031316","10.8.0.1","151.101.65.35","TLSv1.3","100","Application Data"
"4866","97.031330","151.101.65.35","10.8.0.1","TCP","54","443  >  53130 [ACK] Seq=4338 Ack=628 Win=65535 Len=0"
"4867","97.032178","10.8.0.1","151.101.65.35","TLSv1.3","91","Application Data"
"4868","97.032187","151.101.65.35","10.8.0.1","TCP","54","443  >  53130 [ACK] Seq=4338 Ack=665 Win=65535 Len=0"
"4869","97.037734","10.8.0.1","151.101.65.35","TLSv1.3","89","Application Data"
"4870","97.037746","151.101.65.35","10.8.0.1","TCP","54","443  >  53130 [ACK] Seq=4338 Ack=700 Win=65535 Len=0"
"4871","97.039060","10.8.0.1","151.101.65.35","TCP","590","53130  >  443 [ACK] Seq=700 Ack=4338 Win=67107840 Len=536 [TCP segment of a reassembled PDU]"
"4872","97.039071","151.101.65.35","10.8.0.1","TCP","54","443  >  53130 [ACK] Seq=4338 Ack=1236 Win=65535 Len=0"
"4873","97.039082","10.8.0.1","151.101.65.35","TCP","590","53130  >  443 [ACK] Seq=1236 Ack=4338 Win=67107840 Len=536 [TCP segment of a reassembled PDU]"
"4874","97.039102","151.101.65.35","10.8.0.1","TCP","54","443  >  53130 [ACK] Seq=4338 Ack=1772 Win=65535 Len=0"
"4875","97.039109","10.8.0.1","151.101.65.35","TCP","590","53130  >  443 [ACK] Seq=1772 Ack=4338 Win=67107840 Len=536 [TCP segment of a reassembled PDU]"
"4876","97.039119","151.101.65.35","10.8.0.1","TCP","54","443  >  53130 [ACK] Seq=4338 Ack=2308 Win=65535 Len=0"
"4877","97.039127","10.8.0.1","151.101.65.35","TCP","590","53130  >  443 [ACK] Seq=2308 Ack=4338 Win=67107840 Len=536 [TCP segment of a reassembled PDU]"
"4878","97.039136","151.101.65.35","10.8.0.1","TCP","54","443  >  53130 [ACK] Seq=4338 Ack=2844 Win=65535 Len=0"
"4879","97.039150","10.8.0.1","151.101.65.35","TLSv1.3","431","Application Data"
"4880","97.039161","151.101.65.35","10.8.0.1","TCP","54","443  >  53130 [ACK] Seq=4338 Ack=3221 Win=65535 Len=0"
"4881","97.043368","104.16.53.111","10.8.0.1","TLSv1.2","1432","Server Hello"
"4882","97.043375","10.8.0.1","104.16.53.111","TCP","54","43042  >  443 [ACK] Seq=518 Ack=1379 Win=67107840 Len=0"
"4883","97.046165","104.16.53.111","10.8.0.1","TLSv1.2","1432","Certificate, Certificate Status"
"4884","97.046202","edge-star-shv-01-ort2.facebook.com","10.8.0.1","TLSv1.3","1432","Server Hello, Change Cipher Spec, Application Data"
"4885","97.046207","10.8.0.1","104.16.53.111","TCP","54","43042  >  443 [ACK] Seq=518 Ack=2757 Win=67107840 Len=0"
"4886","97.046224","104.16.53.111","10.8.0.1","TLSv1.2","102","Server Key Exchange, Server Hello Done"
"4887","97.046228","10.8.0.1","edge-star-shv-01-ort2.facebook.com","TCP","54","42636  >  443 [ACK] Seq=518 Ack=1379 Win=67107840 Len=0"
"4888","97.046243","edge-star-shv-01-ort2.facebook.com","10.8.0.1","TCP","56","443  >  42636 [PSH, ACK] Seq=1379 Ack=518 Win=65535 Len=2 [TCP segment of a reassembled PDU]"
"4889","97.046247","10.8.0.1","104.16.53.111","TCP","54","43042  >  443 [ACK] Seq=518 Ack=2805 Win=67107840 Len=0"
"4890","97.046253","10.8.0.1","edge-star-shv-01-ort2.facebook.com","TCP","54","42636  >  443 [ACK] Seq=518 Ack=1381 Win=67107840 Len=0"
"4891","97.046283","lga15s46-in-f22.1e100.net","10.8.0.1","TCP","78","443  >  33764 [PSH, ACK] Seq=4175 Ack=518 Win=65535 Len=24 [TCP segment of a reassembled PDU]"
"4892","97.046290","10.8.0.1","lga15s46-in-f22.1e100.net","TCP","54","33764  >  443 [ACK] Seq=518 Ack=4199 Win=67107840 Len=0"
"4893","97.046302","lga15s46-in-f22.1e100.net","10.8.0.1","TCP","54","443  >  33764 [FIN, ACK] Seq=4199 Ack=518 Win=65535 Len=0"
"4894","97.046373","edge-star-shv-01-ort2.facebook.com","10.8.0.1","TLSv1.3","233","Application Data"
"4895","97.046380","10.8.0.1","edge-star-shv-01-ort2.facebook.com","TCP","54","42618  >  443 [ACK] Seq=472 Ack=2564 Win=67107840 Len=0"
"4896","97.046399","lga15s46-in-f22.1e100.net","10.8.0.1","TCP","78","443  >  33758 [PSH, ACK] Seq=4175 Ack=518 Win=65535 Len=24 [TCP segment of a reassembled PDU]"
"4897","97.046422","edge-star-shv-01-ort2.facebook.com","10.8.0.1","TLSv1.3","233","Application Data"
"4898","97.046448","151.101.194.133","10.8.0.1","TCP","61","443  >  46216 [PSH, ACK] Seq=4135 Ack=518 Win=65535 Len=7 [TCP segment of a reassembled PDU]"
"4899","97.046454","10.8.0.1","lga15s46-in-f22.1e100.net","TCP","54","33758  >  443 [ACK] Seq=518 Ack=4199 Win=67107840 Len=0"
"4900","97.046465","lga15s46-in-f22.1e100.net","10.8.0.1","TCP","54","443  >  33758 [FIN, ACK] Seq=4199 Ack=518 Win=65535 Len=0"
"4901","97.046487","10.8.0.1","edge-star-shv-01-ort2.facebook.com","TCP","54","42612  >  443 [ACK] Seq=470 Ack=2564 Win=67107840 Len=0"
"4902","97.046492","10.8.0.1","151.101.194.133","TCP","54","46216  >  443 [ACK] Seq=518 Ack=4142 Win=67107840 Len=0"
"4903","97.046514","151.101.194.133","10.8.0.1","TCP","54","443  >  46216 [FIN, ACK] Seq=4142 Ack=518 Win=65535 Len=0"
"4904","97.049395","211.201.186.35.bc.googleusercontent.com","10.8.0.1","TLSv1.3","1432","Server Hello, Change Cipher Spec"
"4905","97.049415","edge-star-shv-01-ort2.facebook.com","10.8.0.1","TLSv1.3","1432","Application Data [TCP segment of a reassembled PDU]"
"4906","97.049419","10.8.0.1","211.201.186.35.bc.googleusercontent.com","TCP","54","33946  >  443 [ACK] Seq=518 Ack=1379 Win=67107840 Len=0"
"4907","97.049434","211.201.186.35.bc.googleusercontent.com","10.8.0.1","TCP","94","443  >  33946 [PSH, ACK] Seq=1379 Ack=518 Win=65535 Len=40 [TCP segment of a reassembled PDU]"
"4908","97.049438","10.8.0.1","edge-star-shv-01-ort2.facebook.com","TCP","54","42636  >  443 [ACK] Seq=518 Ack=2759 Win=67107840 Len=0"
"4909","97.049443","10.8.0.1","211.201.186.35.bc.googleusercontent.com","TCP","54","33946  >  443 [ACK] Seq=518 Ack=1419 Win=67107840 Len=0"
"4910","97.049466","211.201.186.35.bc.googleusercontent.com","10.8.0.1","TCP","2810","443  >  33946 [PSH, ACK] Seq=1419 Ack=518 Win=65535 Len=2756 [TCP segment of a reassembled PDU]"
"4911","97.049477","10.8.0.1","211.201.186.35.bc.googleusercontent.com","TCP","54","33946  >  443 [ACK] Seq=518 Ack=4175 Win=67107840 Len=0"
"4912","97.050155","10.8.0.1","lga15s46-in-f22.1e100.net","TCP","54","33764  >  443 [FIN, ACK] Seq=518 Ack=4200 Win=67107840 Len=0"
"4913","97.050267","lga15s46-in-f22.1e100.net","10.8.0.1","TCP","54","443  >  33764 [ACK] Seq=4200 Ack=519 Win=65535 Len=0"
"4914","97.050311","lga15s46-in-f22.1e100.net","10.8.0.1","TCP","54","443  >  33764 [FIN, ACK] Seq=4200 Ack=519 Win=65535 Len=0"
"4915","97.050322","10.8.0.1","lga15s46-in-f22.1e100.net","TCP","54","33764  >  443 [RST] Seq=519 Win=0 Len=0"
"4916","97.051542","10.8.0.1","lga15s46-in-f22.1e100.net","TCP","74","34006  >  443 [SYN] Seq=0 Win=65535 Len=0 MSS=1460 SACK_PERM=1 TSval=2717682217 TSecr=0 WS=1024"
"4917","97.052407","lga15s46-in-f22.1e100.net","10.8.0.1","TCP","54","443  >  34006 [SYN, ACK] Seq=0 Ack=1 Win=65535 Len=0"
"4918","97.052431","10.8.0.1","lga15s46-in-f22.1e100.net","TCP","54","33758  >  443 [FIN, ACK] Seq=518 Ack=4200 Win=67107840 Len=0"
"4919","97.052512","lga15s46-in-f22.1e100.net","10.8.0.1","TCP","54","443  >  33758 [ACK] Seq=4200 Ack=519 Win=65535 Len=0"
"4920","97.052543","lga15s46-in-f22.1e100.net","10.8.0.1","TCP","54","443  >  33758 [FIN, ACK] Seq=4200 Ack=519 Win=65535 Len=0"
"4921","97.052553","10.8.0.1","lga15s46-in-f22.1e100.net","TCP","54","34006  >  443 [ACK] Seq=1 Ack=1 Win=65535 Len=0"
"4922","97.052562","10.8.0.1","lga15s46-in-f22.1e100.net","TCP","54","33758  >  443 [RST] Seq=519 Win=0 Len=0"
"4923","97.054826","10.8.0.1","151.101.194.133","TCP","54","46216  >  443 [FIN, ACK] Seq=518 Ack=4143 Win=67107840 Len=0"
"4924","97.054888","151.101.194.133","10.8.0.1","TCP","54","443  >  46216 [ACK] Seq=4143 Ack=519 Win=65535 Len=0"
"4925","97.054917","151.101.194.133","10.8.0.1","TCP","54","443  >  46216 [FIN, ACK] Seq=4143 Ack=519 Win=65535 Len=0"
"4926","97.054925","10.8.0.1","151.101.194.133","TCP","54","46216  >  443 [RST] Seq=519 Win=0 Len=0"
"4927","97.055047","edge-star-shv-01-ort2.facebook.com","10.8.0.1","TLSv1.3","1432","Server Hello, Change Cipher Spec, Application Data"
"4928","97.055067","10.8.0.1","edge-star-shv-01-ort2.facebook.com","TCP","54","42638  >  443 [ACK] Seq=518 Ack=1379 Win=67107840 Len=0"
"4929","97.055646","10.8.0.1","151.101.130.133","TCP","74","59408  >  443 [SYN] Seq=0 Win=65535 Len=0 MSS=1460 SACK_PERM=1 TSval=3766941628 TSecr=0 WS=1024"
"4930","97.057142","151.101.130.133","10.8.0.1","TCP","54","443  >  59408 [SYN, ACK] Seq=0 Ack=1 Win=65535 Len=0"
"4931","97.057168","10.8.0.1","151.101.130.133","TCP","54","59408  >  443 [ACK] Seq=1 Ack=1 Win=65535 Len=0"
"4932","97.057229","ord37s34-in-f10.1e100.net","10.8.0.1","TLSv1.3","4228","Server Hello, Change Cipher Spec"
"4933","97.057286","ord37s34-in-f10.1e100.net","10.8.0.1","TLSv1.3","4228","Server Hello, Change Cipher Spec"
"4934","97.057334","edge-star-shv-01-ort2.facebook.com","10.8.0.1","TLSv1.3","2812","Server Hello, Change Cipher Spec, Application Data, Application Data"
"4935","97.057363","edge-star-shv-01-ort2.facebook.com","10.8.0.1","TLSv1.3","1434","Application Data [TCP segment of a reassembled PDU]"
"4936","97.057407","edge-star-mini-shv-01-msp1.facebook.com","10.8.0.1","TLSv1.3","233","Application Data"
"4937","97.057436","edge-star-mini-shv-01-msp1.facebook.com","10.8.0.1","TLSv1.3","233","Application Data"
"4938","97.057445","10.8.0.1","lga15s46-in-f22.1e100.net","TCP","74","34014  >  443 [SYN] Seq=0 Win=65535 Len=0 MSS=1460 SACK_PERM=1 TSval=2717682223 TSecr=0 WS=1024"
"4939","97.058285","lga15s46-in-f22.1e100.net","10.8.0.1","TCP","54","443  >  34014 [SYN, ACK] Seq=0 Ack=1 Win=65535 Len=0"
"4940","97.058304","10.8.0.1","ord37s34-in-f10.1e100.net","TCP","54","59832  >  443 [ACK] Seq=518 Ack=4175 Win=67107840 Len=0"
"4941","97.058340","151.101.65.35","10.8.0.1","TLSv1.3","113","Application Data"
"4942","97.058349","10.8.0.1","ord37s34-in-f10.1e100.net","TCP","54","59824  >  443 [ACK] Seq=518 Ack=4175 Win=67107840 Len=0"
"4943","97.058356","10.8.0.1","edge-star-shv-01-ort2.facebook.com","TCP","54","42640  >  443 [ACK] Seq=518 Ack=2759 Win=67107840 Len=0"
"4944","97.058362","10.8.0.1","edge-star-shv-01-ort2.facebook.com","TCP","54","42638  >  443 [ACK] Seq=518 Ack=2759 Win=67107840 Len=0"
"4945","97.058368","10.8.0.1","edge-star-mini-shv-01-msp1.facebook.com","TCP","54","35480  >  443 [ACK] Seq=474 Ack=392 Win=67107840 Len=0"
"4946","97.058374","10.8.0.1","edge-star-mini-shv-01-msp1.facebook.com","TCP","54","35474  >  443 [ACK] Seq=472 Ack=392 Win=67107840 Len=0"
"4947","97.058380","10.8.0.1","lga15s46-in-f22.1e100.net","TCP","54","34014  >  443 [ACK] Seq=1 Ack=1 Win=65535 Len=0"
"4948","97.059593","10.8.0.1","lga15s46-in-f22.1e100.net","TLSv1.3","571","Client Hello"
"4949","97.059613","lga15s46-in-f22.1e100.net","10.8.0.1","TCP","54","443  >  34006 [ACK] Seq=1 Ack=518 Win=65535 Len=0"
"4950","97.060085","10.8.0.1","lga15s46-in-f22.1e100.net","TLSv1.3","571","Client Hello"
"4951","97.060099","lga15s46-in-f22.1e100.net","10.8.0.1","TCP","54","443  >  34014 [ACK] Seq=1 Ack=518 Win=65535 Len=0"
"4952","97.060493","10.8.0.1","151.101.65.35","TCP","54","53126  >  443 [ACK] Seq=12058 Ack=4397 Win=67107840 Len=0"
"4953","97.062534","10.8.0.1","151.101.65.35","TLSv1.3","85","Application Data"
"4954","97.062592","151.101.65.35","10.8.0.1","TCP","54","443  >  53126 [ACK] Seq=4397 Ack=12089 Win=65535 Len=0"
"4955","97.066195","104.244.42.66","10.8.0.1","TLSv1.3","93","Application Data"
"4956","97.066238","10.8.0.1","104.244.42.66","TCP","54","55398  >  443 [ACK] Seq=2144 Ack=1212 Win=65535 Len=0"
"4957","97.074120","ccg12-origin-api-1.paypal.com","10.8.0.1","TLSv1.2","328","New Session Ticket, Change Cipher Spec, Encrypted Handshake Message"
"4958","97.074128","10.8.0.1","ccg12-origin-api-1.paypal.com","TCP","54","40178  >  443 [ACK] Seq=656 Ack=5317 Win=67107840 Len=0"
"4959","97.074534","10.8.0.1","151.101.130.133","TLSv1.2","571","Client Hello"
"4960","97.074560","151.101.130.133","10.8.0.1","TCP","54","443  >  59408 [ACK] Seq=1 Ack=518 Win=65535 Len=0"
"4961","97.077206","10.8.0.1","ccg12-origin-api-1.paypal.com","TCP","590","40178  >  443 [ACK] Seq=656 Ack=5317 Win=67107840 Len=536 [TCP segment of a reassembled PDU]"
"4962","97.077215","ccg12-origin-api-1.paypal.com","10.8.0.1","TCP","54","443  >  40178 [ACK] Seq=5317 Ack=1192 Win=65535 Len=0"
"4963","97.077230","10.8.0.1","ccg12-origin-api-1.paypal.com","TCP","590","40178  >  443 [ACK] Seq=1192 Ack=5317 Win=67107840 Len=536 [TCP segment of a reassembled PDU]"
"4964","97.077240","ccg12-origin-api-1.paypal.com","10.8.0.1","TCP","54","443  >  40178 [ACK] Seq=5317 Ack=1728 Win=65535 Len=0"
"4965","97.077257","10.8.0.1","ccg12-origin-api-1.paypal.com","TCP","590","40178  >  443 [ACK] Seq=1728 Ack=5317 Win=67107840 Len=536 [TCP segment of a reassembled PDU]"
"4966","97.077267","ccg12-origin-api-1.paypal.com","10.8.0.1","TCP","54","443  >  40178 [ACK] Seq=5317 Ack=2264 Win=65535 Len=0"
"4967","97.077273","10.8.0.1","ccg12-origin-api-1.paypal.com","TLSv1.2","500","Application Data"
"4968","97.077283","ccg12-origin-api-1.paypal.com","10.8.0.1","TCP","54","443  >  40178 [ACK] Seq=5317 Ack=2710 Win=65535 Len=0"
"4969","97.085024","ord37s35-in-f14.1e100.net","10.8.0.1","TLSv1.3","630","Application Data"
"4970","97.085049","10.8.0.1","ord37s35-in-f14.1e100.net","TCP","54","34370  >  443 [ACK] Seq=2899 Ack=3165 Win=65535 Len=0"
"4971","97.085888","10.8.0.1","lga15s46-in-f35.1e100.net","TCP","78","[TCP Retransmission] 44770  >  443 [PSH, ACK] Seq=832 Ack=80174 Win=65535 Len=24"
"4972","97.086510","10.8.0.1","104.16.53.111","TLSv1.2","147","Client Key Exchange, Change Cipher Spec, Encrypted Handshake Message"
"4973","97.086529","104.16.53.111","10.8.0.1","TCP","54","443  >  43042 [ACK] Seq=2805 Ack=611 Win=65535 Len=0"
"4974","97.102203","151.101.65.35","10.8.0.1","TLSv1.3","89","Application Data"
"4975","97.102314","10.8.0.1","151.101.65.35","TCP","54","53126  >  443 [ACK] Seq=12089 Ack=4432 Win=67107840 Len=0"
"4976","97.105914","edge-star-shv-01-ort2.facebook.com","10.8.0.1","TLSv1.3","538","Application Data"
"4977","97.105921","10.8.0.1","edge-star-shv-01-ort2.facebook.com","TCP","54","42636  >  443 [ACK] Seq=518 Ack=3243 Win=67107840 Len=0"
"4978","97.105958","edge-star-shv-01-ort2.facebook.com","10.8.0.1","TLSv1.3","134","Application Data"
"4979","97.105963","10.8.0.1","edge-star-shv-01-ort2.facebook.com","TCP","54","42618  >  443 [ACK] Seq=472 Ack=2644 Win=67107840 Len=0"
"4980","97.105991","edge-star-shv-01-ort2.facebook.com","10.8.0.1","TLSv1.3","134","Application Data"
"4981","97.105996","10.8.0.1","edge-star-shv-01-ort2.facebook.com","TCP","54","42612  >  443 [ACK] Seq=470 Ack=2644 Win=67107840 Len=0"
"4982","97.113005","211.201.186.35.bc.googleusercontent.com","10.8.0.1","TLSv1.3","831","Application Data"
"4983","97.113011","10.8.0.1","211.201.186.35.bc.googleusercontent.com","TCP","54","33946  >  443 [ACK] Seq=518 Ack=4952 Win=67107840 Len=0"
"4984","97.113932","ord37s34-in-f10.1e100.net","10.8.0.1","TLSv1.3","562","Application Data"
"4985","97.113938","10.8.0.1","ord37s34-in-f10.1e100.net","TCP","54","59832  >  443 [ACK] Seq=518 Ack=4683 Win=67107840 Len=0"
"4986","97.113963","edge-star-shv-01-ort2.facebook.com","10.8.0.1","TLSv1.3","538","Application Data"
"4987","97.113988","10.8.0.1","edge-star-shv-01-ort2.facebook.com","TCP","54","42638  >  443 [ACK] Seq=518 Ack=3243 Win=67107840 Len=0"
"4988","97.114015","edge-star-shv-01-ort2.facebook.com","10.8.0.1","TLSv1.3","537","Application Data"
"4989","97.114036","ord37s34-in-f10.1e100.net","10.8.0.1","TLSv1.3","561","Application Data"
"4990","97.114042","10.8.0.1","edge-star-shv-01-ort2.facebook.com","TCP","54","42640  >  443 [ACK] Seq=518 Ack=3242 Win=67107840 Len=0"
"4991","97.114067","edge-star-mini-shv-01-msp1.facebook.com","10.8.0.1","TLSv1.3","134","Application Data"
"4992","97.114073","10.8.0.1","ord37s34-in-f10.1e100.net","TCP","54","59824  >  443 [ACK] Seq=518 Ack=4682 Win=67107840 Len=0"
"4993","97.114093","edge-star-mini-shv-01-msp1.facebook.com","10.8.0.1","TLSv1.3","134","Application Data"
"4994","97.114098","10.8.0.1","edge-star-mini-shv-01-msp1.facebook.com","TCP","54","35480  >  443 [ACK] Seq=474 Ack=472 Win=67107840 Len=0"
"4995","97.114103","10.8.0.1","edge-star-mini-shv-01-msp1.facebook.com","TCP","54","35474  >  443 [ACK] Seq=472 Ack=472 Win=67107840 Len=0"
"4996","97.115893","18.92.106.34.bc.googleusercontent.com","10.8.0.1","TLSv1.3","325","Application Data"
"4997","97.115899","10.8.0.1","18.92.106.34.bc.googleusercontent.com","TCP","54","50004  >  443 [ACK] Seq=888 Ack=4116 Win=67107840 Len=0"
"4998","97.117977","151.101.129.35","10.8.0.1","TLSv1.2","312","New Session Ticket, Change Cipher Spec, Encrypted Handshake Message"
"4999","97.117984","10.8.0.1","151.101.129.35","TCP","54","53826  >  443 [ACK] Seq=272 Ack=4308 Win=67107840 Len=0"
"5000","97.118933","10.8.0.1","ord37s34-in-f10.1e100.net","TLSv1.3","118","Change Cipher Spec, Application Data"
"5001","97.118947","ord37s34-in-f10.1e100.net","10.8.0.1","TCP","54","443  >  59832 [ACK] Seq=4683 Ack=582 Win=65535 Len=0"
"5002","97.119478","10.8.0.1","ord37s34-in-f10.1e100.net","TLSv1.3","118","Change Cipher Spec, Application Data"
"5003","97.119489","ord37s34-in-f10.1e100.net","10.8.0.1","TCP","54","443  >  59824 [ACK] Seq=4682 Ack=582 Win=65535 Len=0"
"5004","97.119656","10.8.0.1","ord37s34-in-f10.1e100.net","TCP","54","59824  >  443 [FIN, ACK] Seq=582 Ack=4682 Win=67107840 Len=0"
"5005","97.119768","ord37s34-in-f10.1e100.net","10.8.0.1","TCP","54","443  >  59824 [ACK] Seq=4682 Ack=583 Win=65535 Len=0"
"5006","97.119815","ord37s34-in-f10.1e100.net","10.8.0.1","TCP","54","443  >  59824 [FIN, ACK] Seq=4682 Ack=583 Win=65535 Len=0"
"5007","97.119871","10.8.0.1","ord37s34-in-f10.1e100.net","TLSv1.3","146","Application Data"
"5008","97.119885","ord37s34-in-f10.1e100.net","10.8.0.1","TCP","54","443  >  59832 [ACK] Seq=4683 Ack=674 Win=65535 Len=0"
"5009","97.119915","151.101.65.35","10.8.0.1","TLSv1.3","113","Application Data"
"5010","97.119934","10.8.0.1","ord37s34-in-f10.1e100.net","TCP","54","59824  >  443 [ACK] Seq=583 Ack=4683 Win=67107840 Len=0"
"5011","97.119944","10.8.0.1","151.101.65.35","TCP","54","53130  >  443 [ACK] Seq=3221 Ack=4397 Win=67107840 Len=0"
"5012","97.119998","10.8.0.1","ord37s34-in-f10.1e100.net","TCP","590","59832  >  443 [ACK] Seq=674 Ack=4683 Win=67107840 Len=536 [TCP segment of a reassembled PDU]"
"5013","97.120023","ord37s34-in-f10.1e100.net","10.8.0.1","TCP","54","443  >  59832 [ACK] Seq=4683 Ack=1210 Win=65535 Len=0"
"5014","97.120028","10.8.0.1","ord37s34-in-f10.1e100.net","TCP","590","59832  >  443 [PSH, ACK] Seq=1210 Ack=4683 Win=67107840 Len=536 [TCP segment of a reassembled PDU]"
"5015","97.120039","ord37s34-in-f10.1e100.net","10.8.0.1","TCP","54","443  >  59832 [ACK] Seq=4683 Ack=1746 Win=65535 Len=0"
"5016","97.120044","10.8.0.1","ord37s34-in-f10.1e100.net","TLSv1.3","102","Application Data"
"5017","97.120053","ord37s34-in-f10.1e100.net","10.8.0.1","TCP","54","443  >  59832 [ACK] Seq=4683 Ack=1794 Win=65535 Len=0"
"5018","97.120279","10.8.0.1","ord37s34-in-f10.1e100.net","TCP","590","59832  >  443 [ACK] Seq=1794 Ack=4683 Win=67107840 Len=536 [TCP segment of a reassembled PDU]"
"5019","97.120287","ord37s34-in-f10.1e100.net","10.8.0.1","TCP","54","443  >  59832 [ACK] Seq=4683 Ack=2330 Win=65535 Len=0"
"5020","97.120291","10.8.0.1","ord37s34-in-f10.1e100.net","TCP","590","59832  >  443 [PSH, ACK] Seq=2330 Ack=4683 Win=67107840 Len=536 [TCP segment of a reassembled PDU]"
"5021","97.120300","ord37s34-in-f10.1e100.net","10.8.0.1","TCP","54","443  >  59832 [ACK] Seq=4683 Ack=2866 Win=65535 Len=0"
"5022","97.120305","10.8.0.1","ord37s34-in-f10.1e100.net","TCP","590","59832  >  443 [ACK] Seq=2866 Ack=4683 Win=67107840 Len=536 [TCP segment of a reassembled PDU]"
"5023","97.120313","ord37s34-in-f10.1e100.net","10.8.0.1","TCP","54","443  >  59832 [ACK] Seq=4683 Ack=3402 Win=65535 Len=0"
"5024","97.120318","10.8.0.1","ord37s34-in-f10.1e100.net","TCP","590","59832  >  443 [PSH, ACK] Seq=3402 Ack=4683 Win=67107840 Len=536 [TCP segment of a reassembled PDU]"
"5025","97.120327","ord37s34-in-f10.1e100.net","10.8.0.1","TCP","54","443  >  59832 [ACK] Seq=4683 Ack=3938 Win=65535 Len=0"
"5026","97.120332","10.8.0.1","ord37s34-in-f10.1e100.net","TCP","590","59832  >  443 [ACK] Seq=3938 Ack=4683 Win=67107840 Len=536 [TCP segment of a reassembled PDU]"
"5027","97.120352","ord37s34-in-f10.1e100.net","10.8.0.1","TCP","54","443  >  59832 [ACK] Seq=4683 Ack=4474 Win=65535 Len=0"
"5028","97.120359","10.8.0.1","ord37s34-in-f10.1e100.net","TCP","590","59832  >  443 [PSH, ACK] Seq=4474 Ack=4683 Win=67107840 Len=536 [TCP segment of a reassembled PDU]"
"5029","97.120376","ord37s34-in-f10.1e100.net","10.8.0.1","TCP","54","443  >  59832 [ACK] Seq=4683 Ack=5010 Win=65535 Len=0"
"5030","97.120382","10.8.0.1","ord37s34-in-f10.1e100.net","TCP","590","59832  >  443 [ACK] Seq=5010 Ack=4683 Win=67107840 Len=536 [TCP segment of a reassembled PDU]"
"5031","97.120409","ord37s34-in-f10.1e100.net","10.8.0.1","TCP","54","443  >  59832 [ACK] Seq=4683 Ack=5546 Win=65535 Len=0"
"5032","97.120422","10.8.0.1","ord37s34-in-f10.1e100.net","TCP","590","59832  >  443 [PSH, ACK] Seq=5546 Ack=4683 Win=67107840 Len=536 [TCP segment of a reassembled PDU]"
"5033","97.120452","ord37s34-in-f10.1e100.net","10.8.0.1","TCP","54","443  >  59832 [ACK] Seq=4683 Ack=6082 Win=65535 Len=0"
"5034","97.120463","10.8.0.1","ord37s34-in-f10.1e100.net","TCP","590","59832  >  443 [ACK] Seq=6082 Ack=4683 Win=67107840 Len=536 [TCP segment of a reassembled PDU]"
"5035","97.120493","ord37s34-in-f10.1e100.net","10.8.0.1","TCP","54","443  >  59832 [ACK] Seq=4683 Ack=6618 Win=65535 Len=0"
"5036","97.120505","10.8.0.1","ord37s34-in-f10.1e100.net","TCP","590","59832  >  443 [PSH, ACK] Seq=6618 Ack=4683 Win=67107840 Len=536 [TCP segment of a reassembled PDU]"
"5037","97.120535","ord37s34-in-f10.1e100.net","10.8.0.1","TCP","54","443  >  59832 [ACK] Seq=4683 Ack=7154 Win=65535 Len=0"
"5038","97.120546","10.8.0.1","ord37s34-in-f10.1e100.net","TCP","590","59832  >  443 [ACK] Seq=7154 Ack=4683 Win=67107840 Len=536 [TCP segment of a reassembled PDU]"
"5039","97.120577","ord37s34-in-f10.1e100.net","10.8.0.1","TCP","54","443  >  59832 [ACK] Seq=4683 Ack=7690 Win=65535 Len=0"
"5040","97.120589","10.8.0.1","ord37s34-in-f10.1e100.net","TCP","590","59832  >  443 [PSH, ACK] Seq=7690 Ack=4683 Win=67107840 Len=536 [TCP segment of a reassembled PDU]"
"5041","97.120598","ord37s34-in-f10.1e100.net","10.8.0.1","TCP","54","443  >  59832 [ACK] Seq=4683 Ack=8226 Win=65535 Len=0"
"5042","97.120604","10.8.0.1","ord37s34-in-f10.1e100.net","TCP","590","59832  >  443 [ACK] Seq=8226 Ack=4683 Win=67107840 Len=536 [TCP segment of a reassembled PDU]"
"5043","97.120614","ord37s34-in-f10.1e100.net","10.8.0.1","TCP","54","443  >  59832 [ACK] Seq=4683 Ack=8762 Win=65535 Len=0"
"5044","97.120621","10.8.0.1","ord37s34-in-f10.1e100.net","TCP","590","59832  >  443 [PSH, ACK] Seq=8762 Ack=4683 Win=67107840 Len=536 [TCP segment of a reassembled PDU]"
"5045","97.120628","ord37s34-in-f10.1e100.net","10.8.0.1","TCP","54","443  >  59832 [ACK] Seq=4683 Ack=9298 Win=65535 Len=0"
"5046","97.120633","10.8.0.1","ord37s34-in-f10.1e100.net","TCP","590","59832  >  443 [ACK] Seq=9298 Ack=4683 Win=67107840 Len=536 [TCP segment of a reassembled PDU]"
"5047","97.120641","ord37s34-in-f10.1e100.net","10.8.0.1","TCP","54","443  >  59832 [ACK] Seq=4683 Ack=9834 Win=65535 Len=0"
"5048","97.120647","10.8.0.1","ord37s34-in-f10.1e100.net","TCP","590","59832  >  443 [PSH, ACK] Seq=9834 Ack=4683 Win=67107840 Len=536 [TCP segment of a reassembled PDU]"
"5049","97.120656","ord37s34-in-f10.1e100.net","10.8.0.1","TCP","54","443  >  59832 [ACK] Seq=4683 Ack=10370 Win=65535 Len=0"
"5050","97.120660","10.8.0.1","ord37s34-in-f10.1e100.net","TCP","590","59832  >  443 [ACK] Seq=10370 Ack=4683 Win=67107840 Len=536 [TCP segment of a reassembled PDU]"
"5051","97.120671","ord37s34-in-f10.1e100.net","10.8.0.1","TCP","54","443  >  59832 [ACK] Seq=4683 Ack=10906 Win=65535 Len=0"
"5052","97.120676","10.8.0.1","ord37s34-in-f10.1e100.net","TCP","590","59832  >  443 [PSH, ACK] Seq=10906 Ack=4683 Win=67107840 Len=536 [TCP segment of a reassembled PDU]"
"5053","97.120685","ord37s34-in-f10.1e100.net","10.8.0.1","TCP","54","443  >  59832 [ACK] Seq=4683 Ack=11442 Win=65535 Len=0"
"5054","97.120689","10.8.0.1","ord37s34-in-f10.1e100.net","TCP","590","59832  >  443 [ACK] Seq=11442 Ack=4683 Win=67107840 Len=536 [TCP segment of a reassembled PDU]"
"5055","97.120696","ord37s34-in-f10.1e100.net","10.8.0.1","TCP","54","443  >  59832 [ACK] Seq=4683 Ack=11978 Win=65535 Len=0"
"5056","97.120702","10.8.0.1","ord37s34-in-f10.1e100.net","TCP","590","59832  >  443 [PSH, ACK] Seq=11978 Ack=4683 Win=67107840 Len=536 [TCP segment of a reassembled PDU]"
"5057","97.120711","ord37s34-in-f10.1e100.net","10.8.0.1","TCP","54","443  >  59832 [ACK] Seq=4683 Ack=12514 Win=65535 Len=0"
"5058","97.120715","10.8.0.1","ord37s34-in-f10.1e100.net","TCP","590","59832  >  443 [ACK] Seq=12514 Ack=4683 Win=67107840 Len=536 [TCP segment of a reassembled PDU]"
"5059","97.120723","ord37s34-in-f10.1e100.net","10.8.0.1","TCP","54","443  >  59832 [ACK] Seq=4683 Ack=13050 Win=65535 Len=0"
"5060","97.120728","10.8.0.1","ord37s34-in-f10.1e100.net","TCP","590","59832  >  443 [PSH, ACK] Seq=13050 Ack=4683 Win=67107840 Len=536 [TCP segment of a reassembled PDU]"
"5061","97.120737","ord37s34-in-f10.1e100.net","10.8.0.1","TCP","54","443  >  59832 [ACK] Seq=4683 Ack=13586 Win=65535 Len=0"
"5062","97.120742","10.8.0.1","ord37s34-in-f10.1e100.net","TCP","590","59832  >  443 [ACK] Seq=13586 Ack=4683 Win=67107840 Len=536 [TCP segment of a reassembled PDU]"
"5063","97.120753","ord37s34-in-f10.1e100.net","10.8.0.1","TCP","54","443  >  59832 [ACK] Seq=4683 Ack=14122 Win=65535 Len=0"
"5064","97.120759","10.8.0.1","ord37s34-in-f10.1e100.net","TCP","590","59832  >  443 [PSH, ACK] Seq=14122 Ack=4683 Win=67107840 Len=536 [TCP segment of a reassembled PDU]"
"5065","97.120768","ord37s34-in-f10.1e100.net","10.8.0.1","TCP","54","443  >  59832 [ACK] Seq=4683 Ack=14658 Win=65535 Len=0"
"5066","97.120772","10.8.0.1","ord37s34-in-f10.1e100.net","TCP","590","59832  >  443 [ACK] Seq=14658 Ack=4683 Win=67107840 Len=536 [TCP segment of a reassembled PDU]"
"5067","97.120779","ord37s34-in-f10.1e100.net","10.8.0.1","TCP","54","443  >  59832 [ACK] Seq=4683 Ack=15194 Win=65535 Len=0"
"5068","97.120784","10.8.0.1","ord37s34-in-f10.1e100.net","TCP","590","59832  >  443 [PSH, ACK] Seq=15194 Ack=4683 Win=67107840 Len=536 [TCP segment of a reassembled PDU]"
"5069","97.120792","ord37s34-in-f10.1e100.net","10.8.0.1","TCP","54","443  >  59832 [ACK] Seq=4683 Ack=15730 Win=65535 Len=0"
"5070","97.120796","10.8.0.1","ord37s34-in-f10.1e100.net","TCP","590","59832  >  443 [ACK] Seq=15730 Ack=4683 Win=67107840 Len=536 [TCP segment of a reassembled PDU]"
"5071","97.120803","ord37s34-in-f10.1e100.net","10.8.0.1","TCP","54","443  >  59832 [ACK] Seq=4683 Ack=16266 Win=65535 Len=0"
"5072","97.120808","10.8.0.1","ord37s34-in-f10.1e100.net","TCP","590","59832  >  443 [PSH, ACK] Seq=16266 Ack=4683 Win=67107840 Len=536 [TCP segment of a reassembled PDU]"
"5073","97.120815","ord37s34-in-f10.1e100.net","10.8.0.1","TCP","54","443  >  59832 [ACK] Seq=4683 Ack=16802 Win=65535 Len=0"
"5074","97.120820","10.8.0.1","ord37s34-in-f10.1e100.net","TCP","590","59832  >  443 [ACK] Seq=16802 Ack=4683 Win=67107840 Len=536 [TCP segment of a reassembled PDU]"
"5075","97.120831","ord37s34-in-f10.1e100.net","10.8.0.1","TCP","54","443  >  59832 [ACK] Seq=4683 Ack=17338 Win=65535 Len=0"
"5076","97.120836","10.8.0.1","ord37s34-in-f10.1e100.net","TCP","590","59832  >  443 [PSH, ACK] Seq=17338 Ack=4683 Win=67107840 Len=536 [TCP segment of a reassembled PDU]"
"5077","97.120844","ord37s34-in-f10.1e100.net","10.8.0.1","TCP","54","443  >  59832 [ACK] Seq=4683 Ack=17874 Win=65535 Len=0"
"5078","97.120848","10.8.0.1","ord37s34-in-f10.1e100.net","TLSv1.3","380","Application Data"
"5079","97.120856","ord37s34-in-f10.1e100.net","10.8.0.1","TCP","54","443  >  59832 [ACK] Seq=4683 Ack=18200 Win=65535 Len=0"
"5080","97.120897","10.8.0.1","ord37s34-in-f10.1e100.net","TCP","590","59832  >  443 [ACK] Seq=18200 Ack=4683 Win=67107840 Len=536 [TCP segment of a reassembled PDU]"
"5081","97.120906","ord37s34-in-f10.1e100.net","10.8.0.1","TCP","54","443  >  59832 [ACK] Seq=4683 Ack=18736 Win=65535 Len=0"
"5082","97.120910","10.8.0.1","ord37s34-in-f10.1e100.net","TCP","590","59832  >  443 [PSH, ACK] Seq=18736 Ack=4683 Win=67107840 Len=536 [TCP segment of a reassembled PDU]"
"5083","97.120918","ord37s34-in-f10.1e100.net","10.8.0.1","TCP","54","443  >  59832 [ACK] Seq=4683 Ack=19272 Win=65535 Len=0"
"5084","97.120922","10.8.0.1","ord37s34-in-f10.1e100.net","TCP","590","59832  >  443 [ACK] Seq=19272 Ack=4683 Win=67107840 Len=536 [TCP segment of a reassembled PDU]"
"5085","97.120929","ord37s34-in-f10.1e100.net","10.8.0.1","TCP","54","443  >  59832 [ACK] Seq=4683 Ack=19808 Win=65535 Len=0"
"5086","97.120935","10.8.0.1","ord37s34-in-f10.1e100.net","TCP","590","59832  >  443 [PSH, ACK] Seq=19808 Ack=4683 Win=67107840 Len=536 [TCP segment of a reassembled PDU]"
"5087","97.120945","ord37s34-in-f10.1e100.net","10.8.0.1","TCP","54","443  >  59832 [ACK] Seq=4683 Ack=20344 Win=65535 Len=0"
"5088","97.120950","10.8.0.1","ord37s34-in-f10.1e100.net","TCP","590","59832  >  443 [ACK] Seq=20344 Ack=4683 Win=67107840 Len=536 [TCP segment of a reassembled PDU]"
"5089","97.120957","ord37s34-in-f10.1e100.net","10.8.0.1","TCP","54","443  >  59832 [ACK] Seq=4683 Ack=20880 Win=65535 Len=0"
"5090","97.120962","10.8.0.1","ord37s34-in-f10.1e100.net","TCP","590","59832  >  443 [PSH, ACK] Seq=20880 Ack=4683 Win=67107840 Len=536 [TCP segment of a reassembled PDU]"
"5091","97.120970","ord37s34-in-f10.1e100.net","10.8.0.1","TCP","54","443  >  59832 [ACK] Seq=4683 Ack=21416 Win=65535 Len=0"
"5092","97.120974","10.8.0.1","ord37s34-in-f10.1e100.net","TCP","590","59832  >  443 [ACK] Seq=21416 Ack=4683 Win=67107840 Len=536 [TCP segment of a reassembled PDU]"
"5093","97.120982","ord37s34-in-f10.1e100.net","10.8.0.1","TCP","54","443  >  59832 [ACK] Seq=4683 Ack=21952 Win=65535 Len=0"
"5094","97.120987","10.8.0.1","ord37s34-in-f10.1e100.net","TLSv1.3","566","Application Data"
"5095","97.120994","ord37s34-in-f10.1e100.net","10.8.0.1","TCP","54","443  >  59832 [ACK] Seq=4683 Ack=22464 Win=65535 Len=0"
"5096","97.121180","10.8.0.1","151.101.129.35","TCP","590","53826  >  443 [ACK] Seq=272 Ack=4308 Win=67107840 Len=536 [TCP segment of a reassembled PDU]"
"5097","97.121188","151.101.129.35","10.8.0.1","TCP","54","443  >  53826 [ACK] Seq=4308 Ack=808 Win=65535 Len=0"
"5098","97.121202","10.8.0.1","151.101.129.35","TCP","590","53826  >  443 [ACK] Seq=808 Ack=4308 Win=67107840 Len=536 [TCP segment of a reassembled PDU]"
"5099","97.121212","151.101.129.35","10.8.0.1","TCP","54","443  >  53826 [ACK] Seq=4308 Ack=1344 Win=65535 Len=0"
"5100","97.121229","10.8.0.1","151.101.129.35","TCP","590","53826  >  443 [ACK] Seq=1344 Ack=4308 Win=67107840 Len=536 [TCP segment of a reassembled PDU]"
"5101","97.121237","151.101.129.35","10.8.0.1","TCP","54","443  >  53826 [ACK] Seq=4308 Ack=1880 Win=65535 Len=0"
"5102","97.121247","10.8.0.1","151.101.129.35","TCP","590","53826  >  443 [ACK] Seq=1880 Ack=4308 Win=67107840 Len=536 [TCP segment of a reassembled PDU]"
"5103","97.121254","151.101.129.35","10.8.0.1","TCP","54","443  >  53826 [ACK] Seq=4308 Ack=2416 Win=65535 Len=0"
"5104","97.121278","10.8.0.1","151.101.129.35","TCP","590","53826  >  443 [ACK] Seq=2416 Ack=4308 Win=67107840 Len=536 [TCP segment of a reassembled PDU]"
"5105","97.121285","151.101.129.35","10.8.0.1","TCP","54","443  >  53826 [ACK] Seq=4308 Ack=2952 Win=65535 Len=0"
"5106","97.121289","10.8.0.1","151.101.129.35","TCP","590","53826  >  443 [PSH, ACK] Seq=2952 Ack=4308 Win=67107840 Len=536 [TCP segment of a reassembled PDU]"
"5107","97.121297","151.101.129.35","10.8.0.1","TCP","54","443  >  53826 [ACK] Seq=4308 Ack=3488 Win=65535 Len=0"
"5108","97.121301","10.8.0.1","151.101.129.35","TCP","590","53826  >  443 [ACK] Seq=3488 Ack=4308 Win=67107840 Len=536 [TCP segment of a reassembled PDU]"
"5109","97.121308","151.101.129.35","10.8.0.1","TCP","54","443  >  53826 [ACK] Seq=4308 Ack=4024 Win=65535 Len=0"
"5110","97.121314","10.8.0.1","151.101.129.35","TCP","590","53826  >  443 [PSH, ACK] Seq=4024 Ack=4308 Win=67107840 Len=536 [TCP segment of a reassembled PDU]"
"5111","97.121324","151.101.129.35","10.8.0.1","TCP","54","443  >  53826 [ACK] Seq=4308 Ack=4560 Win=65535 Len=0"
"5112","97.121329","10.8.0.1","151.101.129.35","TLSv1.2","515","Application Data"
"5113","97.121337","151.101.129.35","10.8.0.1","TCP","54","443  >  53826 [ACK] Seq=4308 Ack=5021 Win=65535 Len=0"
"5114","97.121909","104.16.53.111","10.8.0.1","TLSv1.2","61","Alert (Level: Fatal, Description: Unexpected Message)"
"5115","97.121916","10.8.0.1","104.16.53.111","TCP","54","43042  >  443 [ACK] Seq=611 Ack=2812 Win=67107840 Len=0"
"5116","97.121928","104.16.53.111","10.8.0.1","TCP","54","443  >  43042 [FIN, ACK] Seq=2812 Ack=611 Win=65535 Len=0"
"5117","97.123470","10.8.0.1","104.16.53.111","TCP","54","43042  >  443 [FIN, ACK] Seq=611 Ack=2813 Win=67107840 Len=0"
"5118","97.123560","104.16.53.111","10.8.0.1","TCP","54","443  >  43042 [ACK] Seq=2813 Ack=612 Win=65535 Len=0"
"5119","97.123601","104.16.53.111","10.8.0.1","TCP","54","443  >  43042 [FIN, ACK] Seq=2813 Ack=612 Win=65535 Len=0"
"5120","97.123611","10.8.0.1","104.16.53.111","TCP","54","43042  >  443 [RST] Seq=612 Win=0 Len=0"
"5121","97.126047","edge-star-shv-01-ort2.facebook.com","10.8.0.1","TLSv1.3","78","Application Data"
"5122","97.126093","10.8.0.1","edge-star-shv-01-ort2.facebook.com","TCP","54","42636  >  443 [ACK] Seq=518 Ack=3267 Win=67107840 Len=0"
"5123","97.126108","edge-star-shv-01-ort2.facebook.com","10.8.0.1","TCP","54","443  >  42636 [FIN, ACK] Seq=3267 Ack=518 Win=65535 Len=0"
"5124","97.126151","211.201.186.35.bc.googleusercontent.com","10.8.0.1","TLSv1.3","78","Application Data"
"5125","97.126157","10.8.0.1","211.201.186.35.bc.googleusercontent.com","TCP","54","33946  >  443 [ACK] Seq=518 Ack=4976 Win=67107840 Len=0"
"5126","97.126170","211.201.186.35.bc.googleusercontent.com","10.8.0.1","TCP","54","443  >  33946 [FIN, ACK] Seq=4976 Ack=518 Win=65535 Len=0"
"5127","97.126304","10.8.0.1","151.101.65.35","TLSv1.3","85","Application Data"
"5128","97.126317","151.101.65.35","10.8.0.1","TCP","54","443  >  53130 [ACK] Seq=4397 Ack=3252 Win=65535 Len=0"
"5129","97.126549","10.8.0.1","104.16.51.111","TCP","74","33394  >  443 [SYN] Seq=0 Win=65535 Len=0 MSS=1460 SACK_PERM=1 TSval=598166171 TSecr=0 WS=1024"
"5130","97.127456","104.16.51.111","10.8.0.1","TCP","54","443  >  33394 [SYN, ACK] Seq=0 Ack=1 Win=65535 Len=0"
"5131","97.127479","10.8.0.1","104.16.51.111","TCP","54","33394  >  443 [ACK] Seq=1 Ack=1 Win=65535 Len=0"
"5132","97.127853","edge-star-shv-01-ort2.facebook.com","10.8.0.1","TLSv1.3","78","Application Data"
"5133","97.127859","10.8.0.1","edge-star-shv-01-ort2.facebook.com","TCP","54","42638  >  443 [ACK] Seq=518 Ack=3267 Win=67107840 Len=0"
"5134","97.127872","edge-star-shv-01-ort2.facebook.com","10.8.0.1","TCP","54","443  >  42638 [FIN, ACK] Seq=3267 Ack=518 Win=65535 Len=0"
"5135","97.130075","10.8.0.1","104.16.51.111","TLSv1.2","571","Client Hello"
"5136","97.130112","104.16.51.111","10.8.0.1","TCP","54","443  >  33394 [ACK] Seq=1 Ack=518 Win=65535 Len=0"
"5137","97.133799","10.8.0.1","edge-star-shv-01-ort2.facebook.com","TLSv1.3","118","Change Cipher Spec, Application Data"
"5138","97.133845","edge-star-shv-01-ort2.facebook.com","10.8.0.1","TCP","54","443  >  42640 [ACK] Seq=3242 Ack=582 Win=65535 Len=0"
"5139","97.135205","10.8.0.1","edge-star-shv-01-ort2.facebook.com","TLSv1.3","454","Application Data"
"5140","97.135217","edge-star-shv-01-ort2.facebook.com","10.8.0.1","TCP","54","443  >  42640 [ACK] Seq=3242 Ack=982 Win=65535 Len=0"
"5141","97.136499","10.8.0.1","edge-star-shv-01-ort2.facebook.com","TLSv1.3","118","Change Cipher Spec, Application Data"
"5142","97.138520","ord37s35-in-f14.1e100.net","10.8.0.1","TLSv1.3","1432","Server Hello, Change Cipher Spec"
"5143","97.138543","10.8.0.1","ord37s35-in-f14.1e100.net","TCP","54","34838  >  443 [ACK] Seq=518 Ack=1379 Win=65535 Len=0"
"5144","97.138572","ord37s35-in-f14.1e100.net","10.8.0.1","TCP","1472","443  >  34838 [PSH, ACK] Seq=1379 Ack=518 Win=65535 Len=1418 [TCP segment of a reassembled PDU]"
"5145","97.138577","10.8.0.1","ord37s35-in-f14.1e100.net","TCP","54","34838  >  443 [ACK] Seq=518 Ack=2797 Win=65535 Len=0"
"5146","97.138847","10.8.0.1","edge-star-shv-01-ort2.facebook.com","TLSv1.3","467","Application Data, Application Data"
"5147","97.138860","edge-star-shv-01-ort2.facebook.com","10.8.0.1","TCP","54","443  >  42636 [ACK] Seq=3268 Ack=583 Win=65535 Len=0"
"5148","97.138868","edge-star-shv-01-ort2.facebook.com","10.8.0.1","TCP","54","443  >  42636 [FIN, ACK] Seq=3268 Ack=583 Win=65535 Len=0"
"5149","97.139960","ord37s35-in-f14.1e100.net","10.8.0.1","TCP","1432","443  >  34838 [PSH, ACK] Seq=2797 Ack=518 Win=65535 Len=1378 [TCP segment of a reassembled PDU]"
"5150","97.139974","10.8.0.1","ord37s35-in-f14.1e100.net","TCP","54","34838  >  443 [ACK] Seq=518 Ack=4175 Win=65535 Len=0"
"5151","97.142972","ord37s35-in-f14.1e100.net","10.8.0.1","TLSv1.3","424","Application Data, Application Data"
"5152","97.142984","10.8.0.1","ord37s35-in-f14.1e100.net","TCP","54","34370  >  443 [ACK] Seq=2899 Ack=3535 Win=65535 Len=0"
"5153","97.146878","ord37s35-in-f14.1e100.net","10.8.0.1","TLSv1.3","78","Application Data"
"5154","97.146884","10.8.0.1","ord37s35-in-f14.1e100.net","TCP","54","34370  >  443 [ACK] Seq=2899 Ack=3559 Win=65535 Len=0"
"5155","97.146899","ord37s35-in-f14.1e100.net","10.8.0.1","TCP","54","443  >  34370 [FIN, ACK] Seq=3559 Ack=2899 Win=65535 Len=0"
"5156","97.154043","151.101.65.35","10.8.0.1","TLSv1.3","89","Application Data"
"5157","97.154112","10.8.0.1","151.101.65.35","TCP","54","53126  >  443 [ACK] Seq=12089 Ack=4467 Win=67107840 Len=0"
"5158","97.162911","104.244.42.66","10.8.0.1","TLSv1.3","78","Application Data"
"5159","97.162916","10.8.0.1","104.244.42.66","TCP","54","55398  >  443 [ACK] Seq=2144 Ack=1236 Win=65535 Len=0"
"5160","97.163645","10.8.0.1","104.244.42.66","TLSv1.3","93","Application Data"
"5161","97.163658","104.244.42.66","10.8.0.1","TCP","54","443  >  55398 [ACK] Seq=1236 Ack=2183 Win=65535 Len=0"
"5162","97.163875","10.8.0.1","104.244.42.66","TLSv1.3","78","Application Data"
"5163","97.163884","104.244.42.66","10.8.0.1","TCP","54","443  >  55398 [ACK] Seq=1236 Ack=2207 Win=65535 Len=0"
"5164","97.165860","10.8.0.1","edge-star-shv-01-ort2.facebook.com","TCP","54","42638  >  443 [ACK] Seq=518 Ack=3268 Win=67107840 Len=0"
"5165","97.165865","10.8.0.1","211.201.186.35.bc.googleusercontent.com","TCP","54","33946  >  443 [ACK] Seq=518 Ack=4977 Win=67107840 Len=0"
"5166","97.169442","10.8.0.1","211.201.186.35.bc.googleusercontent.com","TLSv1.3","118","Change Cipher Spec, Application Data"
"5167","97.177037","18.92.106.34.bc.googleusercontent.com","10.8.0.1","TLSv1.3","325","Application Data"
"5168","97.177043","10.8.0.1","18.92.106.34.bc.googleusercontent.com","TCP","54","50004  >  443 [ACK] Seq=888 Ack=4387 Win=67107840 Len=0"
"5169","97.184939","151.101.65.35","10.8.0.1","TLSv1.3","89","Application Data"
"5170","97.184945","10.8.0.1","151.101.65.35","TCP","54","53130  >  443 [ACK] Seq=3252 Ack=4432 Win=67107840 Len=0"
"5171","97.187981","ord37s34-in-f10.1e100.net","10.8.0.1","TLSv1.3","662","Application Data, Application Data"
"5172","97.188066","10.8.0.1","ord37s34-in-f10.1e100.net","TCP","54","59832  >  443 [ACK] Seq=22464 Ack=5291 Win=67107840 Len=0"
"5173","97.188212","10.8.0.1","ord37s34-in-f10.1e100.net","TLSv1.3","85","Application Data"
"5174","97.188222","ord37s34-in-f10.1e100.net","10.8.0.1","TCP","54","443  >  59832 [ACK] Seq=5291 Ack=22495 Win=65535 Len=0"
"5175","97.189816","10.8.0.1","ord37s35-in-f14.1e100.net","TCP","54","34370  >  443 [ACK] Seq=2899 Ack=3560 Win=65535 Len=0"
"5176","97.196156","10.8.0.1","edge-star-shv-01-ort2.facebook.com","TLSv1.3","118","Change Cipher Spec, Application Data"
"5177","97.202358","151.101.130.133","10.8.0.1","TLSv1.2","2810","Server Hello"
"5178","97.202366","10.8.0.1","151.101.130.133","TCP","54","59408  >  443 [ACK] Seq=518 Ack=2757 Win=65535 Len=0"
"5179","97.203527","10.8.0.1","edge-star-shv-01-ort2.facebook.com","TCP","590","42638  >  443 [ACK] Seq=582 Ack=3268 Win=67107840 Len=536 [TCP segment of a reassembled PDU]"
"5180","97.203875","151.101.130.133","10.8.0.1","TLSv1.2","1432","Certificate [TCP segment of a reassembled PDU]"
"5181","97.203887","10.8.0.1","151.101.130.133","TCP","54","59408  >  443 [ACK] Seq=518 Ack=4135 Win=65535 Len=0"
"5182","97.203917","lga15s46-in-f22.1e100.net","10.8.0.1","TLSv1.3","1432","Server Hello, Change Cipher Spec"
"5183","97.203937","151.101.130.133","10.8.0.1","TLSv1.2","1083","Certificate Status, Server Key Exchange, Server Hello Done"
"5184","97.203941","10.8.0.1","lga15s46-in-f22.1e100.net","TCP","54","34006  >  443 [ACK] Seq=518 Ack=1379 Win=65535 Len=0"
"5185","97.203947","10.8.0.1","151.101.130.133","TCP","54","59408  >  443 [ACK] Seq=518 Ack=5164 Win=65535 Len=0"
"5186","97.205194","10.8.0.1","edge-star-shv-01-ort2.facebook.com","TLSv1.3","236","Application Data, Application Data"
"5187","97.205209","edge-star-shv-01-ort2.facebook.com","10.8.0.1","TCP","54","443  >  42638 [ACK] Seq=3268 Ack=1119 Win=65535 Len=0"
"5188","97.205218","edge-star-shv-01-ort2.facebook.com","10.8.0.1","TCP","54","443  >  42638 [FIN, ACK] Seq=3268 Ack=1119 Win=65535 Len=0"
"5189","97.205845","lga15s46-in-f22.1e100.net","10.8.0.1","TCP","94","443  >  34006 [PSH, ACK] Seq=1379 Ack=518 Win=65535 Len=40 [TCP segment of a reassembled PDU]"
"5190","97.205851","10.8.0.1","lga15s46-in-f22.1e100.net","TCP","54","34006  >  443 [ACK] Seq=518 Ack=1419 Win=65535 Len=0"
"5191","97.205891","lga15s46-in-f22.1e100.net","10.8.0.1","TCP","2810","443  >  34006 [PSH, ACK] Seq=1419 Ack=518 Win=65535 Len=2756 [TCP segment of a reassembled PDU]"
"5192","97.205896","10.8.0.1","lga15s46-in-f22.1e100.net","TCP","54","34006  >  443 [ACK] Seq=518 Ack=4175 Win=65535 Len=0"
"5193","97.207825","104.244.42.66","10.8.0.1","TCP","54","443  >  55398 [FIN, ACK] Seq=1236 Ack=2207 Win=65535 Len=0"
"5194","97.218730","10.8.0.1","104.244.42.66","TCP","54","55398  >  443 [FIN, ACK] Seq=2207 Ack=1237 Win=65535 Len=0"
"5195","97.218879","104.244.42.66","10.8.0.1","TCP","54","443  >  55398 [ACK] Seq=1237 Ack=2208 Win=65535 Len=0"
"5196","97.218935","104.244.42.66","10.8.0.1","TCP","54","443  >  55398 [FIN, ACK] Seq=1237 Ack=2208 Win=65535 Len=0"
"5197","97.218947","10.8.0.1","104.244.42.66","TCP","54","55398  >  443 [RST] Seq=2208 Win=0 Len=0"
"5198","97.219102","ord37s34-in-f10.1e100.net","10.8.0.1","TLSv1.3","85","Application Data"
"5199","97.219202","ord37s35-in-f14.1e100.net","10.8.0.1","TCP","1432","443  >  34838 [PSH, ACK] Seq=4175 Ack=518 Win=65535 Len=1378 [TCP segment of a reassembled PDU]"
"5200","97.219220","10.8.0.1","ord37s35-in-f14.1e100.net","TCP","54","34838  >  443 [ACK] Seq=518 Ack=5553 Win=65535 Len=0"
"5201","97.219227","10.8.0.1","ord37s34-in-f10.1e100.net","TCP","54","59832  >  443 [ACK] Seq=22495 Ack=5322 Win=67107840 Len=0"
"5202","97.221886","151.101.65.35","10.8.0.1","TLSv1.3","835","Application Data, Application Data"
"5203","97.221938","10.8.0.1","151.101.65.35","TCP","54","53126  >  443 [ACK] Seq=12089 Ack=5248 Win=67107840 Len=0"
"5204","97.224507","10.8.0.1","211.201.186.35.bc.googleusercontent.com","TCP","590","33946  >  443 [ACK] Seq=582 Ack=4977 Win=67107840 Len=536 [TCP segment of a reassembled PDU]"
"5205","97.230258","10.8.0.1","211.201.186.35.bc.googleusercontent.com","TLSv1.3","563","Application Data, Application Data"
"5206","97.230284","211.201.186.35.bc.googleusercontent.com","10.8.0.1","TCP","54","443  >  33946 [ACK] Seq=4977 Ack=1119 Win=65535 Len=0"
"5207","97.230293","211.201.186.35.bc.googleusercontent.com","10.8.0.1","TCP","54","443  >  33946 [FIN, ACK] Seq=4977 Ack=1119 Win=65535 Len=0"
"5208","97.235185","18.92.106.34.bc.googleusercontent.com","10.8.0.1","TLSv1.3","494","Application Data, Application Data"
"5209","97.235191","10.8.0.1","18.92.106.34.bc.googleusercontent.com","TCP","54","50004  >  443 [ACK] Seq=888 Ack=4827 Win=67107840 Len=0"
"5210","97.235207","18.92.106.34.bc.googleusercontent.com","10.8.0.1","TCP","54","443  >  50004 [FIN, ACK] Seq=4827 Ack=888 Win=65535 Len=0"
"5211","97.236672","10.8.0.1","18.92.106.34.bc.googleusercontent.com","TLSv1.3","78","Application Data"
"5212","97.236888","10.8.0.1","18.92.106.34.bc.googleusercontent.com","TCP","54","50004  >  443 [FIN, ACK] Seq=912 Ack=4828 Win=67107840 Len=0"
"5213","97.237012","18.92.106.34.bc.googleusercontent.com","10.8.0.1","TCP","54","443  >  50004 [ACK] Seq=4828 Ack=913 Win=65535 Len=0"
"5214","97.237059","18.92.106.34.bc.googleusercontent.com","10.8.0.1","TCP","54","443  >  50004 [FIN, ACK] Seq=4828 Ack=913 Win=65535 Len=0"
"5215","97.237070","10.8.0.1","18.92.106.34.bc.googleusercontent.com","TCP","54","50004  >  443 [RST] Seq=913 Win=0 Len=0"
"5216","97.255176","lga15s46-in-f22.1e100.net","10.8.0.1","TLSv1.3","1432","Server Hello, Change Cipher Spec"
"5217","97.255192","10.8.0.1","lga15s46-in-f22.1e100.net","TCP","54","34014  >  443 [ACK] Seq=518 Ack=1379 Win=65535 Len=0"
"5218","97.255840","lga15s46-in-f22.1e100.net","10.8.0.1","TCP","94","443  >  34014 [PSH, ACK] Seq=1379 Ack=518 Win=65535 Len=40 [TCP segment of a reassembled PDU]"
"5219","97.255845","10.8.0.1","lga15s46-in-f22.1e100.net","TCP","54","34014  >  443 [ACK] Seq=518 Ack=1419 Win=65535 Len=0"
"5220","97.255879","lga15s46-in-f22.1e100.net","10.8.0.1","TCP","1432","443  >  34014 [PSH, ACK] Seq=1419 Ack=518 Win=65535 Len=1378 [TCP segment of a reassembled PDU]"
"5221","97.255884","10.8.0.1","lga15s46-in-f22.1e100.net","TCP","54","34014  >  443 [ACK] Seq=518 Ack=2797 Win=65535 Len=0"
"5222","97.257881","lga15s46-in-f22.1e100.net","10.8.0.1","TCP","1432","443  >  34014 [PSH, ACK] Seq=2797 Ack=518 Win=65535 Len=1378 [TCP segment of a reassembled PDU]"
"5223","97.257902","10.8.0.1","lga15s46-in-f22.1e100.net","TCP","54","34014  >  443 [ACK] Seq=518 Ack=4175 Win=65535 Len=0"
"5224","97.257922","lga15s46-in-f22.1e100.net","10.8.0.1","TLSv1.3","630","Application Data"
"5225","97.257926","10.8.0.1","lga15s46-in-f22.1e100.net","TCP","54","34006  >  443 [ACK] Seq=518 Ack=4751 Win=65535 Len=0"
"5226","97.257971","edge-star-shv-01-ort2.facebook.com","10.8.0.1","TLSv1.3","78","Application Data"
"5227","97.257975","10.8.0.1","edge-star-shv-01-ort2.facebook.com","TCP","54","42640  >  443 [ACK] Seq=982 Ack=3266 Win=67107840 Len=0"
"5228","97.257987","edge-star-shv-01-ort2.facebook.com","10.8.0.1","TCP","54","443  >  42640 [FIN, ACK] Seq=3266 Ack=982 Win=65535 Len=0"
"5229","97.258061","151.101.65.35","10.8.0.1","TLSv1.3","456","Application Data"
"5230","97.258067","10.8.0.1","151.101.65.35","TCP","54","53130  >  443 [ACK] Seq=3252 Ack=4834 Win=67107840 Len=0"
"5231","97.260728","10.8.0.1","edge-star-shv-01-ort2.facebook.com","TLSv1.3","78","Application Data"
"5232","97.261076","10.8.0.1","edge-star-shv-01-ort2.facebook.com","TCP","54","42640  >  443 [FIN, ACK] Seq=1006 Ack=3267 Win=67107840 Len=0"
"5233","97.261241","edge-star-shv-01-ort2.facebook.com","10.8.0.1","TCP","54","443  >  42640 [ACK] Seq=3267 Ack=1007 Win=65535 Len=0"
"5234","97.261299","edge-star-shv-01-ort2.facebook.com","10.8.0.1","TCP","54","443  >  42640 [FIN, ACK] Seq=3267 Ack=1007 Win=65535 Len=0"
"5235","97.261312","10.8.0.1","edge-star-shv-01-ort2.facebook.com","TCP","54","42640  >  443 [RST] Seq=1007 Win=0 Len=0"
"5236","97.266110","ord37s35-in-f14.1e100.net","10.8.0.1","TLSv1.3","1146","Application Data"
"5237","97.266122","10.8.0.1","ord37s35-in-f14.1e100.net","TCP","54","34838  >  443 [ACK] Seq=518 Ack=6645 Win=65535 Len=0"
"5238","97.268111","ccg12-origin-api-1.paypal.com","10.8.0.1","TLSv1.2","405","Application Data"
"5239","97.268138","10.8.0.1","ccg12-origin-api-1.paypal.com","TCP","54","40178  >  443 [ACK] Seq=2710 Ack=5668 Win=67107840 Len=0"
"5240","97.270787","10.8.0.1","ord37s35-in-f14.1e100.net","TLSv1.3","118","Change Cipher Spec, Application Data"
"5241","97.270804","ord37s35-in-f14.1e100.net","10.8.0.1","TCP","54","443  >  34838 [ACK] Seq=6645 Ack=582 Win=65535 Len=0"
"5242","97.272209","10.8.0.1","ord37s35-in-f14.1e100.net","TCP","590","34838  >  443 [ACK] Seq=582 Ack=6645 Win=65535 Len=536 [TCP segment of a reassembled PDU]"
"5243","97.272226","ord37s35-in-f14.1e100.net","10.8.0.1","TCP","54","443  >  34838 [ACK] Seq=6645 Ack=1118 Win=65535 Len=0"
"5244","97.272230","10.8.0.1","ord37s35-in-f14.1e100.net","TLSv1.3","74","Application Data"
"5245","97.272240","ord37s35-in-f14.1e100.net","10.8.0.1","TCP","54","443  >  34838 [ACK] Seq=6645 Ack=1138 Win=65535 Len=0"
"5246","97.274709","10.8.0.1","lga15s46-in-f22.1e100.net","TLSv1.3","118","Change Cipher Spec, Application Data"
"5247","97.274729","lga15s46-in-f22.1e100.net","10.8.0.1","TCP","54","443  >  34006 [ACK] Seq=4751 Ack=582 Win=65535 Len=0"
"5248","97.275339","10.8.0.1","lga15s46-in-f22.1e100.net","TLSv1.3","146","Application Data"
"5249","97.275348","lga15s46-in-f22.1e100.net","10.8.0.1","TCP","54","443  >  34006 [ACK] Seq=4751 Ack=674 Win=65535 Len=0"
"5250","97.275652","10.8.0.1","lga15s46-in-f22.1e100.net","TLSv1.3","211","Application Data"
"5251","97.275660","lga15s46-in-f22.1e100.net","10.8.0.1","TCP","54","443  >  34006 [ACK] Seq=4751 Ack=831 Win=65535 Len=0"
"5252","97.313040","10.8.0.1","151.101.130.133","TLSv1.2","147","Client Key Exchange, Change Cipher Spec, Encrypted Handshake Message"
"5253","97.313064","151.101.130.133","10.8.0.1","TCP","54","443  >  59408 [ACK] Seq=5164 Ack=611 Win=65535 Len=0"
"5254","97.324075","lga15s46-in-f22.1e100.net","10.8.0.1","TLSv1.3","630","Application Data"
"5255","97.324086","10.8.0.1","lga15s46-in-f22.1e100.net","TCP","54","34014  >  443 [ACK] Seq=518 Ack=4751 Win=65535 Len=0"
"5256","97.326087","ccg12-origin-api-1.paypal.com","10.8.0.1","TLSv1.2","373","Application Data"
"5257","97.326093","10.8.0.1","ccg12-origin-api-1.paypal.com","TCP","54","40178  >  443 [ACK] Seq=2710 Ack=5987 Win=67107840 Len=0"
"5258","97.328445","10.8.0.1","18.92.106.34.bc.googleusercontent.com","TCP","74","50236  >  443 [SYN] Seq=0 Win=65535 Len=0 MSS=1460 SACK_PERM=1 TSval=1311980087 TSecr=0 WS=1024"
"5259","97.329487","18.92.106.34.bc.googleusercontent.com","10.8.0.1","TCP","54","443  >  50236 [SYN, ACK] Seq=0 Ack=1 Win=65535 Len=0"
"5260","97.329512","10.8.0.1","18.92.106.34.bc.googleusercontent.com","TCP","54","50236  >  443 [ACK] Seq=1 Ack=1 Win=65535 Len=0"
"5261","97.332291","10.8.0.1","18.92.106.34.bc.googleusercontent.com","TLSv1.3","571","Client Hello"
"5262","97.332383","18.92.106.34.bc.googleusercontent.com","10.8.0.1","TCP","54","443  >  50236 [ACK] Seq=1 Ack=518 Win=65535 Len=0"
"5263","97.332418","lga15s46-in-f22.1e100.net","10.8.0.1","TLSv1.3","662","Application Data, Application Data"
"5264","97.332442","151.101.129.35","10.8.0.1","TLSv1.2","714","Application Data, Application Data"
"5265","97.332447","10.8.0.1","lga15s46-in-f22.1e100.net","TCP","54","34006  >  443 [ACK] Seq=831 Ack=5359 Win=65535 Len=0"
"5266","97.332452","10.8.0.1","151.101.129.35","TCP","54","53826  >  443 [ACK] Seq=5021 Ack=4968 Win=67107840 Len=0"
"5267","97.334593","10.8.0.1","lga15s46-in-f22.1e100.net","TLSv1.3","118","Change Cipher Spec, Application Data"
"5268","97.334607","lga15s46-in-f22.1e100.net","10.8.0.1","TCP","54","443  >  34014 [ACK] Seq=4751 Ack=582 Win=65535 Len=0"
"5269","97.335146","10.8.0.1","lga15s46-in-f22.1e100.net","TLSv1.3","85","Application Data"
"5270","97.335156","lga15s46-in-f22.1e100.net","10.8.0.1","TCP","54","443  >  34006 [ACK] Seq=5359 Ack=862 Win=65535 Len=0"
"5271","97.339072","104.16.51.111","10.8.0.1","TLSv1.2","1432","Server Hello"
"5272","97.339079","10.8.0.1","104.16.51.111","TCP","54","33394  >  443 [ACK] Seq=518 Ack=1379 Win=65535 Len=0"
"5273","97.341856","10.8.0.1","edge-star-shv-01-ort2.facebook.com","TCP","466","[TCP Out-Of-Order] 42636  >  443 [FIN, PSH, ACK] Seq=583 Ack=3268 Win=67107840 Len=412"
"5274","97.341888","edge-star-shv-01-ort2.facebook.com","10.8.0.1","TCP","54","[TCP Keep-Alive] 443  >  42636 [ACK] Seq=3268 Ack=584 Win=65535 Len=0"
"5275","97.341896","edge-star-shv-01-ort2.facebook.com","10.8.0.1","TCP","54","[TCP Out-Of-Order] 443  >  42636 [FIN, ACK] Seq=3268 Ack=584 Win=65535 Len=0"
"5276","97.342043","104.16.51.111","10.8.0.1","TLSv1.2","1432","Certificate, Certificate Status"
"5277","97.342048","10.8.0.1","104.16.51.111","TCP","54","33394  >  443 [ACK] Seq=518 Ack=2757 Win=65535 Len=0"
"5278","97.342076","104.16.51.111","10.8.0.1","TLSv1.2","102","Server Key Exchange, Server Hello Done"
"5279","97.342081","10.8.0.1","104.16.51.111","TCP","54","33394  >  443 [ACK] Seq=518 Ack=2805 Win=65535 Len=0"
"5280","97.364576","10.8.0.1","104.16.51.111","TLSv1.2","147","Client Key Exchange, Change Cipher Spec, Encrypted Handshake Message"
"5281","97.364635","104.16.51.111","10.8.0.1","TCP","54","443  >  33394 [ACK] Seq=2805 Ack=611 Win=65535 Len=0"
"5282","97.380115","151.101.130.133","10.8.0.1","TLSv1.2","328","New Session Ticket, Change Cipher Spec, Encrypted Handshake Message"
"5283","97.380128","10.8.0.1","151.101.130.133","TCP","54","59408  >  443 [ACK] Seq=611 Ack=5438 Win=65535 Len=0"
"5284","97.396710","10.8.0.1","151.101.130.133","TLSv1.2","479","Application Data"
"5285","97.396735","151.101.130.133","10.8.0.1","TCP","54","443  >  59408 [ACK] Seq=5438 Ack=1036 Win=65535 Len=0"
"5286","97.399045","151.101.65.35","10.8.0.1","TLSv1.3","425","Application Data"
"5287","97.399079","lga15s46-in-f22.1e100.net","10.8.0.1","TLSv1.3","280","Application Data"
"5288","97.399084","10.8.0.1","lga15s46-in-f22.1e100.net","TCP","54","34006  >  443 [ACK] Seq=862 Ack=5585 Win=65535 Len=0"
"5289","97.399095","10.8.0.1","151.101.65.35","TCP","54","53126  >  443 [ACK] Seq=12089 Ack=5619 Win=67107840 Len=0"
"5290","97.402074","lga15s46-in-f22.1e100.net","10.8.0.1","TLSv1.3","662","Application Data, Application Data"
"5291","97.402083","10.8.0.1","lga15s46-in-f22.1e100.net","TCP","54","34014  >  443 [ACK] Seq=582 Ack=5359 Win=65535 Len=0"
"5292","97.414299","10.8.0.1","lga15s46-in-f22.1e100.net","TLSv1.3","93","Application Data"
"5293","97.414312","lga15s46-in-f22.1e100.net","10.8.0.1","TCP","54","443  >  34006 [ACK] Seq=5585 Ack=901 Win=65535 Len=0"
"5294","97.423991","104.16.51.111","10.8.0.1","TLSv1.2","312","New Session Ticket, Change Cipher Spec, Encrypted Handshake Message"
"5295","97.466435","151.101.130.133","10.8.0.1","TLSv1.2","2776","Application Data, Application Data"
"5296","97.533965","10.8.0.1","ord38s28-in-f10.1e100.net","TCP","118","[TCP Retransmission] 47050  >  443 [PSH, ACK] Seq=518 Ack=4683 Win=67107840 Len=64"
"5297","97.541186","18.92.106.34.bc.googleusercontent.com","10.8.0.1","TLSv1.3","1432","Server Hello, Change Cipher Spec, Application Data"
"5298","97.590095","ord37s35-in-f14.1e100.net","10.8.0.1","TLSv1.3","1323","Application Data, Application Data"
"5299","97.590107","10.8.0.1","ord37s35-in-f14.1e100.net","TCP","54","34838  >  443 [ACK] Seq=1138 Ack=7914 Win=65535 Len=0"
"5300","97.626049","10.8.0.1","lga15s46-in-f35.1e100.net","TCP","54","44770  >  443 [FIN, ACK] Seq=856 Ack=80174 Win=65535 Len=0"
"5301","97.626169","lga15s46-in-f35.1e100.net","10.8.0.1","TCP","54","443  >  44770 [ACK] Seq=80174 Ack=857 Win=65535 Len=0"
"5302","97.626218","lga15s46-in-f35.1e100.net","10.8.0.1","TCP","54","[TCP Retransmission] 443  >  44770 [FIN, ACK] Seq=80174 Ack=857 Win=65535 Len=0"
"5303","97.626228","10.8.0.1","lga15s46-in-f35.1e100.net","TCP","54","44770  >  443 [ACK] Seq=857 Ack=80175 Win=65535 Len=0"
"5304","97.629907","10.8.0.1","ord38s18-in-f2.1e100.net","TCP","210","[TCP Retransmission] 60806  >  443 [PSH, ACK] Seq=518 Ack=4309 Win=67107840 Len=156"
"5305","97.641161","ord37s35-in-f14.1e100.net","10.8.0.1","TLSv1.3","839","Application Data, Application Data"
"5306","97.641195","10.8.0.1","ord37s35-in-f14.1e100.net","TCP","54","34838  >  443 [ACK] Seq=1138 Ack=8699 Win=65535 Len=0"
"5307","97.642406","10.8.0.1","ord37s34-in-f10.1e100.net","TLSv1.3","78","Application Data"
"5308","97.642430","ord37s34-in-f10.1e100.net","10.8.0.1","TCP","54","443  >  59374 [ACK] Seq=6730 Ack=37306 Win=65535 Len=0"
"5309","97.660447","10.8.0.1","lga15s46-in-f35.1e100.net","TCP","74","45112  >  443 [SYN] Seq=0 Win=65535 Len=0 MSS=1460 SACK_PERM=1 TSval=2005015973 TSecr=0 WS=1024"
"5310","97.661328","lga15s46-in-f35.1e100.net","10.8.0.1","TCP","54","443  >  45112 [SYN, ACK] Seq=0 Ack=1 Win=65535 Len=0"
"5311","97.661353","10.8.0.1","lga15s46-in-f35.1e100.net","TCP","54","45112  >  443 [ACK] Seq=1 Ack=1 Win=65535 Len=0"
"5312","97.668243","10.8.0.1","lga15s46-in-f35.1e100.net","TLSv1.3","571","Client Hello"
"5313","97.668272","lga15s46-in-f35.1e100.net","10.8.0.1","TCP","54","443  >  45112 [ACK] Seq=1 Ack=518 Win=65535 Len=0"
"5314","97.702004","ord37s34-in-f10.1e100.net","10.8.0.1","TCP","54","443  >  59374 [FIN, ACK] Seq=6730 Ack=37306 Win=65535 Len=0"
"5315","97.702167","10.8.0.1","ord37s34-in-f10.1e100.net","TCP","54","59374  >  443 [FIN, ACK] Seq=37306 Ack=6731 Win=65535 Len=0"
"5316","97.702260","ord37s34-in-f10.1e100.net","10.8.0.1","TCP","54","443  >  59374 [ACK] Seq=6731 Ack=37307 Win=65535 Len=0"
"5317","97.702299","ord37s34-in-f10.1e100.net","10.8.0.1","TCP","54","443  >  59374 [FIN, ACK] Seq=6731 Ack=37307 Win=65535 Len=0"
"5318","97.702309","10.8.0.1","ord37s34-in-f10.1e100.net","TCP","54","59374  >  443 [RST] Seq=37307 Win=0 Len=0"
"5319","97.733830","10.8.0.1","server-65-8-47-252.ord52.r.cloudfront.net","TCP","54","46944  >  443 [FIN, ACK] Seq=880 Ack=4579 Win=65535 Len=0"
"5320","97.733996","server-65-8-47-252.ord52.r.cloudfront.net","10.8.0.1","TCP","54","443  >  46944 [ACK] Seq=4579 Ack=881 Win=65535 Len=0"
"5321","97.734046","server-65-8-47-252.ord52.r.cloudfront.net","10.8.0.1","TCP","54","443  >  46944 [FIN, ACK] Seq=4579 Ack=881 Win=65535 Len=0"
"5322","97.734131","10.8.0.1","server-65-8-47-252.ord52.r.cloudfront.net","TCP","54","46944  >  443 [ACK] Seq=881 Ack=4580 Win=65535 Len=0"
"5323","97.803461","lga15s46-in-f35.1e100.net","10.8.0.1","TLSv1.3","1432","Server Hello, Change Cipher Spec"
"5324","97.803496","10.8.0.1","lga15s46-in-f35.1e100.net","TCP","54","45112  >  443 [ACK] Seq=518 Ack=1379 Win=65535 Len=0"
"5325","97.803520","lga15s46-in-f35.1e100.net","10.8.0.1","TCP","1472","443  >  45112 [PSH, ACK] Seq=1379 Ack=518 Win=65535 Len=1418 [TCP segment of a reassembled PDU]"
"5326","97.803540","10.8.0.1","lga15s46-in-f35.1e100.net","TCP","54","45112  >  443 [ACK] Seq=518 Ack=2797 Win=65535 Len=0"
"5327","97.806054","lga15s46-in-f35.1e100.net","10.8.0.1","TCP","1432","443  >  45112 [PSH, ACK] Seq=2797 Ack=518 Win=65535 Len=1378 [TCP segment of a reassembled PDU]"
"5328","97.806060","10.8.0.1","lga15s46-in-f35.1e100.net","TCP","54","45112  >  443 [ACK] Seq=518 Ack=4175 Win=65535 Len=0"
"5329","97.862221","lga15s46-in-f35.1e100.net","10.8.0.1","TLSv1.3","223","Application Data"
"5330","97.862250","10.8.0.1","lga15s46-in-f35.1e100.net","TCP","54","45112  >  443 [ACK] Seq=518 Ack=4344 Win=65535 Len=0"
"5331","97.892340","10.8.0.1","lga15s46-in-f35.1e100.net","TLSv1.3","118","Change Cipher Spec, Application Data"
"5332","97.892385","lga15s46-in-f35.1e100.net","10.8.0.1","TCP","54","443  >  45112 [ACK] Seq=4344 Ack=582 Win=65535 Len=0"
"5333","97.898849","10.8.0.1","lga15s46-in-f35.1e100.net","TLSv1.3","325","Application Data"
"5334","97.898873","lga15s46-in-f35.1e100.net","10.8.0.1","TCP","54","443  >  45112 [ACK] Seq=4344 Ack=853 Win=65535 Len=0"
"5335","98.050543","10.8.0.1","ord38s18-in-f2.1e100.net","TCP","54","60826  >  443 [FIN, ACK] Seq=582 Ack=4333 Win=67107840 Len=0"
"5336","98.050618","ord38s18-in-f2.1e100.net","10.8.0.1","TCP","54","443  >  60826 [ACK] Seq=4333 Ack=583 Win=65535 Len=0"
"5337","98.050660","ord38s18-in-f2.1e100.net","10.8.0.1","TCP","54","443  >  60826 [FIN, ACK] Seq=4333 Ack=583 Win=65535 Len=0"
"5338","98.050667","10.8.0.1","ord38s28-in-f10.1e100.net","TCP","54","47050  >  443 [FIN, ACK] Seq=582 Ack=4683 Win=67107840 Len=0"
"5339","98.050680","ord38s28-in-f10.1e100.net","10.8.0.1","TCP","54","443  >  47050 [ACK] Seq=4683 Ack=583 Win=65535 Len=0"
"5340","98.050693","ord38s28-in-f10.1e100.net","10.8.0.1","TCP","54","443  >  47050 [FIN, ACK] Seq=4683 Ack=583 Win=65535 Len=0"
"5341","98.050698","10.8.0.1","ord38s18-in-f2.1e100.net","TCP","54","60826  >  443 [RST] Seq=583 Win=0 Len=0"
"5342","98.050703","10.8.0.1","ord38s28-in-f10.1e100.net","TCP","54","47050  >  443 [RST] Seq=583 Win=0 Len=0"
"5343","98.119804","10.8.0.1","ord37s35-in-f14.1e100.net","TCP","54","34370  >  443 [FIN, ACK] Seq=2899 Ack=3560 Win=65535 Len=0"
"5344","98.119835","ord37s35-in-f14.1e100.net","10.8.0.1","TCP","54","443  >  34370 [ACK] Seq=3560 Ack=2900 Win=65535 Len=0"
"5345","98.119868","ord37s35-in-f14.1e100.net","10.8.0.1","TCP","54","443  >  34370 [FIN, ACK] Seq=3560 Ack=2900 Win=65535 Len=0"
"5346","98.119875","10.8.0.1","ord37s35-in-f14.1e100.net","TCP","54","34370  >  443 [RST] Seq=2900 Win=0 Len=0"
"5347","98.141888","10.8.0.1","ord37s34-in-f10.1e100.net","TCP","210","[TCP Retransmission] 59734  >  443 [PSH, ACK] Seq=518 Ack=4681 Win=67107840 Len=156"
"5348","98.201598","10.8.0.1","lga15s46-in-f35.1e100.net","TLSv1.3","78","Application Data"
"5349","98.202002","10.8.0.1","lga15s46-in-f35.1e100.net","TCP","54","44794  >  443 [FIN, ACK] Seq=856 Ack=340616 Win=65535 Len=0"
"5350","98.202173","lga15s46-in-f35.1e100.net","10.8.0.1","TCP","54","443  >  44794 [ACK] Seq=340616 Ack=857 Win=65535 Len=0"
"5351","98.202221","lga15s46-in-f35.1e100.net","10.8.0.1","TCP","54","[TCP Retransmission] 443  >  44794 [FIN, ACK] Seq=340616 Ack=857 Win=65535 Len=0"
"5352","98.202234","10.8.0.1","lga15s46-in-f35.1e100.net","TCP","54","44794  >  443 [ACK] Seq=857 Ack=340617 Win=65535 Len=0"
"5353","98.223356","lga15s46-in-f35.1e100.net","10.8.0.1","TLSv1.3","1432","Application Data"
"5354","98.223368","10.8.0.1","lga15s46-in-f35.1e100.net","TCP","54","45112  >  443 [ACK] Seq=853 Ack=5722 Win=65535 Len=0"
"5355","98.223833","lga15s46-in-f35.1e100.net","10.8.0.1","TLSv1.3","1432","Application Data [TCP segment of a reassembled PDU]"
"5356","98.223839","10.8.0.1","lga15s46-in-f35.1e100.net","TCP","54","45112  >  443 [ACK] Seq=853 Ack=7100 Win=65535 Len=0"
"5357","98.223884","lga15s46-in-f35.1e100.net","10.8.0.1","TLSv1.3","1147","Application Data [TCP segment of a reassembled PDU]"
"5358","98.223901","10.8.0.1","lga15s46-in-f35.1e100.net","TCP","54","45112  >  443 [ACK] Seq=853 Ack=8193 Win=65535 Len=0"
"5359","98.223929","lga15s46-in-f35.1e100.net","10.8.0.1","TLSv1.3","5566","Application Data, Application Data, Application Data, Application Data"
"5360","98.223941","10.8.0.1","lga15s46-in-f35.1e100.net","TCP","54","45112  >  443 [ACK] Seq=853 Ack=13705 Win=65535 Len=0"
"5361","98.225677","10.8.0.1","lga15s46-in-f35.1e100.net","TCP","54","45112  >  443 [FIN, ACK] Seq=853 Ack=13705 Win=65535 Len=0"
"5362","98.225753","lga15s46-in-f35.1e100.net","10.8.0.1","TCP","54","443  >  45112 [ACK] Seq=13705 Ack=854 Win=65535 Len=0"
"5363","98.225788","lga15s46-in-f35.1e100.net","10.8.0.1","TCP","54","443  >  45112 [FIN, ACK] Seq=13705 Ack=854 Win=65535 Len=0"
"5364","98.225918","10.8.0.1","lga15s46-in-f35.1e100.net","TCP","54","45112  >  443 [ACK] Seq=854 Ack=13706 Win=65535 Len=0"
"5365","98.397928","10.8.0.1","ord37s34-in-f10.1e100.net","TCP","118","[TCP Retransmission] 59740  >  443 [PSH, ACK] Seq=518 Ack=4681 Win=67107840 Len=64"
"5366","98.398093","10.8.0.1","ord38s28-in-f10.1e100.net","TCP","210","[TCP Retransmission] 47034  >  443 [PSH, ACK] Seq=518 Ack=4682 Win=67107840 Len=156"
"5367","98.540066","ec2-52-200-91-14.compute-1.amazonaws.com","10.8.0.1","TLSv1.2","85","Encrypted Alert"
"5368","98.540092","10.8.0.1","ec2-52-200-91-14.compute-1.amazonaws.com","TCP","54","55102  >  443 [ACK] Seq=1832 Ack=7126 Win=67107840 Len=0"
"5369","98.540119","ec2-52-200-91-14.compute-1.amazonaws.com","10.8.0.1","TCP","54","443  >  55102 [FIN, ACK] Seq=7126 Ack=1832 Win=65535 Len=0"
"5370","98.540526","10.8.0.1","ec2-52-200-91-14.compute-1.amazonaws.com","TCP","54","55102  >  443 [FIN, ACK] Seq=1832 Ack=7127 Win=67107840 Len=0"
"5371","98.540547","ec2-52-200-91-14.compute-1.amazonaws.com","10.8.0.1","TCP","54","443  >  55102 [ACK] Seq=7127 Ack=1833 Win=65535 Len=0"
"5372","98.540569","ec2-52-200-91-14.compute-1.amazonaws.com","10.8.0.1","TCP","54","443  >  55102 [FIN, ACK] Seq=7127 Ack=1833 Win=65535 Len=0"
"5373","98.540574","10.8.0.1","ec2-52-200-91-14.compute-1.amazonaws.com","TCP","54","55102  >  443 [RST] Seq=1833 Win=0 Len=0"
"5374","98.887113","10.8.0.1","20.42.65.84","TCP","74","45830  >  443 [SYN] Seq=0 Win=65535 Len=0 MSS=1460 SACK_PERM=1 TSval=1960114960 TSecr=0 WS=1024"
"5375","98.888162","20.42.65.84","10.8.0.1","TCP","54","443  >  45830 [SYN, ACK] Seq=0 Ack=1 Win=65535 Len=0"
"5376","98.888187","10.8.0.1","20.42.65.84","TCP","54","45830  >  443 [ACK] Seq=1 Ack=1 Win=65535 Len=0"
"5377","98.891121","10.8.0.1","20.42.65.84","TLSv1.2","571","Client Hello"
"5378","98.891160","20.42.65.84","10.8.0.1","TCP","54","443  >  45830 [ACK] Seq=1 Ack=518 Win=65535 Len=0"
"5379","98.905189","10.8.0.1","ec2-34-215-33-174.us-west-2.compute.amazonaws.com","TCP","74","51998  >  443 [SYN] Seq=0 Win=65535 Len=0 MSS=1460 SACK_PERM=1 TSval=2359608 TSecr=0 WS=1024"
"5380","98.906015","ec2-34-215-33-174.us-west-2.compute.amazonaws.com","10.8.0.1","TCP","54","443  >  51998 [SYN, ACK] Seq=0 Ack=1 Win=65535 Len=0"
"5381","98.906034","10.8.0.1","ec2-34-215-33-174.us-west-2.compute.amazonaws.com","TCP","54","51998  >  443 [ACK] Seq=1 Ack=1 Win=65535 Len=0"
"5382","98.915509","10.8.0.1","ec2-34-215-33-174.us-west-2.compute.amazonaws.com","TLSv1.2","571","Client Hello"
"5383","98.915537","ec2-34-215-33-174.us-west-2.compute.amazonaws.com","10.8.0.1","TCP","54","443  >  51998 [ACK] Seq=1 Ack=518 Win=65535 Len=0"
"5384","99.083176","20.42.65.84","10.8.0.1","TCP","1432","443  >  45830 [PSH, ACK] Seq=1 Ack=518 Win=65535 Len=1378 [TCP segment of a reassembled PDU]"
"5385","99.083205","10.8.0.1","20.42.65.84","TCP","54","45830  >  443 [ACK] Seq=518 Ack=1379 Win=65535 Len=0"
"5386","99.083946","20.42.65.84","10.8.0.1","TCP","2810","443  >  45830 [PSH, ACK] Seq=1379 Ack=518 Win=65535 Len=2756 [TCP segment of a reassembled PDU]"
"5387","99.083969","10.8.0.1","20.42.65.84","TCP","54","45830  >  443 [ACK] Seq=518 Ack=4135 Win=65535 Len=0"
"5388","99.175273","20.42.65.84","10.8.0.1","TCP","1432","443  >  45830 [PSH, ACK] Seq=4135 Ack=518 Win=65535 Len=1378 [TCP segment of a reassembled PDU]"
"5389","99.175303","10.8.0.1","20.42.65.84","TCP","54","45830  >  443 [ACK] Seq=518 Ack=5513 Win=65535 Len=0"
"5390","99.183949","ec2-34-215-33-174.us-west-2.compute.amazonaws.com","10.8.0.1","TLSv1.2","4188","Server Hello"
"5391","99.183973","10.8.0.1","ec2-34-215-33-174.us-west-2.compute.amazonaws.com","TCP","54","51998  >  443 [ACK] Seq=518 Ack=4135 Win=65535 Len=0"
"5392","99.235127","20.42.65.84","10.8.0.1","TLSv1.2","716","Server Hello, Certificate, Certificate Status, Server Key Exchange, Server Hello Done"
"5393","99.235140","10.8.0.1","20.42.65.84","TCP","54","45830  >  443 [ACK] Seq=518 Ack=6175 Win=65535 Len=0"
"5394","99.252219","ec2-34-215-33-174.us-west-2.compute.amazonaws.com","10.8.0.1","TLSv1.2","1432","Certificate, Server Key Exchange"
"5395","99.252244","10.8.0.1","ec2-34-215-33-174.us-west-2.compute.amazonaws.com","TCP","54","51998  >  443 [ACK] Seq=518 Ack=5513 Win=65535 Len=0"
"5396","99.252263","ec2-34-215-33-174.us-west-2.compute.amazonaws.com","10.8.0.1","TLSv1.2","57","Server Hello Done"
"5397","99.252268","10.8.0.1","ec2-34-215-33-174.us-west-2.compute.amazonaws.com","TCP","54","51998  >  443 [ACK] Seq=518 Ack=5516 Win=65535 Len=0"
"5398","99.290699","10.8.0.1","20.42.65.84","TLSv1.2","212","Client Key Exchange, Change Cipher Spec, Encrypted Handshake Message"
"5399","99.290737","20.42.65.84","10.8.0.1","TCP","54","443  >  45830 [ACK] Seq=6175 Ack=676 Win=65535 Len=0"
"5400","99.308532","10.8.0.1","ec2-34-215-33-174.us-west-2.compute.amazonaws.com","TLSv1.2","180","Client Key Exchange, Change Cipher Spec, Encrypted Handshake Message"
"5401","99.308560","ec2-34-215-33-174.us-west-2.compute.amazonaws.com","10.8.0.1","TCP","54","443  >  51998 [ACK] Seq=5516 Ack=644 Win=65535 Len=0"
"5402","99.416003","20.42.65.84","10.8.0.1","TLSv1.2","105","Change Cipher Spec, Encrypted Handshake Message"
"5403","99.416039","10.8.0.1","20.42.65.84","TCP","54","45830  >  443 [ACK] Seq=676 Ack=6226 Win=65535 Len=0"
"5404","99.420237","ec2-34-215-33-174.us-west-2.compute.amazonaws.com","10.8.0.1","TLSv1.2","344","New Session Ticket, Change Cipher Spec, Encrypted Handshake Message"
"5405","99.420244","10.8.0.1","ec2-34-215-33-174.us-west-2.compute.amazonaws.com","TCP","54","51998  >  443 [ACK] Seq=644 Ack=5806 Win=65535 Len=0"
"5406","99.421356","10.8.0.1","20.42.65.84","TCP","590","45830  >  443 [ACK] Seq=676 Ack=6226 Win=65535 Len=536 [TCP segment of a reassembled PDU]"
"5407","99.421371","20.42.65.84","10.8.0.1","TCP","54","443  >  45830 [ACK] Seq=6226 Ack=1212 Win=65535 Len=0"
"5408","99.421377","10.8.0.1","20.42.65.84","TCP","590","45830  >  443 [ACK] Seq=1212 Ack=6226 Win=65535 Len=536 [TCP segment of a reassembled PDU]"
"5409","99.421406","20.42.65.84","10.8.0.1","TCP","54","443  >  45830 [ACK] Seq=6226 Ack=1748 Win=65535 Len=0"
"5410","99.421411","10.8.0.1","20.42.65.84","TLSv1.2","407","Application Data"
"5411","99.421422","20.42.65.84","10.8.0.1","TCP","54","443  >  45830 [ACK] Seq=6226 Ack=2101 Win=65535 Len=0"
"5412","99.434271","10.8.0.1","ec2-34-215-33-174.us-west-2.compute.amazonaws.com","TLSv1.2","107","Application Data"
"5413","99.434301","ec2-34-215-33-174.us-west-2.compute.amazonaws.com","10.8.0.1","TCP","54","443  >  51998 [ACK] Seq=5806 Ack=697 Win=65535 Len=0"
"5414","99.434573","10.8.0.1","ec2-34-215-33-174.us-west-2.compute.amazonaws.com","TLSv1.2","98","Application Data"
"5415","99.434585","ec2-34-215-33-174.us-west-2.compute.amazonaws.com","10.8.0.1","TCP","54","443  >  51998 [ACK] Seq=5806 Ack=741 Win=65535 Len=0"
"5416","99.434737","10.8.0.1","ec2-34-215-33-174.us-west-2.compute.amazonaws.com","TLSv1.2","96","Application Data"
"5417","99.434746","ec2-34-215-33-174.us-west-2.compute.amazonaws.com","10.8.0.1","TCP","54","443  >  51998 [ACK] Seq=5806 Ack=783 Win=65535 Len=0"
"5418","99.443769","10.8.0.1","ec2-34-215-33-174.us-west-2.compute.amazonaws.com","TCP","590","51998  >  443 [ACK] Seq=783 Ack=5806 Win=65535 Len=536 [TCP segment of a reassembled PDU]"
"5419","99.443823","ec2-34-215-33-174.us-west-2.compute.amazonaws.com","10.8.0.1","TCP","54","443  >  51998 [ACK] Seq=5806 Ack=1319 Win=65535 Len=0"
"5420","99.443830","10.8.0.1","ec2-34-215-33-174.us-west-2.compute.amazonaws.com","TCP","590","51998  >  443 [ACK] Seq=1319 Ack=5806 Win=65535 Len=536 [TCP segment of a reassembled PDU]"
"5421","99.443841","ec2-34-215-33-174.us-west-2.compute.amazonaws.com","10.8.0.1","TCP","54","443  >  51998 [ACK] Seq=5806 Ack=1855 Win=65535 Len=0"
"5422","99.443847","10.8.0.1","ec2-34-215-33-174.us-west-2.compute.amazonaws.com","TCP","590","51998  >  443 [ACK] Seq=1855 Ack=5806 Win=65535 Len=536 [TCP segment of a reassembled PDU]"
"5423","99.443857","ec2-34-215-33-174.us-west-2.compute.amazonaws.com","10.8.0.1","TCP","54","443  >  51998 [ACK] Seq=5806 Ack=2391 Win=65535 Len=0"
"5424","99.443863","10.8.0.1","ec2-34-215-33-174.us-west-2.compute.amazonaws.com","TCP","590","51998  >  443 [ACK] Seq=2391 Ack=5806 Win=65535 Len=536 [TCP segment of a reassembled PDU]"
"5425","99.443872","ec2-34-215-33-174.us-west-2.compute.amazonaws.com","10.8.0.1","TCP","54","443  >  51998 [ACK] Seq=5806 Ack=2927 Win=65535 Len=0"
"5426","99.443877","10.8.0.1","ec2-34-215-33-174.us-west-2.compute.amazonaws.com","TCP","590","51998  >  443 [PSH, ACK] Seq=2927 Ack=5806 Win=65535 Len=536 [TCP segment of a reassembled PDU]"
"5427","99.443902","ec2-34-215-33-174.us-west-2.compute.amazonaws.com","10.8.0.1","TCP","54","443  >  51998 [ACK] Seq=5806 Ack=3463 Win=65535 Len=0"
"5428","99.443908","10.8.0.1","ec2-34-215-33-174.us-west-2.compute.amazonaws.com","TCP","590","51998  >  443 [ACK] Seq=3463 Ack=5806 Win=65535 Len=536 [TCP segment of a reassembled PDU]"
"5429","99.443917","ec2-34-215-33-174.us-west-2.compute.amazonaws.com","10.8.0.1","TCP","54","443  >  51998 [ACK] Seq=5806 Ack=3999 Win=65535 Len=0"
"5430","99.443927","10.8.0.1","ec2-34-215-33-174.us-west-2.compute.amazonaws.com","TLSv1.2","102","Application Data"
"5431","99.443938","ec2-34-215-33-174.us-west-2.compute.amazonaws.com","10.8.0.1","TCP","54","443  >  51998 [ACK] Seq=5806 Ack=4047 Win=65535 Len=0"
"5432","99.462275","10.8.0.1","ord38s32-in-f10.1e100.net","TCP","74","43940  >  443 [SYN] Seq=0 Win=65535 Len=0 MSS=1460 SACK_PERM=1 TSval=616042451 TSecr=0 WS=1024"
"5433","99.463166","ord38s32-in-f10.1e100.net","10.8.0.1","TCP","54","443  >  43940 [SYN, ACK] Seq=0 Ack=1 Win=65535 Len=0"
"5434","99.463191","10.8.0.1","ord38s32-in-f10.1e100.net","TCP","54","43940  >  443 [ACK] Seq=1 Ack=1 Win=65535 Len=0"
"5435","99.465406","10.8.0.1","ord38s32-in-f10.1e100.net","TLSv1.2","571","Client Hello"
"5436","99.465422","ord38s32-in-f10.1e100.net","10.8.0.1","TCP","54","443  >  43940 [ACK] Seq=1 Ack=518 Win=65535 Len=0"
"5437","99.473509","ec2-34-215-33-174.us-west-2.compute.amazonaws.com","10.8.0.1","TLSv1.2","123","Application Data"
"5438","99.473517","10.8.0.1","ec2-34-215-33-174.us-west-2.compute.amazonaws.com","TCP","54","51998  >  443 [ACK] Seq=4047 Ack=5875 Win=65535 Len=0"
"5439","99.474562","10.8.0.1","ec2-34-215-33-174.us-west-2.compute.amazonaws.com","TLSv1.2","92","Application Data"
"5440","99.474575","ec2-34-215-33-174.us-west-2.compute.amazonaws.com","10.8.0.1","TCP","54","443  >  51998 [ACK] Seq=5875 Ack=4085 Win=65535 Len=0"
"5441","99.573123","20.42.65.84","10.8.0.1","TLSv1.2","461","Application Data"
"5442","99.573147","10.8.0.1","20.42.65.84","TCP","54","45830  >  443 [ACK] Seq=2101 Ack=6633 Win=65535 Len=0"
"5443","99.576898","ec2-34-215-33-174.us-west-2.compute.amazonaws.com","10.8.0.1","TLSv1.2","92","Application Data"
"5444","99.576964","10.8.0.1","ec2-34-215-33-174.us-west-2.compute.amazonaws.com","TCP","54","51998  >  443 [ACK] Seq=4085 Ack=5913 Win=65535 Len=0"
"5445","99.616212","ord38s32-in-f10.1e100.net","10.8.0.1","TLSv1.2","210","Server Hello, Change Cipher Spec, Encrypted Handshake Message"
"5446","99.616223","10.8.0.1","ord38s32-in-f10.1e100.net","TCP","54","43940  >  443 [ACK] Seq=518 Ack=157 Win=65535 Len=0"
"5447","99.621716","10.8.0.1","ord38s32-in-f10.1e100.net","TLSv1.2","105","Change Cipher Spec, Encrypted Handshake Message"
"5448","99.621732","ord38s32-in-f10.1e100.net","10.8.0.1","TCP","54","443  >  43940 [ACK] Seq=157 Ack=569 Win=65535 Len=0"
"5449","99.623513","10.8.0.1","ord38s32-in-f10.1e100.net","TLSv1.2","122","Application Data"
"5450","99.623527","ord38s32-in-f10.1e100.net","10.8.0.1","TCP","54","443  >  43940 [ACK] Seq=157 Ack=637 Win=65535 Len=0"
"5451","99.640202","ord37s34-in-f10.1e100.net","10.8.0.1","TLSv1.3","386","Application Data"
"5452","99.642922","10.8.0.1","ord37s34-in-f10.1e100.net","TCP","54","59832  >  443 [ACK] Seq=22495 Ack=5654 Win=67107840 Len=0"
"5453","99.642948","ord37s34-in-f10.1e100.net","10.8.0.1","TCP","1432","443  >  59832 [PSH, ACK] Seq=5654 Ack=22495 Win=65535 Len=1378 [TCP segment of a reassembled PDU]"
"5454","99.643245","10.8.0.1","ord37s34-in-f10.1e100.net","TCP","54","59832  >  443 [ACK] Seq=22495 Ack=7032 Win=67107840 Len=0"
"5455","99.643924","ord37s34-in-f10.1e100.net","10.8.0.1","TLSv1.3","2810","Application Data, Application Data"
"5456","99.643933","10.8.0.1","ord37s34-in-f10.1e100.net","TCP","54","59832  >  443 [ACK] Seq=22495 Ack=9788 Win=67107840 Len=0"
"5457","99.650587","ord37s34-in-f10.1e100.net","10.8.0.1","TLSv1.3","1432","Application Data [TCP segment of a reassembled PDU]"
"5458","99.650663","10.8.0.1","ord37s34-in-f10.1e100.net","TCP","54","59832  >  443 [ACK] Seq=22495 Ack=11166 Win=67107840 Len=0"
"5459","99.653894","ord37s34-in-f10.1e100.net","10.8.0.1","TLSv1.3","4188","Application Data, Application Data, Application Data"
"5460","99.653907","10.8.0.1","ord37s34-in-f10.1e100.net","TCP","54","59832  >  443 [ACK] Seq=22495 Ack=15300 Win=67107840 Len=0"
"5461","99.685983","ord37s34-in-f10.1e100.net","10.8.0.1","TLSv1.3","1432","Application Data [TCP segment of a reassembled PDU]"
"5462","99.688435","10.8.0.1","ord37s34-in-f10.1e100.net","TCP","54","59832  >  443 [ACK] Seq=22495 Ack=16678 Win=67107840 Len=0"
"5463","99.688455","ord37s34-in-f10.1e100.net","10.8.0.1","TLSv1.3","2810","Application Data, Application Data"
"5464","99.688466","10.8.0.1","ord37s34-in-f10.1e100.net","TCP","54","59832  >  443 [ACK] Seq=22495 Ack=19434 Win=67107840 Len=0"
"5465","99.689939","ord38s32-in-f10.1e100.net","10.8.0.1","TLSv1.2","123","Application Data"
"5466","99.689945","10.8.0.1","ord38s32-in-f10.1e100.net","TCP","54","43940  >  443 [ACK] Seq=637 Ack=226 Win=65535 Len=0"
"5467","99.692068","ord37s34-in-f10.1e100.net","10.8.0.1","TLSv1.3","5566","Application Data, Application Data, Application Data, Application Data, Application Data"
"5468","99.692080","10.8.0.1","ord37s34-in-f10.1e100.net","TCP","54","59832  >  443 [ACK] Seq=22495 Ack=24946 Win=67107840 Len=0"
"5469","99.692174","10.8.0.1","ord38s32-in-f10.1e100.net","TCP","590","43940  >  443 [ACK] Seq=637 Ack=226 Win=65535 Len=536 [TCP segment of a reassembled PDU]"
"5470","99.692188","ord38s32-in-f10.1e100.net","10.8.0.1","TCP","54","443  >  43940 [ACK] Seq=226 Ack=1173 Win=65535 Len=0"
"5471","99.692193","10.8.0.1","ord38s32-in-f10.1e100.net","TLSv1.2","97","Application Data"
"5472","99.692203","ord38s32-in-f10.1e100.net","10.8.0.1","TCP","54","443  >  43940 [ACK] Seq=226 Ack=1216 Win=65535 Len=0"
"5473","99.701275","10.8.0.1","ord38s32-in-f10.1e100.net","TCP","590","43940  >  443 [ACK] Seq=1216 Ack=226 Win=65535 Len=536 [TCP segment of a reassembled PDU]"
"5474","99.701291","ord38s32-in-f10.1e100.net","10.8.0.1","TCP","54","443  >  43940 [ACK] Seq=226 Ack=1752 Win=65535 Len=0"
"5475","99.701296","10.8.0.1","ord38s32-in-f10.1e100.net","TCP","590","43940  >  443 [ACK] Seq=1752 Ack=226 Win=65535 Len=536 [TCP segment of a reassembled PDU]"
"5476","99.701305","ord38s32-in-f10.1e100.net","10.8.0.1","TCP","54","443  >  43940 [ACK] Seq=226 Ack=2288 Win=65535 Len=0"
"5477","99.701310","10.8.0.1","ord38s32-in-f10.1e100.net","TCP","590","43940  >  443 [ACK] Seq=2288 Ack=226 Win=65535 Len=536 [TCP segment of a reassembled PDU]"
"5478","99.701319","ord38s32-in-f10.1e100.net","10.8.0.1","TCP","54","443  >  43940 [ACK] Seq=226 Ack=2824 Win=65535 Len=0"
"5479","99.701323","10.8.0.1","ord38s32-in-f10.1e100.net","TCP","590","43940  >  443 [ACK] Seq=2824 Ack=226 Win=65535 Len=536 [TCP segment of a reassembled PDU]"
"5480","99.701331","ord38s32-in-f10.1e100.net","10.8.0.1","TCP","54","443  >  43940 [ACK] Seq=226 Ack=3360 Win=65535 Len=0"
"5481","99.701336","10.8.0.1","ord38s32-in-f10.1e100.net","TCP","590","43940  >  443 [PSH, ACK] Seq=3360 Ack=226 Win=65535 Len=536 [TCP segment of a reassembled PDU]"
"5482","99.701349","ord38s32-in-f10.1e100.net","10.8.0.1","TCP","54","443  >  43940 [ACK] Seq=226 Ack=3896 Win=65535 Len=0"
"5483","99.701353","10.8.0.1","ord38s32-in-f10.1e100.net","TCP","590","43940  >  443 [ACK] Seq=3896 Ack=226 Win=65535 Len=536 [TCP segment of a reassembled PDU]"
"5484","99.701361","ord38s32-in-f10.1e100.net","10.8.0.1","TCP","54","443  >  43940 [ACK] Seq=226 Ack=4432 Win=65535 Len=0"
"5485","99.701367","10.8.0.1","ord38s32-in-f10.1e100.net","TCP","590","43940  >  443 [ACK] Seq=4432 Ack=226 Win=65535 Len=536 [TCP segment of a reassembled PDU]"
"5486","99.701375","ord38s32-in-f10.1e100.net","10.8.0.1","TCP","54","443  >  43940 [ACK] Seq=226 Ack=4968 Win=65535 Len=0"
"5487","99.701380","10.8.0.1","ord38s32-in-f10.1e100.net","TLSv1.2","459","Application Data"
"5488","99.701388","ord38s32-in-f10.1e100.net","10.8.0.1","TCP","54","443  >  43940 [ACK] Seq=226 Ack=5373 Win=65535 Len=0"
"5489","99.701562","10.8.0.1","ord38s32-in-f10.1e100.net","TCP","590","43940  >  443 [ACK] Seq=5373 Ack=226 Win=65535 Len=536 [TCP segment of a reassembled PDU]"
"5490","99.701572","ord38s32-in-f10.1e100.net","10.8.0.1","TCP","54","443  >  43940 [ACK] Seq=226 Ack=5909 Win=65535 Len=0"
"5491","99.701577","10.8.0.1","ord38s32-in-f10.1e100.net","TCP","590","43940  >  443 [ACK] Seq=5909 Ack=226 Win=65535 Len=536 [TCP segment of a reassembled PDU]"
"5492","99.701584","ord38s32-in-f10.1e100.net","10.8.0.1","TCP","54","443  >  43940 [ACK] Seq=226 Ack=6445 Win=65535 Len=0"
"5493","99.701589","10.8.0.1","ord38s32-in-f10.1e100.net","TCP","590","43940  >  443 [ACK] Seq=6445 Ack=226 Win=65535 Len=536 [TCP segment of a reassembled PDU]"
"5494","99.701601","ord38s32-in-f10.1e100.net","10.8.0.1","TCP","54","443  >  43940 [ACK] Seq=226 Ack=6981 Win=65535 Len=0"
"5495","99.701605","10.8.0.1","ord38s32-in-f10.1e100.net","TCP","590","43940  >  443 [ACK] Seq=6981 Ack=226 Win=65535 Len=536 [TCP segment of a reassembled PDU]"
"5496","99.701613","ord38s32-in-f10.1e100.net","10.8.0.1","TCP","54","443  >  43940 [ACK] Seq=226 Ack=7517 Win=65535 Len=0"
"5497","99.701617","10.8.0.1","ord38s32-in-f10.1e100.net","TCP","590","43940  >  443 [ACK] Seq=7517 Ack=226 Win=65535 Len=536 [TCP segment of a reassembled PDU]"
"5498","99.701625","ord38s32-in-f10.1e100.net","10.8.0.1","TCP","54","443  >  43940 [ACK] Seq=226 Ack=8053 Win=65535 Len=0"
"5499","99.701629","10.8.0.1","ord38s32-in-f10.1e100.net","TCP","590","43940  >  443 [ACK] Seq=8053 Ack=226 Win=65535 Len=536 [TCP segment of a reassembled PDU]"
"5500","99.701636","ord38s32-in-f10.1e100.net","10.8.0.1","TCP","54","443  >  43940 [ACK] Seq=226 Ack=8589 Win=65535 Len=0"
"5501","99.701640","10.8.0.1","ord38s32-in-f10.1e100.net","TCP","590","43940  >  443 [ACK] Seq=8589 Ack=226 Win=65535 Len=536 [TCP segment of a reassembled PDU]"
"5502","99.701647","ord38s32-in-f10.1e100.net","10.8.0.1","TCP","54","443  >  43940 [ACK] Seq=226 Ack=9125 Win=65535 Len=0"
"5503","99.701652","10.8.0.1","ord38s32-in-f10.1e100.net","TCP","590","43940  >  443 [PSH, ACK] Seq=9125 Ack=226 Win=65535 Len=536 [TCP segment of a reassembled PDU]"
"5504","99.701659","ord38s32-in-f10.1e100.net","10.8.0.1","TCP","54","443  >  43940 [ACK] Seq=226 Ack=9661 Win=65535 Len=0"
"5505","99.701664","10.8.0.1","ord38s32-in-f10.1e100.net","TCP","590","43940  >  443 [ACK] Seq=9661 Ack=226 Win=65535 Len=536 [TCP segment of a reassembled PDU]"
"5506","99.701676","ord38s32-in-f10.1e100.net","10.8.0.1","TCP","54","443  >  43940 [ACK] Seq=226 Ack=10197 Win=65535 Len=0"
"5507","99.701682","10.8.0.1","ord38s32-in-f10.1e100.net","TCP","590","43940  >  443 [ACK] Seq=10197 Ack=226 Win=65535 Len=536 [TCP segment of a reassembled PDU]"
"5508","99.701689","ord38s32-in-f10.1e100.net","10.8.0.1","TCP","54","443  >  43940 [ACK] Seq=226 Ack=10733 Win=65535 Len=0"
"5509","99.701694","10.8.0.1","ord38s32-in-f10.1e100.net","TLSv1.2","355","Application Data"
"5510","99.701701","ord38s32-in-f10.1e100.net","10.8.0.1","TCP","54","443  >  43940 [ACK] Seq=226 Ack=11034 Win=65535 Len=0"
"5511","99.714123","ord37s34-in-f10.1e100.net","10.8.0.1","TLSv1.3","2810","Application Data, Application Data"
"5512","99.714140","10.8.0.1","ord37s34-in-f10.1e100.net","TCP","54","59832  >  443 [ACK] Seq=22495 Ack=27702 Win=67107840 Len=0"
"5513","99.715899","ord37s34-in-f10.1e100.net","10.8.0.1","TLSv1.3","6944","Application Data, Application Data, Application Data, Application Data, Application Data"
"5514","99.715909","10.8.0.1","ord37s34-in-f10.1e100.net","TCP","54","59832  >  443 [ACK] Seq=22495 Ack=34592 Win=67107840 Len=0"
"5515","99.717800","ord37s34-in-f10.1e100.net","10.8.0.1","TLSv1.3","1432","Application Data [TCP segment of a reassembled PDU]"
"5516","99.717855","10.8.0.1","ord37s34-in-f10.1e100.net","TCP","54","59832  >  443 [ACK] Seq=22495 Ack=35970 Win=67107840 Len=0"
"5517","99.735100","ec2-34-215-33-174.us-west-2.compute.amazonaws.com","10.8.0.1","TLSv1.2","191","Application Data"
"5518","99.735195","10.8.0.1","ec2-34-215-33-174.us-west-2.compute.amazonaws.com","TCP","54","51998  >  443 [ACK] Seq=4085 Ack=6050 Win=65535 Len=0"
"5519","99.741042","ord37s34-in-f10.1e100.net","10.8.0.1","TLSv1.3","1432","Application Data [TCP segment of a reassembled PDU]"
"5520","99.764193","ord38s32-in-f10.1e100.net","10.8.0.1","TLSv1.2","92","Application Data"
"5521","99.765631","10.8.0.1","ord38s32-in-f10.1e100.net","TCP","54","43940  >  443 [ACK] Seq=11034 Ack=264 Win=65535 Len=0"
"5522","99.777850","10.8.0.1","ord37s34-in-f10.1e100.net","TCP","54","59832  >  443 [ACK] Seq=22495 Ack=37348 Win=67107840 Len=0"
"5523","99.777920","ord37s34-in-f10.1e100.net","10.8.0.1","TLSv1.3","17968","Application Data, Application Data, Application Data, Application Data, Application Data, Application Data, Application Data, Application Data, Application Data, Application Data, Application Data, Application Data, Application Data"
"5524","99.777961","10.8.0.1","ord37s34-in-f10.1e100.net","TCP","54","59832  >  443 [ACK] Seq=22495 Ack=55262 Win=67107840 Len=0"
"5525","99.804433","10.8.0.1","ord37s32-in-f14.1e100.net","TCP","54","49856  >  443 [FIN, ACK] Seq=518 Ack=1 Win=65535 Len=0"
"5526","99.804565","ord37s32-in-f14.1e100.net","10.8.0.1","TCP","54","443  >  49856 [ACK] Seq=1 Ack=519 Win=65535 Len=0"
"5527","99.804615","ord37s32-in-f14.1e100.net","10.8.0.1","TCP","54","443  >  49856 [FIN, ACK] Seq=1 Ack=519 Win=65535 Len=0"
"5528","99.804701","10.8.0.1","ord37s32-in-f14.1e100.net","TCP","54","49856  >  443 [ACK] Seq=519 Ack=2 Win=65535 Len=0"
"5529","99.811028","ord37s34-in-f10.1e100.net","10.8.0.1","TLSv1.3","1432","Application Data [TCP segment of a reassembled PDU]"
"5530","99.811141","10.8.0.1","ord37s34-in-f10.1e100.net","TCP","54","59832  >  443 [ACK] Seq=22495 Ack=56640 Win=67107840 Len=0"
"5531","99.813873","ord37s34-in-f10.1e100.net","10.8.0.1","TLSv1.3","4188","Application Data, Application Data, Application Data"
"5532","99.813895","10.8.0.1","ord37s34-in-f10.1e100.net","TCP","54","59832  >  443 [ACK] Seq=22495 Ack=60774 Win=67107840 Len=0"
"5533","99.813921","ord37s34-in-f10.1e100.net","10.8.0.1","TLSv1.3","6944","Application Data, Application Data, Application Data, Application Data, Application Data"
"5534","99.813934","10.8.0.1","ord37s34-in-f10.1e100.net","TCP","54","59832  >  443 [ACK] Seq=22495 Ack=67664 Win=67107840 Len=0"
"5535","99.815846","ord37s34-in-f10.1e100.net","10.8.0.1","TLSv1.3","6944","Application Data, Application Data, Application Data, Application Data, Application Data"
"5536","99.815857","10.8.0.1","ord37s34-in-f10.1e100.net","TCP","54","59832  >  443 [ACK] Seq=22495 Ack=74554 Win=67107840 Len=0"
"5537","99.815881","ord37s34-in-f10.1e100.net","10.8.0.1","TLSv1.3","5566","Application Data, Application Data, Application Data, Application Data"
"5538","99.815893","10.8.0.1","ord37s34-in-f10.1e100.net","TCP","54","59832  >  443 [ACK] Seq=22495 Ack=80066 Win=67107840 Len=0"
"5539","99.815907","ord37s34-in-f10.1e100.net","10.8.0.1","TLSv1.3","1432","Application Data [TCP segment of a reassembled PDU]"
"5540","99.815950","10.8.0.1","ord37s34-in-f10.1e100.net","TCP","54","59832  >  443 [ACK] Seq=22495 Ack=81444 Win=67107840 Len=0"
"5541","99.817836","ord37s34-in-f10.1e100.net","10.8.0.1","TLSv1.3","4188","Application Data, Application Data"
"5542","99.817846","10.8.0.1","ord37s34-in-f10.1e100.net","TCP","54","59832  >  443 [ACK] Seq=22495 Ack=85578 Win=67107840 Len=0"
"5543","99.817875","ord37s34-in-f10.1e100.net","10.8.0.1","TLSv1.3","4188","Application Data, Application Data, Application Data, Application Data"
"5544","99.817885","10.8.0.1","ord37s34-in-f10.1e100.net","TCP","54","59832  >  443 [ACK] Seq=22495 Ack=89712 Win=67107840 Len=0"
"5545","99.819808","ord37s34-in-f10.1e100.net","10.8.0.1","TLSv1.3","11078","Application Data, Application Data, Application Data, Application Data, Application Data, Application Data, Application Data"
"5546","99.819828","10.8.0.1","ord37s34-in-f10.1e100.net","TCP","54","59832  >  443 [ACK] Seq=22495 Ack=100736 Win=67107840 Len=0"
"5547","99.828201","ord37s34-in-f10.1e100.net","10.8.0.1","TLSv1.3","1432","Application Data [TCP segment of a reassembled PDU]"
"5548","99.828759","10.8.0.1","ord37s34-in-f10.1e100.net","TCP","54","59832  >  443 [ACK] Seq=22495 Ack=102114 Win=67107840 Len=0"
"5549","99.829891","ord37s34-in-f10.1e100.net","10.8.0.1","TLSv1.3","11078","Application Data, Application Data, Application Data, Application Data, Application Data, Application Data, Application Data, Application Data, Application Data"
"5550","99.829911","10.8.0.1","ord37s34-in-f10.1e100.net","TCP","54","59832  >  443 [ACK] Seq=22495 Ack=113138 Win=67107840 Len=0"
"5551","99.844185","ord37s34-in-f10.1e100.net","10.8.0.1","TLSv1.3","2810","Application Data, Application Data"
"5552","99.844215","10.8.0.1","ord37s34-in-f10.1e100.net","TCP","54","59832  >  443 [ACK] Seq=22495 Ack=115894 Win=67107840 Len=0"
"5553","99.861644","10.8.0.1","edge-star-shv-01-ort2.facebook.com","TCP","590","42618  >  443 [ACK] Seq=472 Ack=2644 Win=67107840 Len=536 [TCP segment of a reassembled PDU]"
"5554","99.861679","edge-star-shv-01-ort2.facebook.com","10.8.0.1","TCP","54","443  >  42618 [ACK] Seq=2644 Ack=1008 Win=65535 Len=0"
"5555","99.861685","10.8.0.1","edge-star-shv-01-ort2.facebook.com","TCP","590","42618  >  443 [PSH, ACK] Seq=1008 Ack=2644 Win=67107840 Len=536 [TCP segment of a reassembled PDU]"
"5556","99.861698","edge-star-shv-01-ort2.facebook.com","10.8.0.1","TCP","54","443  >  42618 [ACK] Seq=2644 Ack=1544 Win=65535 Len=0"
"5557","99.861703","10.8.0.1","edge-star-shv-01-ort2.facebook.com","TLSv1.3","270","Application Data"
"5558","99.861712","edge-star-shv-01-ort2.facebook.com","10.8.0.1","TCP","54","443  >  42618 [ACK] Seq=2644 Ack=1760 Win=65535 Len=0"
"5559","99.861848","10.8.0.1","edge-star-shv-01-ort2.facebook.com","TLSv1.3","85","Application Data"
"5560","99.861860","edge-star-shv-01-ort2.facebook.com","10.8.0.1","TCP","54","443  >  42618 [ACK] Seq=2644 Ack=1791 Win=65535 Len=0"
"5561","99.863926","ord37s34-in-f10.1e100.net","10.8.0.1","TLSv1.3","2810","Application Data, Application Data"
"5562","99.863941","10.8.0.1","ord37s34-in-f10.1e100.net","TCP","54","59832  >  443 [ACK] Seq=22495 Ack=118650 Win=67107840 Len=0"
"5563","99.871745","10.8.0.1","lga15s46-in-f35.1e100.net","TCP","74","45128  >  443 [SYN] Seq=0 Win=65535 Len=0 MSS=1460 SACK_PERM=1 TSval=2005018184 TSecr=0 WS=1024"
"5564","99.873346","lga15s46-in-f35.1e100.net","10.8.0.1","TCP","54","443  >  45128 [SYN, ACK] Seq=0 Ack=1 Win=65535 Len=0"
"5565","99.873375","10.8.0.1","lga15s46-in-f35.1e100.net","TCP","54","45128  >  443 [ACK] Seq=1 Ack=1 Win=65535 Len=0"
"5566","99.876161","10.8.0.1","lga15s46-in-f35.1e100.net","TLSv1.3","571","Client Hello"
"5567","99.876185","lga15s46-in-f35.1e100.net","10.8.0.1","TCP","54","443  >  45128 [ACK] Seq=1 Ack=518 Win=65535 Len=0"
"5568","99.920088","ord38s32-in-f10.1e100.net","10.8.0.1","TLSv1.2","618","Application Data"
"5569","99.929071","ord37s34-in-f10.1e100.net","10.8.0.1","TLSv1.3","779","Application Data, Application Data, Application Data, Application Data"
"5570","99.933880","10.8.0.1","ord37s34-in-f10.1e100.net","TCP","54","59832  >  443 [ACK] Seq=22495 Ack=119375 Win=67107840 Len=0"
"5571","99.934231","10.8.0.1","ord37s34-in-f10.1e100.net","TLSv1.3","93","Application Data"
"5572","99.934248","ord37s34-in-f10.1e100.net","10.8.0.1","TCP","54","443  >  59832 [ACK] Seq=119375 Ack=22534 Win=65535 Len=0"
"5573","99.934836","edge-star-shv-01-ort2.facebook.com","10.8.0.1","TLSv1.3","98","Application Data"
"5574","99.934844","10.8.0.1","edge-star-shv-01-ort2.facebook.com","TCP","54","42618  >  443 [ACK] Seq=1791 Ack=2688 Win=67107840 Len=0"
"5575","99.957886","10.8.0.1","ord38s32-in-f10.1e100.net","TCP","54","43940  >  443 [ACK] Seq=11034 Ack=828 Win=65535 Len=0"
"5576","99.958032","ord38s32-in-f10.1e100.net","10.8.0.1","TLSv1.2","4188","Application Data, Application Data"
"5577","99.958058","10.8.0.1","ord38s32-in-f10.1e100.net","TCP","54","43940  >  443 [ACK] Seq=11034 Ack=4962 Win=65535 Len=0"
"5578","99.975118","ord38s32-in-f10.1e100.net","10.8.0.1","TLSv1.2","2810","Application Data, Application Data"
"5579","99.975128","10.8.0.1","ord38s32-in-f10.1e100.net","TCP","54","43940  >  443 [ACK] Seq=11034 Ack=7718 Win=65535 Len=0"
"5580","100.010456","lga15s46-in-f35.1e100.net","10.8.0.1","TLSv1.3","1432","Server Hello, Change Cipher Spec"
"5581","100.010490","10.8.0.1","lga15s46-in-f35.1e100.net","TCP","54","45128  >  443 [ACK] Seq=518 Ack=1379 Win=65535 Len=0"
"5582","100.010518","lga15s46-in-f35.1e100.net","10.8.0.1","TCP","1472","443  >  45128 [PSH, ACK] Seq=1379 Ack=518 Win=65535 Len=1418 [TCP segment of a reassembled PDU]"
"5583","100.010524","10.8.0.1","lga15s46-in-f35.1e100.net","TCP","54","45128  >  443 [ACK] Seq=518 Ack=2797 Win=65535 Len=0"
"5584","100.011833","lga15s46-in-f35.1e100.net","10.8.0.1","TCP","1432","443  >  45128 [PSH, ACK] Seq=2797 Ack=518 Win=65535 Len=1378 [TCP segment of a reassembled PDU]"
"5585","100.011850","10.8.0.1","lga15s46-in-f35.1e100.net","TCP","54","45128  >  443 [ACK] Seq=518 Ack=4175 Win=65535 Len=0"
"5586","100.024059","ord38s32-in-f10.1e100.net","10.8.0.1","TLSv1.2","290","Application Data, Application Data"
"5587","100.024125","10.8.0.1","ord38s32-in-f10.1e100.net","TCP","54","43940  >  443 [ACK] Seq=11034 Ack=7954 Win=65535 Len=0"
"5588","100.027109","10.8.0.1","ord38s32-in-f10.1e100.net","TLSv1.2","100","Application Data"
"5589","100.027120","ord38s32-in-f10.1e100.net","10.8.0.1","TCP","54","443  >  43940 [ACK] Seq=7954 Ack=11080 Win=65535 Len=0"
"5590","100.027965","edge-star-shv-01-ort2.facebook.com","10.8.0.1","TLSv1.3","900","Application Data"
"5591","100.027971","10.8.0.1","edge-star-shv-01-ort2.facebook.com","TCP","54","42618  >  443 [ACK] Seq=1791 Ack=3534 Win=67107840 Len=0"
"5592","100.073163","lga15s46-in-f35.1e100.net","10.8.0.1","TLSv1.3","204","Application Data"
"5593","100.073188","10.8.0.1","lga15s46-in-f35.1e100.net","TCP","54","45128  >  443 [ACK] Seq=518 Ack=4325 Win=65535 Len=0"
"5594","100.150847","10.8.0.1","lga15s46-in-f35.1e100.net","TLSv1.3","118","Change Cipher Spec, Application Data"
"5595","100.150938","lga15s46-in-f35.1e100.net","10.8.0.1","TCP","54","443  >  45128 [ACK] Seq=4325 Ack=582 Win=65535 Len=0"
"5596","100.165735","10.8.0.1","lga15s46-in-f35.1e100.net","TLSv1.3","146","Application Data"
"5597","100.165818","lga15s46-in-f35.1e100.net","10.8.0.1","TCP","54","443  >  45128 [ACK] Seq=4325 Ack=674 Win=65535 Len=0"
"5598","100.172063","10.8.0.1","lga15s46-in-f35.1e100.net","TLSv1.3","328","Application Data"
"5599","100.172130","lga15s46-in-f35.1e100.net","10.8.0.1","TCP","54","443  >  45128 [ACK] Seq=4325 Ack=948 Win=65535 Len=0"
"5600","100.211154","lga15s46-in-f35.1e100.net","10.8.0.1","TLSv1.3","662","Application Data, Application Data"
"5601","100.211176","10.8.0.1","lga15s46-in-f35.1e100.net","TCP","54","45128  >  443 [ACK] Seq=948 Ack=4933 Win=65535 Len=0"
"5602","100.214558","10.8.0.1","lga15s46-in-f35.1e100.net","TLSv1.3","85","Application Data"
"5603","100.214602","lga15s46-in-f35.1e100.net","10.8.0.1","TCP","54","443  >  45128 [ACK] Seq=4933 Ack=979 Win=65535 Len=0"
"5604","100.286219","lga15s46-in-f35.1e100.net","10.8.0.1","TLSv1.3","85","Application Data"
"5605","100.286244","10.8.0.1","lga15s46-in-f35.1e100.net","TCP","54","45128  >  443 [ACK] Seq=979 Ack=4964 Win=65535 Len=0"
"5606","100.313002","10.8.0.1","ord38s32-in-f10.1e100.net","TLSv1.2","100","Application Data"
"5607","100.313035","ord38s32-in-f10.1e100.net","10.8.0.1","TCP","54","443  >  43940 [ACK] Seq=7954 Ack=11126 Win=65535 Len=0"
"5608","100.313493","10.8.0.1","ord38s32-in-f10.1e100.net","TLSv1.2","85","Encrypted Alert"
"5609","100.313506","ord38s32-in-f10.1e100.net","10.8.0.1","TCP","54","443  >  43940 [ACK] Seq=7954 Ack=11157 Win=65535 Len=0"
"5610","100.314021","10.8.0.1","ord38s32-in-f10.1e100.net","TCP","54","43940  >  443 [FIN, ACK] Seq=11157 Ack=7954 Win=65535 Len=0"
"5611","100.314151","ord38s32-in-f10.1e100.net","10.8.0.1","TCP","54","443  >  43940 [ACK] Seq=7954 Ack=11158 Win=65535 Len=0"
"5612","100.314198","ord38s32-in-f10.1e100.net","10.8.0.1","TCP","54","443  >  43940 [FIN, ACK] Seq=7954 Ack=11158 Win=65535 Len=0"
"5613","100.314258","10.8.0.1","ord38s32-in-f10.1e100.net","TCP","54","43940  >  443 [ACK] Seq=11158 Ack=7955 Win=65535 Len=0"
"5614","100.334131","lga15s46-in-f35.1e100.net","10.8.0.1","TLSv1.3","454","Application Data, Application Data, Application Data"
"5615","100.334142","10.8.0.1","lga15s46-in-f35.1e100.net","TCP","54","45128  >  443 [ACK] Seq=979 Ack=5364 Win=65535 Len=0"
"5616","100.340441","10.8.0.1","lga15s46-in-f35.1e100.net","QUIC","1292","Initial, DCID=1f118c1317f64f77, PKN: 1, PADDING, CRYPTO, CRYPTO, CRYPTO, PADDING, CRYPTO, CRYPTO, CRYPTO, PING, PING, PADDING"
"5617","100.409385","lga15s46-in-f35.1e100.net","10.8.0.1","QUIC","1292","Initial, SCID=1f118c1317f64f77, PKN: 1, ACK, CRYPTO, PADDING"
"5618","100.409443","10.8.0.1","lga15s46-in-f35.1e100.net","TLSv1.3","93","Application Data"
"5619","100.409488","lga15s46-in-f35.1e100.net","10.8.0.1","TCP","54","443  >  45128 [ACK] Seq=5364 Ack=1018 Win=65535 Len=0"
"5620","100.409498","10.8.0.1","lga15s46-in-f35.1e100.net","TLSv1.3","89","Application Data"
"5621","100.409513","lga15s46-in-f35.1e100.net","10.8.0.1","TCP","54","443  >  45128 [ACK] Seq=5364 Ack=1053 Win=65535 Len=0"
"5622","100.409604","10.8.0.1","lga15s46-in-f35.1e100.net","TLSv1.3","143","Application Data"
"5623","100.409640","lga15s46-in-f35.1e100.net","10.8.0.1","TCP","54","443  >  45128 [ACK] Seq=5364 Ack=1142 Win=65535 Len=0"
"5624","100.409650","10.8.0.1","lga15s46-in-f35.1e100.net","TCP","590","45128  >  443 [ACK] Seq=1142 Ack=5364 Win=65535 Len=536 [TCP segment of a reassembled PDU]"
"5625","100.409664","lga15s46-in-f35.1e100.net","10.8.0.1","TCP","54","443  >  45128 [ACK] Seq=5364 Ack=1678 Win=65535 Len=0"
"5626","100.409673","10.8.0.1","lga15s46-in-f35.1e100.net","TLSv1.3","241","Application Data"
"5627","100.409686","lga15s46-in-f35.1e100.net","10.8.0.1","TCP","54","443  >  45128 [ACK] Seq=5364 Ack=1865 Win=65535 Len=0"
"5628","100.414183","10.8.0.1","lga15s46-in-f35.1e100.net","QUIC","1292","Initial, DCID=1f118c1317f64f77, PKN: 2, ACK, PADDING"
"5629","101.414192","10.8.0.1","ord38s32-in-f10.1e100.net","TCP","74","43948  >  443 [SYN] Seq=0 Win=65535 Len=0 MSS=1460 SACK_PERM=1 TSval=616043492 TSecr=0 WS=1024"
"5630","101.416627","ord38s32-in-f10.1e100.net","10.8.0.1","TCP","54","443  >  43948 [SYN, ACK] Seq=0 Ack=1 Win=65535 Len=0"
"5631","101.416747","lga15s46-in-f35.1e100.net","10.8.0.1","TLSv1.3","922","Application Data, Application Data, Application Data"
"5632","101.416775","10.8.0.1","lga15s46-in-f35.1e100.net","QUIC","83","Handshake, DCID=1f118c1317f64f77"
"5633","101.471329","lga15s46-in-f35.1e100.net","10.8.0.1","QUIC","136","Initial, SCID=1f118c1317f64f77, PKN: 6, CC"
"5634","101.471413","10.8.0.1","ord38s32-in-f10.1e100.net","TCP","74","43950  >  443 [SYN] Seq=0 Win=65535 Len=0 MSS=1460 SACK_PERM=1 TSval=616043584 TSecr=0 WS=1024"
"5635","101.473772","ord38s32-in-f10.1e100.net","10.8.0.1","TCP","54","443  >  43950 [SYN, ACK] Seq=0 Ack=1 Win=65535 Len=0"
"5636","101.473879","10.8.0.1","lga15s46-in-f35.1e100.net","QUIC","83","Handshake, DCID=1f118c1317f64f77"
"5637","101.542939","lga15s46-in-f35.1e100.net","10.8.0.1","QUIC","136","Initial, SCID=1f118c1317f64f77, PKN: 6, CC"
"5638","101.543021","10.8.0.1","lga15s46-in-f35.1e100.net","QUIC","83","Handshake, DCID=1f118c1317f64f77"
"5639","102.559210","10.8.0.1","ord38s32-in-f10.1e100.net","TCP","54","43948  >  443 [ACK] Seq=1 Ack=1 Win=65535 Len=0"
"5640","102.559358","10.8.0.1","lga15s46-in-f35.1e100.net","TCP","54","45128  >  443 [ACK] Seq=1865 Ack=6232 Win=65535 Len=0"
"5641","102.559386","10.8.0.1","ord38s32-in-f10.1e100.net","TLSv1.2","571","Client Hello"
"5642","102.559538","ord38s32-in-f10.1e100.net","10.8.0.1","TCP","54","443  >  43948 [ACK] Seq=1 Ack=518 Win=65535 Len=0"
"5643","102.559565","10.8.0.1","lga15s46-in-f35.1e100.net","TLSv1.3","93","Application Data"
"5644","102.559683","lga15s46-in-f35.1e100.net","10.8.0.1","TCP","54","443  >  45128 [ACK] Seq=6232 Ack=1904 Win=65535 Len=0"
"5645","102.559830","10.8.0.1","lga15s46-in-f35.1e100.net","TLSv1.3","89","Application Data"
"5646","102.559889","lga15s46-in-f35.1e100.net","10.8.0.1","TCP","54","443  >  45128 [ACK] Seq=6232 Ack=1939 Win=65535 Len=0"
"5647","102.559969","10.8.0.1","ord38s32-in-f10.1e100.net","TCP","54","43950  >  443 [ACK] Seq=1 Ack=1 Win=65535 Len=0"
"5648","102.559995","10.8.0.1","ord38s32-in-f10.1e100.net","TLSv1.2","571","Client Hello"
"5649","102.560040","ord38s32-in-f10.1e100.net","10.8.0.1","TCP","54","443  >  43950 [ACK] Seq=1 Ack=518 Win=65535 Len=0"
"5650","102.560062","10.8.0.1","lga15s46-in-f35.1e100.net","QUIC","83","Handshake, DCID=1f118c1317f64f77"
"5651","102.648672","lga15s46-in-f35.1e100.net","10.8.0.1","QUIC","136","Initial, SCID=1f118c1317f64f77, PKN: 6, CC"
"5652","102.648900","10.8.0.1","lga15s46-in-f35.1e100.net","TLSv1.3","93","[TCP Spurious Retransmission] , Application Data"
"5653","102.648971","lga15s46-in-f35.1e100.net","10.8.0.1","TCP","54","443  >  45128 [ACK] Seq=6232 Ack=1904 Win=65535 Len=0"
"5654","102.648993","10.8.0.1","lga15s46-in-f35.1e100.net","TCP","74","45140  >  443 [SYN] Seq=0 Win=65535 Len=0 MSS=1460 SACK_PERM=1 TSval=2005020429 TSecr=0 WS=1024"
"5655","102.650988","lga15s46-in-f35.1e100.net","10.8.0.1","TCP","54","443  >  45140 [SYN, ACK] Seq=0 Ack=1 Win=65535 Len=0"
"5656","102.651079","10.8.0.1","lga15s46-in-f35.1e100.net","TLSv1.3","93","[TCP Spurious Retransmission] , Application Data"
"5657","102.651135","lga15s46-in-f35.1e100.net","10.8.0.1","TCP","54","[TCP Dup ACK 5653#1] 443  >  45128 [ACK] Seq=6232 Ack=1904 Win=65535 Len=0"
"5658","102.651160","10.8.0.1","104.244.42.66","TCP","109","[TCP Retransmission] 55314  >  443 [FIN, PSH, ACK] Seq=7776 Ack=6016 Win=65535 Len=55"
"5659","102.651206","104.244.42.66","10.8.0.1","TCP","54","[TCP Keep-Alive] 443  >  55314 [ACK] Seq=6016 Ack=7777 Win=65535 Len=0"
"5660","102.651238","104.244.42.66","10.8.0.1","TCP","54","[TCP Retransmission] 443  >  55314 [FIN, ACK] Seq=6016 Ack=7777 Win=65535 Len=0"
"5661","102.651278","10.8.0.1","edge-star-shv-01-ort2.facebook.com","TLSv1.3","504","Application Data"
"5662","102.651330","edge-star-shv-01-ort2.facebook.com","10.8.0.1","TCP","54","443  >  42618 [ACK] Seq=3534 Ack=2241 Win=65535 Len=0"
"5663","102.651351","10.8.0.1","lga15s46-in-f35.1e100.net","TCP","89","[TCP Retransmission] 45128  >  443 [PSH, ACK] Seq=1904 Ack=6232 Win=65535 Len=35"
"5664","102.651469","lga15s46-in-f35.1e100.net","10.8.0.1","TCP","54","443  >  45128 [ACK] Seq=6232 Ack=1939 Win=65535 Len=0"
"5665","102.651559","10.8.0.1","lga15s46-in-f35.1e100.net","TCP","54","45140  >  443 [ACK] Seq=1 Ack=1 Win=65535 Len=0"
"5666","102.660580","10.8.0.1","lga15s46-in-f35.1e100.net","TLSv1.3","571","Client Hello"
"5667","102.660717","lga15s46-in-f35.1e100.net","10.8.0.1","TCP","54","443  >  45140 [ACK] Seq=1 Ack=518 Win=65535 Len=0"
"5668","102.664386","ord38s32-in-f10.1e100.net","10.8.0.1","TLSv1.2","210","Server Hello, Change Cipher Spec, Encrypted Handshake Message"
"5669","102.664420","10.8.0.1","ord38s32-in-f10.1e100.net","TCP","54","43948  >  443 [ACK] Seq=518 Ack=157 Win=65535 Len=0"
"5670","102.672302","10.8.0.1","ord38s32-in-f10.1e100.net","TLSv1.2","105","Change Cipher Spec, Encrypted Handshake Message"
"5671","102.672334","ord38s32-in-f10.1e100.net","10.8.0.1","TCP","54","443  >  43948 [ACK] Seq=157 Ack=569 Win=65535 Len=0"
"5672","102.674206","10.8.0.1","lga15s46-in-f35.1e100.net","QUIC","83","Handshake, DCID=1f118c1317f64f77"
"5673","103.681108","10.8.0.1","ord38s32-in-f10.1e100.net","TLSv1.2","122","Application Data"
"5674","103.681552","ord38s32-in-f10.1e100.net","10.8.0.1","TCP","54","443  >  43948 [ACK] Seq=157 Ack=637 Win=65535 Len=0"
"5675","103.682338","edge-star-shv-01-ort2.facebook.com","10.8.0.1","TLSv1.3","441","Application Data, Application Data"
"5676","103.682441","ord38s32-in-f10.1e100.net","10.8.0.1","TLSv1.2","123","Application Data"
"5677","103.682524","ord38s32-in-f10.1e100.net","10.8.0.1","TLSv1.2","210","Server Hello, Change Cipher Spec, Encrypted Handshake Message"
"5678","103.682598","lga15s46-in-f35.1e100.net","10.8.0.1","TLSv1.3","78","Application Data"
"5679","103.682651","lga15s46-in-f35.1e100.net","10.8.0.1","TCP","54","443  >  45128 [FIN, ACK] Seq=6256 Ack=1939 Win=65535 Len=0"
"5680","103.682759","10.8.0.1","ord38s18-in-f2.1e100.net","TCP","210","[TCP Retransmission] 60806  >  443 [PSH, ACK] Seq=518 Ack=4309 Win=67107840 Len=156"
"5681","103.682858","10.8.0.1","edge-star-shv-01-ort2.facebook.com","TCP","54","42618  >  443 [ACK] Seq=2241 Ack=3921 Win=67107840 Len=0"
"5682","103.682876","10.8.0.1","ord38s32-in-f10.1e100.net","TCP","54","43948  >  443 [ACK] Seq=637 Ack=226 Win=65535 Len=0"
"5683","103.682888","10.8.0.1","ord38s32-in-f10.1e100.net","TCP","54","43950  >  443 [ACK] Seq=518 Ack=157 Win=65535 Len=0"
"5684","103.682967","10.8.0.1","lga15s46-in-f35.1e100.net","TCP","54","45128  >  443 [FIN, ACK] Seq=1939 Ack=6257 Win=65535 Len=0"
"5685","103.683028","lga15s46-in-f35.1e100.net","10.8.0.1","TCP","54","443  >  45128 [ACK] Seq=6257 Ack=1940 Win=65535 Len=0"
"5686","103.683113","lga15s46-in-f35.1e100.net","10.8.0.1","TCP","54","443  >  45128 [FIN, ACK] Seq=6257 Ack=1940 Win=65535 Len=0"
"5687","103.683129","10.8.0.1","lga15s46-in-f35.1e100.net","TCP","54","45128  >  443 [RST] Seq=1940 Win=0 Len=0"
"5688","103.689080","10.8.0.1","ord38s32-in-f10.1e100.net","TCP","590","43948  >  443 [ACK] Seq=637 Ack=226 Win=65535 Len=536 [TCP segment of a reassembled PDU]"
"5689","103.689139","ord38s32-in-f10.1e100.net","10.8.0.1","TCP","54","443  >  43948 [ACK] Seq=226 Ack=1173 Win=65535 Len=0"
"5690","103.689154","10.8.0.1","ord38s32-in-f10.1e100.net","TLSv1.2","97","Application Data"
"5691","103.689178","ord38s32-in-f10.1e100.net","10.8.0.1","TCP","54","443  >  43948 [ACK] Seq=226 Ack=1216 Win=65535 Len=0"
"5692","103.689191","10.8.0.1","ord38s32-in-f10.1e100.net","TLSv1.2","105","Change Cipher Spec, Encrypted Handshake Message"
"5693","103.689214","ord38s32-in-f10.1e100.net","10.8.0.1","TCP","54","443  >  43950 [ACK] Seq=157 Ack=569 Win=65535 Len=0"
"5694","103.690622","10.8.0.1","ord38s32-in-f10.1e100.net","TLSv1.2","122","Application Data"
"5695","103.690688","ord38s32-in-f10.1e100.net","10.8.0.1","TCP","54","443  >  43950 [ACK] Seq=157 Ack=637 Win=65535 Len=0"
"5696","103.694854","10.8.0.1","ord38s32-in-f10.1e100.net","TCP","590","43948  >  443 [ACK] Seq=1216 Ack=226 Win=65535 Len=536 [TCP segment of a reassembled PDU]"
"5697","103.694881","ord38s32-in-f10.1e100.net","10.8.0.1","TCP","54","443  >  43948 [ACK] Seq=226 Ack=1752 Win=65535 Len=0"
"5698","103.694892","10.8.0.1","ord38s32-in-f10.1e100.net","TCP","590","43948  >  443 [PSH, ACK] Seq=1752 Ack=226 Win=65535 Len=536 [TCP segment of a reassembled PDU]"
"5699","103.694910","ord38s32-in-f10.1e100.net","10.8.0.1","TCP","54","443  >  43948 [ACK] Seq=226 Ack=2288 Win=65535 Len=0"
"5700","103.694919","10.8.0.1","ord38s32-in-f10.1e100.net","TCP","590","43948  >  443 [ACK] Seq=2288 Ack=226 Win=65535 Len=536 [TCP segment of a reassembled PDU]"
"5701","103.694935","ord38s32-in-f10.1e100.net","10.8.0.1","TCP","54","443  >  43948 [ACK] Seq=226 Ack=2824 Win=65535 Len=0"
"5702","103.694946","10.8.0.1","ord38s32-in-f10.1e100.net","TCP","590","43948  >  443 [PSH, ACK] Seq=2824 Ack=226 Win=65535 Len=536 [TCP segment of a reassembled PDU]"
"5703","103.694965","ord38s32-in-f10.1e100.net","10.8.0.1","TCP","54","443  >  43948 [ACK] Seq=226 Ack=3360 Win=65535 Len=0"
"5704","103.694974","10.8.0.1","ord38s32-in-f10.1e100.net","TCP","590","43948  >  443 [ACK] Seq=3360 Ack=226 Win=65535 Len=536 [TCP segment of a reassembled PDU]"
"5705","103.694991","ord38s32-in-f10.1e100.net","10.8.0.1","TCP","54","443  >  43948 [ACK] Seq=226 Ack=3896 Win=65535 Len=0"
"5706","103.695001","10.8.0.1","ord38s32-in-f10.1e100.net","TCP","590","43948  >  443 [PSH, ACK] Seq=3896 Ack=226 Win=65535 Len=536 [TCP segment of a reassembled PDU]"
"5707","103.695028","ord38s32-in-f10.1e100.net","10.8.0.1","TCP","54","443  >  43948 [ACK] Seq=226 Ack=4432 Win=65535 Len=0"
"5708","103.695037","10.8.0.1","ord38s32-in-f10.1e100.net","TCP","590","43948  >  443 [ACK] Seq=4432 Ack=226 Win=65535 Len=536 [TCP segment of a reassembled PDU]"
"5709","103.695053","ord38s32-in-f10.1e100.net","10.8.0.1","TCP","54","443  >  43948 [ACK] Seq=226 Ack=4968 Win=65535 Len=0"
"5710","103.695064","10.8.0.1","ord38s32-in-f10.1e100.net","TLSv1.2","459","Application Data"
"5711","103.695082","ord38s32-in-f10.1e100.net","10.8.0.1","TCP","54","443  >  43948 [ACK] Seq=226 Ack=5373 Win=65535 Len=0"
"5712","103.695178","10.8.0.1","ord38s32-in-f10.1e100.net","TCP","590","43948  >  443 [ACK] Seq=5373 Ack=226 Win=65535 Len=536 [TCP segment of a reassembled PDU]"
"5713","103.695201","ord38s32-in-f10.1e100.net","10.8.0.1","TCP","54","443  >  43948 [ACK] Seq=226 Ack=5909 Win=65535 Len=0"
"5714","103.695210","10.8.0.1","ord38s32-in-f10.1e100.net","TCP","590","43948  >  443 [PSH, ACK] Seq=5909 Ack=226 Win=65535 Len=536 [TCP segment of a reassembled PDU]"
"5715","103.695227","ord38s32-in-f10.1e100.net","10.8.0.1","TCP","54","443  >  43948 [ACK] Seq=226 Ack=6445 Win=65535 Len=0"
"5716","103.695236","10.8.0.1","ord38s32-in-f10.1e100.net","TCP","590","43948  >  443 [ACK] Seq=6445 Ack=226 Win=65535 Len=536 [TCP segment of a reassembled PDU]"
"5717","103.695250","ord38s32-in-f10.1e100.net","10.8.0.1","TCP","54","443  >  43948 [ACK] Seq=226 Ack=6981 Win=65535 Len=0"
"5718","103.695261","10.8.0.1","ord38s32-in-f10.1e100.net","TCP","590","43948  >  443 [PSH, ACK] Seq=6981 Ack=226 Win=65535 Len=536 [TCP segment of a reassembled PDU]"
"5719","103.695276","ord38s32-in-f10.1e100.net","10.8.0.1","TCP","54","443  >  43948 [ACK] Seq=226 Ack=7517 Win=65535 Len=0"
"5720","103.695285","10.8.0.1","ord38s32-in-f10.1e100.net","TCP","590","43948  >  443 [ACK] Seq=7517 Ack=226 Win=65535 Len=536 [TCP segment of a reassembled PDU]"
"5721","103.695309","ord38s32-in-f10.1e100.net","10.8.0.1","TCP","54","443  >  43948 [ACK] Seq=226 Ack=8053 Win=65535 Len=0"
"5722","103.695321","10.8.0.1","ord38s32-in-f10.1e100.net","TCP","590","43948  >  443 [PSH, ACK] Seq=8053 Ack=226 Win=65535 Len=536 [TCP segment of a reassembled PDU]"
"5723","103.695337","ord38s32-in-f10.1e100.net","10.8.0.1","TCP","54","443  >  43948 [ACK] Seq=226 Ack=8589 Win=65535 Len=0"
"5724","103.695346","10.8.0.1","ord38s32-in-f10.1e100.net","TCP","590","43948  >  443 [ACK] Seq=8589 Ack=226 Win=65535 Len=536 [TCP segment of a reassembled PDU]"
"5725","103.695362","ord38s32-in-f10.1e100.net","10.8.0.1","TCP","54","443  >  43948 [ACK] Seq=226 Ack=9125 Win=65535 Len=0"
"5726","103.695376","10.8.0.1","ord38s32-in-f10.1e100.net","TCP","590","43948  >  443 [PSH, ACK] Seq=9125 Ack=226 Win=65535 Len=536 [TCP segment of a reassembled PDU]"
"5727","103.695396","ord38s32-in-f10.1e100.net","10.8.0.1","TCP","54","443  >  43948 [ACK] Seq=226 Ack=9661 Win=65535 Len=0"
"5728","103.695406","10.8.0.1","ord38s32-in-f10.1e100.net","TCP","590","43948  >  443 [ACK] Seq=9661 Ack=226 Win=65535 Len=536 [TCP segment of a reassembled PDU]"
"5729","103.695424","ord38s32-in-f10.1e100.net","10.8.0.1","TCP","54","443  >  43948 [ACK] Seq=226 Ack=10197 Win=65535 Len=0"
"5730","103.695436","10.8.0.1","ord38s32-in-f10.1e100.net","TCP","590","43948  >  443 [PSH, ACK] Seq=10197 Ack=226 Win=65535 Len=536 [TCP segment of a reassembled PDU]"
"5731","103.695453","ord38s32-in-f10.1e100.net","10.8.0.1","TCP","54","443  >  43948 [ACK] Seq=226 Ack=10733 Win=65535 Len=0"
"5732","103.695462","10.8.0.1","ord38s32-in-f10.1e100.net","TLSv1.2","309","Application Data"
"5733","103.695483","ord38s32-in-f10.1e100.net","10.8.0.1","TCP","54","443  >  43948 [ACK] Seq=226 Ack=10988 Win=65535 Len=0"
"5734","103.780403","ord38s32-in-f10.1e100.net","10.8.0.1","TLSv1.2","123","Application Data"
"5735","103.780427","10.8.0.1","ord38s32-in-f10.1e100.net","TCP","54","43950  >  443 [ACK] Seq=637 Ack=226 Win=65535 Len=0"
"5736","103.782458","10.8.0.1","ord38s32-in-f10.1e100.net","TCP","590","43950  >  443 [ACK] Seq=637 Ack=226 Win=65535 Len=536 [TCP segment of a reassembled PDU]"
"5737","103.782475","ord38s32-in-f10.1e100.net","10.8.0.1","TCP","54","443  >  43950 [ACK] Seq=226 Ack=1173 Win=65535 Len=0"
"5738","103.782481","10.8.0.1","ord38s32-in-f10.1e100.net","TLSv1.2","97","Application Data"
"5739","103.782493","ord38s32-in-f10.1e100.net","10.8.0.1","TCP","54","443  >  43950 [ACK] Seq=226 Ack=1216 Win=65535 Len=0"
"5740","103.785907","ord38s32-in-f10.1e100.net","10.8.0.1","TLSv1.2","92","Application Data"
"5741","103.785973","10.8.0.1","ord38s32-in-f10.1e100.net","TCP","54","43948  >  443 [ACK] Seq=10988 Ack=264 Win=65535 Len=0"
"5742","103.787567","10.8.0.1","ord38s32-in-f10.1e100.net","TCP","590","43950  >  443 [ACK] Seq=1216 Ack=226 Win=65535 Len=536 [TCP segment of a reassembled PDU]"
"5743","103.787576","ord38s32-in-f10.1e100.net","10.8.0.1","TCP","54","443  >  43950 [ACK] Seq=226 Ack=1752 Win=65535 Len=0"
"5744","103.787581","10.8.0.1","ord38s32-in-f10.1e100.net","TCP","590","43950  >  443 [PSH, ACK] Seq=1752 Ack=226 Win=65535 Len=536 [TCP segment of a reassembled PDU]"
"5745","103.787591","ord38s32-in-f10.1e100.net","10.8.0.1","TCP","54","443  >  43950 [ACK] Seq=226 Ack=2288 Win=65535 Len=0"
"5746","103.787617","10.8.0.1","ord38s32-in-f10.1e100.net","TCP","590","43950  >  443 [ACK] Seq=2288 Ack=226 Win=65535 Len=536 [TCP segment of a reassembled PDU]"
"5747","103.787627","ord38s32-in-f10.1e100.net","10.8.0.1","TCP","54","443  >  43950 [ACK] Seq=226 Ack=2824 Win=65535 Len=0"
"5748","103.787632","10.8.0.1","ord38s32-in-f10.1e100.net","TCP","590","43950  >  443 [PSH, ACK] Seq=2824 Ack=226 Win=65535 Len=536 [TCP segment of a reassembled PDU]"
"5749","103.787656","ord38s32-in-f10.1e100.net","10.8.0.1","TCP","54","443  >  43950 [ACK] Seq=226 Ack=3360 Win=65535 Len=0"
"5750","103.787673","10.8.0.1","ord38s32-in-f10.1e100.net","TCP","590","43950  >  443 [ACK] Seq=3360 Ack=226 Win=65535 Len=536 [TCP segment of a reassembled PDU]"
"5751","103.787683","ord38s32-in-f10.1e100.net","10.8.0.1","TCP","54","443  >  43950 [ACK] Seq=226 Ack=3896 Win=65535 Len=0"
"5752","103.787688","10.8.0.1","ord38s32-in-f10.1e100.net","TCP","590","43950  >  443 [PSH, ACK] Seq=3896 Ack=226 Win=65535 Len=536 [TCP segment of a reassembled PDU]"
"5753","103.787697","ord38s32-in-f10.1e100.net","10.8.0.1","TCP","54","443  >  43950 [ACK] Seq=226 Ack=4432 Win=65535 Len=0"
"5754","103.787707","10.8.0.1","ord38s32-in-f10.1e100.net","TCP","590","43950  >  443 [ACK] Seq=4432 Ack=226 Win=65535 Len=536 [TCP segment of a reassembled PDU]"
"5755","103.787715","ord38s32-in-f10.1e100.net","10.8.0.1","TCP","54","443  >  43950 [ACK] Seq=226 Ack=4968 Win=65535 Len=0"
"5756","103.787720","10.8.0.1","ord38s32-in-f10.1e100.net","TLSv1.2","459","Application Data"
"5757","103.787730","ord38s32-in-f10.1e100.net","10.8.0.1","TCP","54","443  >  43950 [ACK] Seq=226 Ack=5373 Win=65535 Len=0"
"5758","103.787977","10.8.0.1","ord38s32-in-f10.1e100.net","TCP","590","43950  >  443 [ACK] Seq=5373 Ack=226 Win=65535 Len=536 [TCP segment of a reassembled PDU]"
"5759","103.787987","ord38s32-in-f10.1e100.net","10.8.0.1","TCP","54","443  >  43950 [ACK] Seq=226 Ack=5909 Win=65535 Len=0"
"5760","103.787992","10.8.0.1","ord38s32-in-f10.1e100.net","TCP","590","43950  >  443 [PSH, ACK] Seq=5909 Ack=226 Win=65535 Len=536 [TCP segment of a reassembled PDU]"
"5761","103.788001","ord38s32-in-f10.1e100.net","10.8.0.1","TCP","54","443  >  43950 [ACK] Seq=226 Ack=6445 Win=65535 Len=0"
"5762","103.788023","10.8.0.1","ord38s32-in-f10.1e100.net","TCP","590","43950  >  443 [ACK] Seq=6445 Ack=226 Win=65535 Len=536 [TCP segment of a reassembled PDU]"
"5763","103.788033","ord38s32-in-f10.1e100.net","10.8.0.1","TCP","54","443  >  43950 [ACK] Seq=226 Ack=6981 Win=65535 Len=0"
"5764","103.788038","10.8.0.1","ord38s32-in-f10.1e100.net","TCP","590","43950  >  443 [PSH, ACK] Seq=6981 Ack=226 Win=65535 Len=536 [TCP segment of a reassembled PDU]"
"5765","103.788046","ord38s32-in-f10.1e100.net","10.8.0.1","TCP","54","443  >  43950 [ACK] Seq=226 Ack=7517 Win=65535 Len=0"
"5766","103.788051","10.8.0.1","ord38s32-in-f10.1e100.net","TCP","590","43950  >  443 [ACK] Seq=7517 Ack=226 Win=65535 Len=536 [TCP segment of a reassembled PDU]"
"5767","103.788060","ord38s32-in-f10.1e100.net","10.8.0.1","TCP","54","443  >  43950 [ACK] Seq=226 Ack=8053 Win=65535 Len=0"
"5768","103.788066","10.8.0.1","ord38s32-in-f10.1e100.net","TCP","590","43950  >  443 [PSH, ACK] Seq=8053 Ack=226 Win=65535 Len=536 [TCP segment of a reassembled PDU]"
"5769","103.788076","ord38s32-in-f10.1e100.net","10.8.0.1","TCP","54","443  >  43950 [ACK] Seq=226 Ack=8589 Win=65535 Len=0"
"5770","103.788092","10.8.0.1","ord38s32-in-f10.1e100.net","TCP","590","43950  >  443 [ACK] Seq=8589 Ack=226 Win=65535 Len=536 [TCP segment of a reassembled PDU]"
"5771","103.788101","ord38s32-in-f10.1e100.net","10.8.0.1","TCP","54","443  >  43950 [ACK] Seq=226 Ack=9125 Win=65535 Len=0"
"5772","103.788106","10.8.0.1","ord38s32-in-f10.1e100.net","TCP","590","43950  >  443 [PSH, ACK] Seq=9125 Ack=226 Win=65535 Len=536 [TCP segment of a reassembled PDU]"
"5773","103.788114","ord38s32-in-f10.1e100.net","10.8.0.1","TCP","54","443  >  43950 [ACK] Seq=226 Ack=9661 Win=65535 Len=0"
"5774","103.788130","10.8.0.1","ord38s32-in-f10.1e100.net","TCP","590","43950  >  443 [ACK] Seq=9661 Ack=226 Win=65535 Len=536 [TCP segment of a reassembled PDU]"
"5775","103.788142","ord38s32-in-f10.1e100.net","10.8.0.1","TCP","54","443  >  43950 [ACK] Seq=226 Ack=10197 Win=65535 Len=0"
"5776","103.788147","10.8.0.1","ord38s32-in-f10.1e100.net","TCP","590","43950  >  443 [PSH, ACK] Seq=10197 Ack=226 Win=65535 Len=536 [TCP segment of a reassembled PDU]"
"5777","103.788155","ord38s32-in-f10.1e100.net","10.8.0.1","TCP","54","443  >  43950 [ACK] Seq=226 Ack=10733 Win=65535 Len=0"
"5778","103.788160","10.8.0.1","ord38s32-in-f10.1e100.net","TLSv1.2","251","Application Data"
"5779","103.788170","ord38s32-in-f10.1e100.net","10.8.0.1","TCP","54","443  >  43950 [ACK] Seq=226 Ack=10930 Win=65535 Len=0"
"5780","103.794592","lga15s46-in-f35.1e100.net","10.8.0.1","TLSv1.3","1432","Server Hello, Change Cipher Spec"
"5781","103.794600","10.8.0.1","lga15s46-in-f35.1e100.net","TCP","54","45140  >  443 [ACK] Seq=518 Ack=1379 Win=65535 Len=0"
"5782","103.794628","lga15s46-in-f35.1e100.net","10.8.0.1","TCP","94","443  >  45140 [PSH, ACK] Seq=1379 Ack=518 Win=65535 Len=40 [TCP segment of a reassembled PDU]"
"5783","103.794633","10.8.0.1","lga15s46-in-f35.1e100.net","TCP","54","45140  >  443 [ACK] Seq=518 Ack=1419 Win=65535 Len=0"
"5784","103.799985","lga15s46-in-f35.1e100.net","10.8.0.1","TCP","2810","443  >  45140 [PSH, ACK] Seq=1419 Ack=518 Win=65535 Len=2756 [TCP segment of a reassembled PDU]"
"5785","103.799997","10.8.0.1","lga15s46-in-f35.1e100.net","TCP","54","45140  >  443 [ACK] Seq=518 Ack=4175 Win=65535 Len=0"
"5786","103.850157","ord38s32-in-f10.1e100.net","10.8.0.1","TLSv1.2","92","Application Data"
"5787","103.850240","10.8.0.1","ord38s32-in-f10.1e100.net","TCP","54","43950  >  443 [ACK] Seq=10930 Ack=264 Win=65535 Len=0"
"5788","103.906108","lga15s46-in-f35.1e100.net","10.8.0.1","TLSv1.3","222","Application Data"
"5789","103.906121","10.8.0.1","lga15s46-in-f35.1e100.net","TCP","54","45140  >  443 [ACK] Seq=518 Ack=4343 Win=65535 Len=0"
"5790","103.921165","ord38s32-in-f10.1e100.net","10.8.0.1","TLSv1.2","617","Application Data"
"5791","103.922230","10.8.0.1","lga15s46-in-f35.1e100.net","TLSv1.3","118","Change Cipher Spec, Application Data"
"5792","103.922250","lga15s46-in-f35.1e100.net","10.8.0.1","TCP","54","443  >  45140 [ACK] Seq=4343 Ack=582 Win=65535 Len=0"
"5793","103.923363","10.8.0.1","lga15s46-in-f35.1e100.net","TLSv1.3","324","Application Data"
"5794","103.923377","lga15s46-in-f35.1e100.net","10.8.0.1","TCP","54","443  >  45140 [ACK] Seq=4343 Ack=852 Win=65535 Len=0"
"5795","103.957826","10.8.0.1","ord38s32-in-f10.1e100.net","TCP","54","43948  >  443 [ACK] Seq=10988 Ack=827 Win=65535 Len=0"
"5796","103.957863","ord38s32-in-f10.1e100.net","10.8.0.1","TLSv1.2","1432","Application Data"
"5797","103.994168","ord38s32-in-f10.1e100.net","10.8.0.1","TLSv1.2","619","Application Data"
"5798","104.033823","10.8.0.1","ord38s32-in-f10.1e100.net","TCP","54","43950  >  443 [ACK] Seq=10930 Ack=829 Win=65535 Len=0"
"5799","104.033858","ord38s32-in-f10.1e100.net","10.8.0.1","TLSv1.2","4188","Application Data, Application Data"
"5800","104.033873","10.8.0.1","ord38s32-in-f10.1e100.net","TCP","54","43950  >  443 [ACK] Seq=10930 Ack=4963 Win=65535 Len=0"
"5801","104.037819","10.8.0.1","ord38s32-in-f10.1e100.net","TCP","54","43948  >  443 [ACK] Seq=10988 Ack=2205 Win=65535 Len=0"
"5802","104.037846","ord38s32-in-f10.1e100.net","10.8.0.1","TLSv1.2","130","Application Data"
"5803","104.037930","10.8.0.1","ord38s32-in-f10.1e100.net","TCP","54","43948  >  443 [ACK] Seq=10988 Ack=2281 Win=65535 Len=0"
"5804","104.039039","10.8.0.1","ord38s32-in-f10.1e100.net","TLSv1.2","100","Application Data"
"5805","104.039053","ord38s32-in-f10.1e100.net","10.8.0.1","TCP","54","443  >  43948 [ACK] Seq=2281 Ack=11034 Win=65535 Len=0"
"5806","104.043994","ord38s32-in-f10.1e100.net","10.8.0.1","TLSv1.2","1432","Application Data [TCP segment of a reassembled PDU]"
"5807","104.044152","10.8.0.1","ord38s32-in-f10.1e100.net","TCP","54","43950  >  443 [ACK] Seq=10930 Ack=6341 Win=65535 Len=0"
"5808","104.071510","10.8.0.1","ord38s32-in-f10.1e100.net","TLSv1.2","100","Application Data"
"5809","104.071581","ord38s32-in-f10.1e100.net","10.8.0.1","TCP","54","443  >  43948 [ACK] Seq=2281 Ack=11080 Win=65535 Len=0"
"5810","104.071966","10.8.0.1","ord38s32-in-f10.1e100.net","TLSv1.2","85","Encrypted Alert"
"5811","104.071978","ord38s32-in-f10.1e100.net","10.8.0.1","TCP","54","443  >  43948 [ACK] Seq=2281 Ack=11111 Win=65535 Len=0"
"5812","104.073818","10.8.0.1","ord38s32-in-f10.1e100.net","TCP","54","43948  >  443 [FIN, ACK] Seq=11111 Ack=2281 Win=65535 Len=0"
"5813","104.073830","ord38s32-in-f10.1e100.net","10.8.0.1","TCP","54","443  >  43948 [ACK] Seq=2281 Ack=11112 Win=65535 Len=0"
"5814","104.073838","ord38s32-in-f10.1e100.net","10.8.0.1","TCP","54","443  >  43948 [FIN, ACK] Seq=2281 Ack=11112 Win=65535 Len=0"
"5815","104.073970","10.8.0.1","ord38s32-in-f10.1e100.net","TCP","54","43948  >  443 [ACK] Seq=11112 Ack=2282 Win=65535 Len=0"
"5816","104.094074","ord38s32-in-f10.1e100.net","10.8.0.1","TLSv1.2","352","Application Data, Application Data, Application Data"
"5817","104.094142","10.8.0.1","ord38s32-in-f10.1e100.net","TCP","54","43950  >  443 [ACK] Seq=10930 Ack=6639 Win=65535 Len=0"
"5818","104.097362","10.8.0.1","ord38s32-in-f10.1e100.net","TLSv1.2","100","Application Data"
"5819","104.097376","ord38s32-in-f10.1e100.net","10.8.0.1","TCP","54","443  >  43950 [ACK] Seq=6639 Ack=10976 Win=65535 Len=0"
"5820","104.139901","10.8.0.1","ord38s32-in-f10.1e100.net","TLSv1.2","100","Application Data"
"5821","104.139923","ord38s32-in-f10.1e100.net","10.8.0.1","TCP","54","443  >  43950 [ACK] Seq=6639 Ack=11022 Win=65535 Len=0"
"5822","104.140395","10.8.0.1","ord38s32-in-f10.1e100.net","TLSv1.2","85","Encrypted Alert"
"5823","104.140405","ord38s32-in-f10.1e100.net","10.8.0.1","TCP","54","443  >  43950 [ACK] Seq=6639 Ack=11053 Win=65535 Len=0"
"5824","104.140834","10.8.0.1","ord38s32-in-f10.1e100.net","TCP","54","43950  >  443 [FIN, ACK] Seq=11053 Ack=6639 Win=65535 Len=0"
"5825","104.140887","ord38s32-in-f10.1e100.net","10.8.0.1","TCP","54","443  >  43950 [ACK] Seq=6639 Ack=11054 Win=65535 Len=0"
"5826","104.140920","ord38s32-in-f10.1e100.net","10.8.0.1","TCP","54","443  >  43950 [FIN, ACK] Seq=6639 Ack=11054 Win=65535 Len=0"
"5827","104.140974","10.8.0.1","ord38s32-in-f10.1e100.net","TCP","54","43950  >  443 [ACK] Seq=11054 Ack=6640 Win=65535 Len=0"
"5828","104.151132","lga15s46-in-f35.1e100.net","10.8.0.1","TLSv1.3","1432","Application Data"
"5829","104.151141","10.8.0.1","lga15s46-in-f35.1e100.net","TCP","54","45140  >  443 [ACK] Seq=852 Ack=5721 Win=65535 Len=0"
"5830","104.151169","lga15s46-in-f35.1e100.net","10.8.0.1","TCP","94","443  >  45140 [PSH, ACK] Seq=5721 Ack=852 Win=65535 Len=40 [TCP segment of a reassembled PDU]"
"5831","104.151175","10.8.0.1","lga15s46-in-f35.1e100.net","TCP","54","45140  >  443 [ACK] Seq=852 Ack=5761 Win=65535 Len=0"
"5832","104.155873","lga15s46-in-f35.1e100.net","10.8.0.1","TLSv1.3","1432","Application Data [TCP segment of a reassembled PDU]"
"5833","104.155893","10.8.0.1","lga15s46-in-f35.1e100.net","TCP","54","45140  >  443 [ACK] Seq=852 Ack=7139 Win=65535 Len=0"
"5834","104.161888","lga15s46-in-f35.1e100.net","10.8.0.1","TLSv1.3","6944","Application Data, Application Data, Application Data, Application Data, Application Data"
"5835","104.161901","10.8.0.1","lga15s46-in-f35.1e100.net","TCP","54","45140  >  443 [ACK] Seq=852 Ack=14029 Win=65535 Len=0"
"5836","104.194048","lga15s46-in-f35.1e100.net","10.8.0.1","TLSv1.3","2810","Application Data, Application Data"
"5837","104.194060","10.8.0.1","lga15s46-in-f35.1e100.net","TCP","54","45140  >  443 [ACK] Seq=852 Ack=16785 Win=65535 Len=0"
"5838","104.216937","lga15s46-in-f35.1e100.net","10.8.0.1","TLSv1.3","1432","Application Data [TCP segment of a reassembled PDU]"
"5839","104.216948","10.8.0.1","lga15s46-in-f35.1e100.net","TCP","54","45140  >  443 [ACK] Seq=852 Ack=18163 Win=65535 Len=0"
"5840","104.221890","lga15s46-in-f35.1e100.net","10.8.0.1","TLSv1.3","1432","Application Data [TCP segment of a reassembled PDU]"
"5841","104.221896","10.8.0.1","lga15s46-in-f35.1e100.net","TCP","54","45140  >  443 [ACK] Seq=852 Ack=19541 Win=65535 Len=0"
"5842","104.221967","lga15s46-in-f35.1e100.net","10.8.0.1","TLSv1.3","13834","Application Data, Application Data, Application Data, Application Data, Application Data, Application Data, Application Data, Application Data, Application Data, Application Data"
"5843","104.221998","10.8.0.1","lga15s46-in-f35.1e100.net","TCP","54","45140  >  443 [ACK] Seq=852 Ack=33321 Win=65535 Len=0"
"5844","104.245476","lga15s46-in-f35.1e100.net","10.8.0.1","TLSv1.3","2810","Application Data [TCP segment of a reassembled PDU]"
"5845","104.245488","10.8.0.1","lga15s46-in-f35.1e100.net","TCP","54","45140  >  443 [ACK] Seq=852 Ack=36077 Win=65535 Len=0"
"5846","104.250127","lga15s46-in-f35.1e100.net","10.8.0.1","TLSv1.3","2810","Application Data, Application Data"
"5847","104.250158","10.8.0.1","lga15s46-in-f35.1e100.net","TCP","54","45140  >  443 [ACK] Seq=852 Ack=38833 Win=65535 Len=0"
"5848","104.264960","lga15s46-in-f35.1e100.net","10.8.0.1","TLSv1.3","2810","Application Data, Application Data, Application Data"
"5849","104.264968","10.8.0.1","lga15s46-in-f35.1e100.net","TCP","54","45140  >  443 [ACK] Seq=852 Ack=41589 Win=65535 Len=0"
"5850","104.276265","lga15s46-in-f35.1e100.net","10.8.0.1","TLSv1.3","6944","Application Data, Application Data, Application Data, Application Data, Application Data"
"5851","104.276282","10.8.0.1","lga15s46-in-f35.1e100.net","TCP","54","45140  >  443 [ACK] Seq=852 Ack=48479 Win=65535 Len=0"
"5852","104.283856","lga15s46-in-f35.1e100.net","10.8.0.1","TLSv1.3","1432","Application Data [TCP segment of a reassembled PDU]"
"5853","104.283962","10.8.0.1","lga15s46-in-f35.1e100.net","TCP","54","45140  >  443 [ACK] Seq=852 Ack=49857 Win=65535 Len=0"
"5854","104.287899","lga15s46-in-f35.1e100.net","10.8.0.1","TLSv1.3","22102","Application Data, Application Data, Application Data, Application Data, Application Data, Application Data, Application Data, Application Data, Application Data, Application Data, Application Data, Application Data, Application Data, Application Data, Application Data, Application Data"
"5855","104.287929","10.8.0.1","lga15s46-in-f35.1e100.net","TCP","54","45140  >  443 [ACK] Seq=852 Ack=71905 Win=65535 Len=0"
"5856","104.303192","lga15s46-in-f35.1e100.net","10.8.0.1","TLSv1.3","1432","Application Data [TCP segment of a reassembled PDU]"
"5857","104.303294","10.8.0.1","lga15s46-in-f35.1e100.net","TCP","54","45140  >  443 [ACK] Seq=852 Ack=73283 Win=65535 Len=0"
"5858","104.307921","lga15s46-in-f35.1e100.net","10.8.0.1","TLSv1.3","4188","Application Data, Application Data, Application Data"
"5859","104.307934","10.8.0.1","lga15s46-in-f35.1e100.net","TCP","54","45140  >  443 [ACK] Seq=852 Ack=77417 Win=65535 Len=0"
"5860","104.307968","lga15s46-in-f35.1e100.net","10.8.0.1","TLSv1.3","4188","Application Data, Application Data, Application Data"
"5861","104.307979","10.8.0.1","lga15s46-in-f35.1e100.net","TCP","54","45140  >  443 [ACK] Seq=852 Ack=81551 Win=65535 Len=0"
"5862","104.314330","lga15s46-in-f35.1e100.net","10.8.0.1","TLSv1.3","1432","Application Data [TCP segment of a reassembled PDU]"
"5863","104.314432","10.8.0.1","lga15s46-in-f35.1e100.net","TCP","54","45140  >  443 [ACK] Seq=852 Ack=82929 Win=65535 Len=0"
"5864","104.322358","lga15s46-in-f35.1e100.net","10.8.0.1","TLSv1.3","2810","Application Data, Application Data"
"5865","104.322366","10.8.0.1","lga15s46-in-f35.1e100.net","TCP","54","45140  >  443 [ACK] Seq=852 Ack=85685 Win=65535 Len=0"
"5866","104.327964","lga15s46-in-f35.1e100.net","10.8.0.1","TLSv1.3","2810","Application Data, Application Data"
"5867","104.327981","10.8.0.1","lga15s46-in-f35.1e100.net","TCP","54","45140  >  443 [ACK] Seq=852 Ack=88441 Win=65535 Len=0"
"5868","104.342506","lga15s46-in-f35.1e100.net","10.8.0.1","TLSv1.3","1432","Application Data [TCP segment of a reassembled PDU]"
"5869","104.342762","10.8.0.1","lga15s46-in-f35.1e100.net","TCP","54","45140  >  443 [ACK] Seq=852 Ack=89819 Win=65535 Len=0"
"5870","104.354172","lga15s46-in-f35.1e100.net","10.8.0.1","TLSv1.3","12456","Application Data, Application Data, Application Data, Application Data, Application Data, Application Data, Application Data, Application Data"
"5871","104.354204","10.8.0.1","lga15s46-in-f35.1e100.net","TCP","54","45140  >  443 [ACK] Seq=852 Ack=102221 Win=65535 Len=0"
"5872","104.354238","lga15s46-in-f35.1e100.net","10.8.0.1","TLSv1.3","2810","Application Data, Application Data"
"5873","104.354244","10.8.0.1","lga15s46-in-f35.1e100.net","TCP","54","45140  >  443 [ACK] Seq=852 Ack=104977 Win=65535 Len=0"
"5874","104.354266","lga15s46-in-f35.1e100.net","10.8.0.1","TLSv1.3","4188","Application Data, Application Data, Application Data, Application Data"
"5875","104.354277","10.8.0.1","lga15s46-in-f35.1e100.net","TCP","54","45140  >  443 [ACK] Seq=852 Ack=109111 Win=65535 Len=0"
"5876","104.360090","lga15s46-in-f35.1e100.net","10.8.0.1","TLSv1.3","35882","Application Data, Application Data, Application Data, Application Data, Application Data, Application Data, Application Data, Application Data, Application Data, Application Data, Application Data, Application Data, Application Data, Application Data, Application Data, Application Data, Application Data, Application Data, Application Data, Application Data, Application Data, Application Data, Application Data, Application Data, Application Data, Application Data"
"5877","104.360135","10.8.0.1","lga15s46-in-f35.1e100.net","TCP","54","45140  >  443 [ACK] Seq=852 Ack=144939 Win=65535 Len=0"
"5878","104.365913","lga15s46-in-f35.1e100.net","10.8.0.1","TLSv1.3","4188","Application Data, Application Data, Application Data"
"5879","104.365925","10.8.0.1","lga15s46-in-f35.1e100.net","TCP","54","45140  >  443 [ACK] Seq=852 Ack=149073 Win=65535 Len=0"
"5880","104.365955","lga15s46-in-f35.1e100.net","10.8.0.1","TLSv1.3","1432","Application Data [TCP segment of a reassembled PDU]"
"5881","104.376469","10.8.0.1","lga15s46-in-f35.1e100.net","TCP","54","45140  >  443 [ACK] Seq=852 Ack=150451 Win=65535 Len=0"
"5882","104.376515","lga15s46-in-f35.1e100.net","10.8.0.1","TLSv1.3","20724","Application Data, Application Data, Application Data, Application Data, Application Data, Application Data, Application Data, Application Data, Application Data, Application Data, Application Data, Application Data, Application Data, Application Data"
"5883","104.376543","10.8.0.1","lga15s46-in-f35.1e100.net","TCP","54","45140  >  443 [ACK] Seq=852 Ack=171121 Win=65535 Len=0"
"5884","104.377884","lga15s46-in-f35.1e100.net","10.8.0.1","TLSv1.3","5566","Application Data, Application Data, Application Data, Application Data, Application Data"
"5885","104.377895","10.8.0.1","lga15s46-in-f35.1e100.net","TCP","54","45140  >  443 [ACK] Seq=852 Ack=176633 Win=65535 Len=0"
"5886","104.377925","lga15s46-in-f35.1e100.net","10.8.0.1","TLSv1.3","5566","Application Data, Application Data, Application Data"
"5887","104.377935","10.8.0.1","lga15s46-in-f35.1e100.net","TCP","54","45140  >  443 [ACK] Seq=852 Ack=182145 Win=65535 Len=0"
"5888","104.402033","lga15s46-in-f35.1e100.net","10.8.0.1","TLSv1.3","1432","Application Data [TCP segment of a reassembled PDU]"
"5889","104.402115","10.8.0.1","lga15s46-in-f35.1e100.net","TCP","54","45140  >  443 [ACK] Seq=852 Ack=183523 Win=65535 Len=0"
"5890","104.407866","lga15s46-in-f35.1e100.net","10.8.0.1","TLSv1.3","1432","Application Data [TCP segment of a reassembled PDU]"
"5891","104.446099","10.8.0.1","lga15s46-in-f35.1e100.net","TCP","54","45140  >  443 [ACK] Seq=852 Ack=184901 Win=65535 Len=0"
"5892","104.446178","Google_00:00:01","Google_00:00:02","IPv4","65554","Bogus IP length (4, less than header length 20)"
"5893","104.554914","10.8.0.1","lga15s46-in-f35.1e100.net","QUIC","169","Handshake, DCID=1f118c1317f64f77"
"5894","105.567612","lga15s46-in-f35.1e100.net","10.8.0.1","TCP","54","[TCP Previous segment not captured] 443  >  45140 [FIN, ACK] Seq=250401 Ack=852 Win=65535 Len=0"
"5895","105.567870","10.8.0.1","ord38s28-in-f10.1e100.net","TCP","210","[TCP Retransmission] 47034  >  443 [PSH, ACK] Seq=518 Ack=4682 Win=67107840 Len=156"
"5896","105.567905","10.8.0.1","ord37s34-in-f10.1e100.net","TCP","210","[TCP Retransmission] 59734  >  443 [PSH, ACK] Seq=518 Ack=4681 Win=67107840 Len=156"
"5897","105.567913","10.8.0.1","52.232.209.85","TCP","54","58022  >  443 [FIN, ACK] Seq=1498 Ack=5633 Win=65535 Len=0"
"5898","105.568069","52.232.209.85","10.8.0.1","TCP","54","443  >  58022 [ACK] Seq=5633 Ack=1499 Win=65535 Len=0"
"5899","105.568165","52.232.209.85","10.8.0.1","TCP","54","443  >  58022 [FIN, ACK] Seq=5633 Ack=1499 Win=65535 Len=0"
"5900","105.568360","10.8.0.1","ec2-44-235-254-117.us-west-2.compute.amazonaws.com","TCP","74","46790  >  443 [SYN] Seq=0 Win=65535 Len=0 MSS=1460 SACK_PERM=1 TSval=3616139710 TSecr=0 WS=1024"
"5901","105.570275","ec2-44-235-254-117.us-west-2.compute.amazonaws.com","10.8.0.1","TCP","54","443  >  46790 [SYN, ACK] Seq=0 Ack=1 Win=65535 Len=0"
"5902","105.570322","10.8.0.1","ord37s34-in-f10.1e100.net","TCP","118","[TCP Retransmission] 59740  >  443 [PSH, ACK] Seq=518 Ack=4681 Win=67107840 Len=64"
"5903","105.570332","10.8.0.1","52.232.209.85","TCP","54","[TCP Out-Of-Order] 58022  >  443 [FIN, ACK] Seq=1498 Ack=5633 Win=65535 Len=0"
"5904","105.570385","52.232.209.85","10.8.0.1","TCP","54","[TCP Keep-Alive] 443  >  58022 [ACK] Seq=5633 Ack=1499 Win=65535 Len=0"
"5905","105.570410","52.232.209.85","10.8.0.1","TCP","54","[TCP Out-Of-Order] 443  >  58022 [FIN, ACK] Seq=5633 Ack=1499 Win=65535 Len=0"
"5906","105.570448","10.8.0.1","lga15s46-in-f35.1e100.net","TCP","54","[TCP Dup ACK 5891#1] 45140  >  443 [ACK] Seq=852 Ack=184901 Win=65535 Len=0"
"5907","105.570456","10.8.0.1","52.232.209.85","TCP","54","58022  >  443 [ACK] Seq=1499 Ack=5634 Win=65535 Len=0"
"5908","105.570461","10.8.0.1","ec2-44-235-254-117.us-west-2.compute.amazonaws.com","TCP","54","46790  >  443 [ACK] Seq=1 Ack=1 Win=65535 Len=0"
"5909","105.570469","10.8.0.1","52.232.209.85","TCP","54","[TCP Dup ACK 5907#1] 58022  >  443 [ACK] Seq=1499 Ack=5634 Win=65535 Len=0"
"5910","105.570475","10.8.0.1","52.232.209.85","TCP","54","[TCP Dup ACK 5907#2] 58022  >  443 [ACK] Seq=1499 Ack=5634 Win=65535 Len=0"
"5911","105.589768","10.8.0.1","ec2-44-235-254-117.us-west-2.compute.amazonaws.com","TLSv1.2","571","Client Hello"
"5912","105.589853","ec2-44-235-254-117.us-west-2.compute.amazonaws.com","10.8.0.1","TCP","54","443  >  46790 [ACK] Seq=1 Ack=518 Win=65535 Len=0"
"5913","105.922620","ec2-44-235-254-117.us-west-2.compute.amazonaws.com","10.8.0.1","TLSv1.2","1432","Server Hello"
"5914","105.922660","10.8.0.1","ec2-44-235-254-117.us-west-2.compute.amazonaws.com","TCP","54","46790  >  443 [ACK] Seq=518 Ack=1379 Win=65535 Len=0"
"5915","105.923816","ec2-44-235-254-117.us-west-2.compute.amazonaws.com","10.8.0.1","TCP","1432","443  >  46790 [PSH, ACK] Seq=1379 Ack=518 Win=65535 Len=1378 [TCP segment of a reassembled PDU]"
"5916","105.923823","10.8.0.1","ec2-44-235-254-117.us-west-2.compute.amazonaws.com","TCP","54","46790  >  443 [ACK] Seq=518 Ack=2757 Win=65535 Len=0"
"5917","105.925719","ec2-44-235-254-117.us-west-2.compute.amazonaws.com","10.8.0.1","TCP","1432","443  >  46790 [PSH, ACK] Seq=2757 Ack=518 Win=65535 Len=1378 [TCP segment of a reassembled PDU]"
"5918","105.925725","10.8.0.1","ec2-44-235-254-117.us-west-2.compute.amazonaws.com","TCP","54","46790  >  443 [ACK] Seq=518 Ack=4135 Win=65535 Len=0"
"5919","105.974437","ec2-44-235-254-117.us-west-2.compute.amazonaws.com","10.8.0.1","TCP","1432","443  >  46790 [PSH, ACK] Seq=4135 Ack=518 Win=65535 Len=1378 [TCP segment of a reassembled PDU]"
"5920","105.974452","10.8.0.1","ec2-44-235-254-117.us-west-2.compute.amazonaws.com","TCP","54","46790  >  443 [ACK] Seq=518 Ack=5513 Win=65535 Len=0"
"5921","106.024344","ec2-44-235-254-117.us-west-2.compute.amazonaws.com","10.8.0.1","TLSv1.2","746","Certificate, Server Key Exchange, Server Hello Done"
"5922","106.024354","10.8.0.1","ec2-44-235-254-117.us-west-2.compute.amazonaws.com","TCP","54","46790  >  443 [ACK] Seq=518 Ack=6205 Win=65535 Len=0"
"5923","106.048031","10.8.0.1","ec2-44-235-254-117.us-west-2.compute.amazonaws.com","TLSv1.2","180","Client Key Exchange, Change Cipher Spec, Encrypted Handshake Message"
"5924","106.048065","ec2-44-235-254-117.us-west-2.compute.amazonaws.com","10.8.0.1","TCP","54","443  >  46790 [ACK] Seq=6205 Ack=644 Win=65535 Len=0"
"5925","106.216292","ec2-44-235-254-117.us-west-2.compute.amazonaws.com","10.8.0.1","TLSv1.2","105","Change Cipher Spec, Encrypted Handshake Message"
"5926","106.216323","10.8.0.1","ec2-44-235-254-117.us-west-2.compute.amazonaws.com","TCP","54","46790  >  443 [ACK] Seq=644 Ack=6256 Win=65535 Len=0"
"5927","106.223415","10.8.0.1","ec2-44-235-254-117.us-west-2.compute.amazonaws.com","TLSv1.2","351","Application Data"
"5928","106.223435","ec2-44-235-254-117.us-west-2.compute.amazonaws.com","10.8.0.1","TCP","54","443  >  46790 [ACK] Seq=6256 Ack=941 Win=65535 Len=0"
"5929","106.376005","ec2-44-235-254-117.us-west-2.compute.amazonaws.com","10.8.0.1","TLSv1.2","724","Application Data"
"5930","106.376038","10.8.0.1","ec2-44-235-254-117.us-west-2.compute.amazonaws.com","TCP","54","46790  >  443 [ACK] Seq=941 Ack=6926 Win=65535 Len=0"
"5931","106.942024","10.8.0.1","server-52-84-121-34.ord53.r.cloudfront.net","TCP","54","[TCP Keep-Alive] 51874  >  443 [ACK] Seq=517 Ack=1 Win=67107840 Len=0"
"5932","106.942067","10.8.0.1","ec2-52-34-176-190.us-west-2.compute.amazonaws.com","TCP","54","[TCP Keep-Alive] 37464  >  443 [ACK] Seq=517 Ack=1 Win=67107840 Len=0"
"5933","106.942093","10.8.0.1","server-52-84-121-34.ord53.r.cloudfront.net","TCP","54","[TCP Keep-Alive] 51878  >  443 [ACK] Seq=517 Ack=1 Win=67107840 Len=0"
"5934","106.942129","10.8.0.1","ec2-52-34-176-190.us-west-2.compute.amazonaws.com","TCP","54","[TCP Keep-Alive] 37468  >  443 [ACK] Seq=517 Ack=1 Win=67107840 Len=0"
"5935","107.965956","10.8.0.1","ec2-52-34-176-190.us-west-2.compute.amazonaws.com","TCP","54","[TCP Keep-Alive] 37468  >  443 [ACK] Seq=517 Ack=1 Win=67107840 Len=0"
"5936","107.965991","10.8.0.1","server-52-84-121-34.ord53.r.cloudfront.net","TCP","54","[TCP Keep-Alive] 51878  >  443 [ACK] Seq=517 Ack=1 Win=67107840 Len=0"
"5937","108.958015","10.8.0.1","ec2-52-34-176-190.us-west-2.compute.amazonaws.com","TCP","54","[TCP Keep-Alive] 37464  >  443 [ACK] Seq=517 Ack=1 Win=67107840 Len=0"
"5938","108.958057","10.8.0.1","server-52-84-121-34.ord53.r.cloudfront.net","TCP","54","[TCP Keep-Alive] 51874  >  443 [ACK] Seq=517 Ack=1 Win=67107840 Len=0"
"5939","108.989954","10.8.0.1","server-52-84-121-34.ord53.r.cloudfront.net","TCP","54","[TCP Keep-Alive] 51878  >  443 [ACK] Seq=517 Ack=1 Win=67107840 Len=0"
"5940","108.989982","10.8.0.1","ec2-52-34-176-190.us-west-2.compute.amazonaws.com","TCP","54","[TCP Keep-Alive] 37468  >  443 [ACK] Seq=517 Ack=1 Win=67107840 Len=0"
"5941","110.014171","10.8.0.1","ec2-52-34-176-190.us-west-2.compute.amazonaws.com","TCP","54","[TCP Keep-Alive] 37468  >  443 [ACK] Seq=517 Ack=1 Win=67107840 Len=0"
"5942","110.014211","10.8.0.1","server-52-84-121-34.ord53.r.cloudfront.net","TCP","54","[TCP Keep-Alive] 51878  >  443 [ACK] Seq=517 Ack=1 Win=67107840 Len=0"
"5943","110.974057","10.8.0.1","server-52-84-121-34.ord53.r.cloudfront.net","TCP","54","[TCP Keep-Alive] 51874  >  443 [ACK] Seq=517 Ack=1 Win=67107840 Len=0"
"5944","110.974093","10.8.0.1","ec2-52-34-176-190.us-west-2.compute.amazonaws.com","TCP","54","[TCP Keep-Alive] 37464  >  443 [ACK] Seq=517 Ack=1 Win=67107840 Len=0"
"5945","111.038070","10.8.0.1","server-52-84-121-34.ord53.r.cloudfront.net","TCP","54","51878  >  443 [RST, ACK] Seq=518 Ack=1 Win=67107840 Len=0"
"5946","111.038313","10.8.0.1","ec2-52-34-176-190.us-west-2.compute.amazonaws.com","TCP","54","37468  >  443 [RST, ACK] Seq=518 Ack=1 Win=67107840 Len=0"
"5947","111.746065","10.8.0.1","52.232.209.85","TCP","54","58168  >  443 [FIN, ACK] Seq=518 Ack=1 Win=67107840 Len=0"
"5948","111.746248","52.232.209.85","10.8.0.1","TCP","54","443  >  58168 [ACK] Seq=1 Ack=519 Win=65535 Len=0"
"5949","111.746304","52.232.209.85","10.8.0.1","TCP","54","443  >  58168 [FIN, ACK] Seq=1 Ack=519 Win=65535 Len=0"
"5950","111.746447","10.8.0.1","52.232.209.85","TCP","54","58168  >  443 [ACK] Seq=519 Ack=2 Win=67107840 Len=0"
"5951","112.990309","10.8.0.1","ec2-52-34-176-190.us-west-2.compute.amazonaws.com","TCP","54","[TCP Keep-Alive] 37464  >  443 [ACK] Seq=517 Ack=1 Win=67107840 Len=0"
"5952","112.990358","10.8.0.1","server-52-84-121-34.ord53.r.cloudfront.net","TCP","54","[TCP Keep-Alive] 51874  >  443 [ACK] Seq=517 Ack=1 Win=67107840 Len=0"
"5953","113.146053","10.8.0.1","40.70.161.102","TCP","74","40794  >  443 [SYN] Seq=0 Win=65535 Len=0 MSS=1460 SACK_PERM=1 TSval=1564306055 TSecr=0 WS=1024"
"5954","113.147164","40.70.161.102","10.8.0.1","TCP","54","443  >  40794 [SYN, ACK] Seq=0 Ack=1 Win=65535 Len=0"
"5955","113.147185","10.8.0.1","40.70.161.102","TCP","54","40794  >  443 [ACK] Seq=1 Ack=1 Win=65535 Len=0"
"5956","113.150492","10.8.0.1","40.70.161.102","TLSv1.2","571","Client Hello"
"5957","113.150514","40.70.161.102","10.8.0.1","TCP","54","443  >  40794 [ACK] Seq=1 Ack=518 Win=65535 Len=0"
"5958","113.326218","40.70.161.102","10.8.0.1","TLSv1.2","1432","Server Hello"
"5959","113.326254","10.8.0.1","40.70.161.102","TCP","54","40794  >  443 [ACK] Seq=518 Ack=1379 Win=65535 Len=0"
"5960","113.327888","40.70.161.102","10.8.0.1","TCP","2810","443  >  40794 [PSH, ACK] Seq=1379 Ack=518 Win=65535 Len=2756 [TCP segment of a reassembled PDU]"
"5961","113.327898","10.8.0.1","40.70.161.102","TCP","54","40794  >  443 [ACK] Seq=518 Ack=4135 Win=65535 Len=0"
"5962","113.327941","40.70.161.102","10.8.0.1","TLSv1.2","977","Certificate, Server Key Exchange, Server Hello Done"
"5963","113.327947","10.8.0.1","40.70.161.102","TCP","54","40794  >  443 [ACK] Seq=518 Ack=5058 Win=65535 Len=0"
"5964","113.346957","10.8.0.1","40.70.161.102","TLSv1.2","180","Client Key Exchange, Change Cipher Spec, Encrypted Handshake Message"
"5965","113.346974","40.70.161.102","10.8.0.1","TCP","54","443  >  40794 [ACK] Seq=5058 Ack=644 Win=65535 Len=0"
"5966","113.496230","40.70.161.102","10.8.0.1","TLSv1.2","312","New Session Ticket, Change Cipher Spec, Encrypted Handshake Message"
"5967","113.496245","10.8.0.1","40.70.161.102","TCP","54","40794  >  443 [ACK] Seq=644 Ack=5316 Win=65535 Len=0"
"5968","113.499174","10.8.0.1","40.70.161.102","TCP","590","40794  >  443 [ACK] Seq=644 Ack=5316 Win=65535 Len=536 [TCP segment of a reassembled PDU]"
"5969","113.499189","40.70.161.102","10.8.0.1","TCP","54","443  >  40794 [ACK] Seq=5316 Ack=1180 Win=65535 Len=0"
"5970","113.499195","10.8.0.1","40.70.161.102","TLSv1.2","377","Application Data"
"5971","113.499207","40.70.161.102","10.8.0.1","TCP","54","443  >  40794 [ACK] Seq=5316 Ack=1503 Win=65535 Len=0"
"5972","113.501912","10.8.0.1","ord38s18-in-f2.1e100.net","TCP","210","[TCP Retransmission] 60806  >  443 [PSH, ACK] Seq=518 Ack=4309 Win=67107840 Len=156"
"5973","113.656357","40.70.161.102","10.8.0.1","TLSv1.2","371","Application Data"
"5974","113.656367","10.8.0.1","40.70.161.102","TCP","54","40794  >  443 [ACK] Seq=1503 Ack=5633 Win=65535 Len=0"
"5975","115.006011","10.8.0.1","server-52-84-121-34.ord53.r.cloudfront.net","TCP","54","51874  >  443 [RST, ACK] Seq=518 Ack=1 Win=67107840 Len=0"
"5976","115.006177","10.8.0.1","ec2-52-34-176-190.us-west-2.compute.amazonaws.com","TCP","54","37464  >  443 [RST, ACK] Seq=518 Ack=1 Win=67107840 Len=0"
"5977","117.598111","10.8.0.1","ord38s28-in-f10.1e100.net","TCP","210","[TCP Retransmission] 47034  >  443 [PSH, ACK] Seq=518 Ack=4682 Win=67107840 Len=156"
"5978","118.877993","10.8.0.1","ord37s34-in-f10.1e100.net","TCP","210","[TCP Retransmission] 59734  >  443 [PSH, ACK] Seq=518 Ack=4681 Win=67107840 Len=156"
"5979","119.134140","10.8.0.1","ord37s34-in-f10.1e100.net","TCP","118","[TCP Retransmission] 59740  >  443 [PSH, ACK] Seq=518 Ack=4681 Win=67107840 Len=64"
"5980","122.462125","10.8.0.1","ord38s28-in-f10.1e100.net","TCP","216","[TCP Retransmission] 46678  >  443 [FIN, PSH, ACK] Seq=677 Ack=4684 Win=65535 Len=162"
"5981","122.462228","ord38s28-in-f10.1e100.net","10.8.0.1","TCP","54","[TCP Keep-Alive] 443  >  46678 [ACK] Seq=4684 Ack=678 Win=65535 Len=0"
"5982","122.462241","ord38s28-in-f10.1e100.net","10.8.0.1","TCP","54","[TCP Retransmission] 443  >  46678 [FIN, ACK] Seq=4684 Ack=678 Win=65535 Len=0"
"5983","122.462247","10.8.0.1","lga15s46-in-f22.1e100.net","TCP","208","[TCP Retransmission] 33402  >  443 [FIN, PSH, ACK] Seq=677 Ack=4752 Win=65535 Len=154"
"5984","122.462257","lga15s46-in-f22.1e100.net","10.8.0.1","TCP","54","[TCP Keep-Alive] 443  >  33402 [ACK] Seq=4752 Ack=678 Win=65535 Len=0"
"5985","122.462265","lga15s46-in-f22.1e100.net","10.8.0.1","TCP","54","[TCP Retransmission] 443  >  33402 [FIN, ACK] Seq=4752 Ack=678 Win=65535 Len=0"
"5986","122.757768","https-208-111-182-63.yyz.llnw.net","10.8.0.1","TCP","54","443  >  50642 [FIN, ACK] Seq=6997 Ack=834 Win=65535 Len=0"
"5987","122.759998","10.8.0.1","https-208-111-182-63.yyz.llnw.net","TCP","54","50642  >  443 [FIN, ACK] Seq=834 Ack=6998 Win=65535 Len=0"
"5988","122.760027","https-208-111-182-63.yyz.llnw.net","10.8.0.1","TCP","54","443  >  50642 [ACK] Seq=6998 Ack=835 Win=65535 Len=0"
"5989","122.760066","https-208-111-182-63.yyz.llnw.net","10.8.0.1","TCP","54","443  >  50642 [FIN, ACK] Seq=6998 Ack=835 Win=65535 Len=0"
"5990","122.760073","10.8.0.1","https-208-111-182-63.yyz.llnw.net","TCP","54","50642  >  443 [RST] Seq=835 Win=0 Len=0"
"5991","123.916313","10.8.0.1","ec2-54-185-210-229.us-west-2.compute.amazonaws.com","TCP","74","52128  >  443 [SYN] Seq=0 Win=65535 Len=0 MSS=1460 SACK_PERM=1 TSval=2611152641 TSecr=0 WS=1024"
"5992","123.917394","ec2-54-185-210-229.us-west-2.compute.amazonaws.com","10.8.0.1","TCP","54","443  >  52128 [SYN, ACK] Seq=0 Ack=1 Win=65535 Len=0"
"5993","123.917415","10.8.0.1","ec2-54-185-210-229.us-west-2.compute.amazonaws.com","TCP","54","52128  >  443 [ACK] Seq=1 Ack=1 Win=65535 Len=0"
"5994","123.920439","10.8.0.1","ec2-54-185-210-229.us-west-2.compute.amazonaws.com","TLSv1.2","571","Client Hello"
"5995","123.920459","ec2-54-185-210-229.us-west-2.compute.amazonaws.com","10.8.0.1","TCP","54","443  >  52128 [ACK] Seq=1 Ack=518 Win=65535 Len=0"
"5996","124.118025","10.8.0.1","ec2-54-71-52-68.us-west-2.compute.amazonaws.com","TCP","54","43966  >  443 [FIN, ACK] Seq=518 Ack=1 Win=67107840 Len=0"
"5997","124.118185","ec2-54-71-52-68.us-west-2.compute.amazonaws.com","10.8.0.1","TCP","54","443  >  43966 [ACK] Seq=1 Ack=519 Win=65535 Len=0"
"5998","124.118232","ec2-54-71-52-68.us-west-2.compute.amazonaws.com","10.8.0.1","TCP","54","443  >  43966 [FIN, ACK] Seq=1 Ack=519 Win=65535 Len=0"
"5999","124.118310","10.8.0.1","ec2-54-71-52-68.us-west-2.compute.amazonaws.com","TCP","54","43966  >  443 [ACK] Seq=519 Ack=2 Win=67107840 Len=0"
"6000","124.169094","ec2-54-185-210-229.us-west-2.compute.amazonaws.com","10.8.0.1","TLSv1.2","1432","Server Hello"
"6001","124.169105","10.8.0.1","ec2-54-185-210-229.us-west-2.compute.amazonaws.com","TCP","54","52128  >  443 [ACK] Seq=518 Ack=1379 Win=65535 Len=0"
"6002","124.172055","ec2-54-185-210-229.us-west-2.compute.amazonaws.com","10.8.0.1","TCP","2810","443  >  52128 [PSH, ACK] Seq=1379 Ack=518 Win=65535 Len=2756 [TCP segment of a reassembled PDU]"
"6003","124.172082","10.8.0.1","ec2-54-185-210-229.us-west-2.compute.amazonaws.com","TCP","54","52128  >  443 [ACK] Seq=518 Ack=4135 Win=65535 Len=0"
"6004","124.214260","ec2-54-185-210-229.us-west-2.compute.amazonaws.com","10.8.0.1","TCP","1432","443  >  52128 [PSH, ACK] Seq=4135 Ack=518 Win=65535 Len=1378 [TCP segment of a reassembled PDU]"
"6005","124.214284","10.8.0.1","ec2-54-185-210-229.us-west-2.compute.amazonaws.com","TCP","54","52128  >  443 [ACK] Seq=518 Ack=5513 Win=65535 Len=0"
"6006","124.265518","ec2-54-185-210-229.us-west-2.compute.amazonaws.com","10.8.0.1","TLSv1.2","844","Certificate, Server Key Exchange, Server Hello Done"
"6007","124.265527","10.8.0.1","ec2-54-185-210-229.us-west-2.compute.amazonaws.com","TCP","54","52128  >  443 [ACK] Seq=518 Ack=6303 Win=65535 Len=0"
"6008","124.314964","10.8.0.1","ec2-54-185-210-229.us-west-2.compute.amazonaws.com","TLSv1.2","180","Client Key Exchange, Change Cipher Spec, Encrypted Handshake Message"
"6009","124.314991","ec2-54-185-210-229.us-west-2.compute.amazonaws.com","10.8.0.1","TCP","54","443  >  52128 [ACK] Seq=6303 Ack=644 Win=65535 Len=0"
"6010","124.409229","10.8.0.1","lga15s46-in-f35.1e100.net","TLSv1.3","78","Application Data"
"6011","124.413859","10.8.0.1","lga15s46-in-f35.1e100.net","TCP","54","45140  >  443 [FIN, ACK] Seq=876 Ack=184901 Win=65535 Len=0"
"6012","124.413942","lga15s46-in-f35.1e100.net","10.8.0.1","TCP","54","443  >  45140 [ACK] Seq=184901 Ack=877 Win=65535 Len=0"
"6013","124.413983","lga15s46-in-f35.1e100.net","10.8.0.1","TCP","54","[TCP Retransmission] 443  >  45140 [FIN, ACK] Seq=184901 Ack=877 Win=65535 Len=0"
"6014","124.413990","10.8.0.1","lga15s46-in-f35.1e100.net","TCP","54","45140  >  443 [ACK] Seq=877 Ack=184902 Win=65535 Len=0"
"6015","124.455986","ec2-54-185-210-229.us-west-2.compute.amazonaws.com","10.8.0.1","TLSv1.2","328","New Session Ticket, Change Cipher Spec, Encrypted Handshake Message"
"6016","124.456001","10.8.0.1","ec2-54-185-210-229.us-west-2.compute.amazonaws.com","TCP","54","52128  >  443 [ACK] Seq=644 Ack=6577 Win=65535 Len=0"
"6017","124.460433","10.8.0.1","ec2-54-185-210-229.us-west-2.compute.amazonaws.com","TCP","590","52128  >  443 [ACK] Seq=644 Ack=6577 Win=65535 Len=536 [TCP segment of a reassembled PDU]"
"6018","124.460465","ec2-54-185-210-229.us-west-2.compute.amazonaws.com","10.8.0.1","TCP","54","443  >  52128 [ACK] Seq=6577 Ack=1180 Win=65535 Len=0"
"6019","124.460474","10.8.0.1","ec2-54-185-210-229.us-west-2.compute.amazonaws.com","TCP","590","52128  >  443 [ACK] Seq=1180 Ack=6577 Win=65535 Len=536 [TCP segment of a reassembled PDU]"
"6020","124.460488","ec2-54-185-210-229.us-west-2.compute.amazonaws.com","10.8.0.1","TCP","54","443  >  52128 [ACK] Seq=6577 Ack=1716 Win=65535 Len=0"
"6021","124.460494","10.8.0.1","ec2-54-185-210-229.us-west-2.compute.amazonaws.com","TCP","590","52128  >  443 [ACK] Seq=1716 Ack=6577 Win=65535 Len=536 [TCP segment of a reassembled PDU]"
"6022","124.460521","ec2-54-185-210-229.us-west-2.compute.amazonaws.com","10.8.0.1","TCP","54","443  >  52128 [ACK] Seq=6577 Ack=2252 Win=65535 Len=0"
"6023","124.460527","10.8.0.1","ec2-54-185-210-229.us-west-2.compute.amazonaws.com","TLSv1.2","130","Application Data"
"6024","124.460537","ec2-54-185-210-229.us-west-2.compute.amazonaws.com","10.8.0.1","TCP","54","443  >  52128 [ACK] Seq=6577 Ack=2328 Win=65535 Len=0"
"6025","124.776228","ec2-54-185-210-229.us-west-2.compute.amazonaws.com","10.8.0.1","TLSv1.2","368","Application Data"
"6026","124.776245","10.8.0.1","ec2-54-185-210-229.us-west-2.compute.amazonaws.com","TCP","54","52128  >  443 [ACK] Seq=2328 Ack=6891 Win=65535 Len=0"
"6027","124.825536","ec2-54-185-210-229.us-west-2.compute.amazonaws.com","10.8.0.1","TLSv1.2","95","Application Data"
"6028","124.825543","10.8.0.1","ec2-54-185-210-229.us-west-2.compute.amazonaws.com","TCP","54","52128  >  443 [ACK] Seq=2328 Ack=6932 Win=65535 Len=0"
"6029","127.496845","ccg12-origin-api-1.paypal.com","10.8.0.1","TLSv1.2","85","Encrypted Alert"
"6030","127.498337","ccg12-origin-api-1.paypal.com","10.8.0.1","TCP","54","443  >  40178 [FIN, ACK] Seq=6018 Ack=2710 Win=65535 Len=0"
"6031","128.580949","10.8.0.1","ec2-34-215-33-174.us-west-2.compute.amazonaws.com","TCP","590","51998  >  443 [ACK] Seq=4085 Ack=6050 Win=65535 Len=536 [TCP segment of a reassembled PDU]"
"6032","128.581026","ec2-34-215-33-174.us-west-2.compute.amazonaws.com","10.8.0.1","TCP","54","443  >  51998 [ACK] Seq=6050 Ack=4621 Win=65535 Len=0"
"6033","128.581033","10.8.0.1","ec2-34-215-33-174.us-west-2.compute.amazonaws.com","TCP","590","51998  >  443 [ACK] Seq=4621 Ack=6050 Win=65535 Len=536 [TCP segment of a reassembled PDU]"
"6034","128.581046","ec2-34-215-33-174.us-west-2.compute.amazonaws.com","10.8.0.1","TCP","54","443  >  51998 [ACK] Seq=6050 Ack=5157 Win=65535 Len=0"
"6035","128.581052","10.8.0.1","ec2-34-215-33-174.us-west-2.compute.amazonaws.com","TCP","590","51998  >  443 [ACK] Seq=5157 Ack=6050 Win=65535 Len=536 [TCP segment of a reassembled PDU]"
"6036","128.581063","ec2-34-215-33-174.us-west-2.compute.amazonaws.com","10.8.0.1","TCP","54","443  >  51998 [ACK] Seq=6050 Ack=5693 Win=65535 Len=0"
"6037","128.581068","10.8.0.1","ec2-34-215-33-174.us-west-2.compute.amazonaws.com","TLSv1.2","146","Application Data"
"6038","128.581078","ec2-34-215-33-174.us-west-2.compute.amazonaws.com","10.8.0.1","TCP","54","443  >  51998 [ACK] Seq=6050 Ack=5785 Win=65535 Len=0"
"6039","128.856763","ec2-34-215-33-174.us-west-2.compute.amazonaws.com","10.8.0.1","TLSv1.2","191","Application Data"
"6040","128.856785","10.8.0.1","ec2-34-215-33-174.us-west-2.compute.amazonaws.com","TCP","54","51998  >  443 [ACK] Seq=5785 Ack=6187 Win=65535 Len=0"
"6041","134.537220","10.8.0.1","ftp8.ofertadasorte.com.br","NTP","90","NTP Version 3, client"
"6042","134.819061","ftp8.ofertadasorte.com.br","10.8.0.1","NTP","90","NTP Version 3, server"
"6043","134.819196","10.8.0.1","ord38s18-in-f2.1e100.net","TCP","210","[TCP Retransmission] 60806  >  443 [PSH, ACK] Seq=518 Ack=4309 Win=67107840 Len=156"
"6044","134.819258","10.8.0.1","104.244.42.66","TCP","108","[TCP Retransmission] 55314  >  443 [FIN, PSH, ACK] Seq=7777 Ack=6016 Win=65535 Len=54"
"6045","134.819330","104.244.42.66","10.8.0.1","TCP","54","[TCP Keep-Alive] 443  >  55314 [ACK] Seq=6016 Ack=7778 Win=65535 Len=0"
"6046","134.819348","104.244.42.66","10.8.0.1","TCP","54","[TCP Retransmission] 443  >  55314 [FIN, ACK] Seq=6016 Ack=7778 Win=65535 Len=0"
"6047","144.990052","10.8.0.1","ord38s28-in-f10.1e100.net","TCP","210","[TCP Retransmission] 47034  >  443 [PSH, ACK] Seq=518 Ack=4682 Win=67107840 Len=156"
"6048","146.154965","10.8.0.1","ord37s35-in-f14.1e100.net","TCP","74","34930  >  443 [SYN] Seq=0 Win=65535 Len=0 MSS=1460 SACK_PERM=1 TSval=2464978690 TSecr=0 WS=1024"
"6049","146.158925","ord37s35-in-f14.1e100.net","10.8.0.1","TCP","54","443  >  34930 [SYN, ACK] Seq=0 Ack=1 Win=65535 Len=0"
"6050","146.158955","10.8.0.1","ord37s35-in-f14.1e100.net","TCP","54","34930  >  443 [ACK] Seq=1 Ack=1 Win=65535 Len=0"
"6051","146.165567","10.8.0.1","ord37s35-in-f14.1e100.net","TLSv1.3","571","Client Hello"
"6052","146.165629","ord37s35-in-f14.1e100.net","10.8.0.1","TCP","54","443  >  34930 [ACK] Seq=1 Ack=518 Win=65535 Len=0"
"6053","146.410848","10.8.0.1","ord37s34-in-f14.1e100.net","QUIC","1292","Initial, DCID=fc081a4c3356cab8, PKN: 1, CRYPTO, PADDING, CRYPTO, CRYPTO, CRYPTO, CRYPTO, PADDING, CRYPTO, PING, PADDING, PING, PADDING, CRYPTO, CRYPTO, PADDING"
"6054","146.533363","ord37s34-in-f14.1e100.net","10.8.0.1","QUIC","1292","Initial, SCID=fc081a4c3356cab8, PKN: 1, ACK, CRYPTO, PADDING"
"6055","146.533431","10.8.0.1","ord37s34-in-f14.1e100.net","TCP","74","46060  >  443 [SYN] Seq=0 Win=65535 Len=0 MSS=1460 SACK_PERM=1 TSval=3343236393 TSecr=0 WS=1024"
"6056","146.534343","ord37s34-in-f14.1e100.net","10.8.0.1","TCP","54","443  >  46060 [SYN, ACK] Seq=0 Ack=1 Win=65535 Len=0"
"6057","146.534366","10.8.0.1","edge-star-mini-shv-02-ort2.facebook.com","TCP","74","45546  >  443 [SYN] Seq=0 Win=65535 Len=0 MSS=1460 SACK_PERM=1 TSval=2886128572 TSecr=0 WS=1024"
"6058","146.534973","edge-star-mini-shv-02-ort2.facebook.com","10.8.0.1","TCP","54","443  >  45546 [SYN, ACK] Seq=0 Ack=1 Win=65535 Len=0"
"6059","146.534988","10.8.0.1","ord37s34-in-f14.1e100.net","TCP","54","46060  >  443 [ACK] Seq=1 Ack=1 Win=65535 Len=0"
"6060","146.534995","10.8.0.1","edge-star-mini-shv-02-ort2.facebook.com","TCP","54","45546  >  443 [ACK] Seq=1 Ack=1 Win=65535 Len=0"
"6061","146.538844","ord37s35-in-f14.1e100.net","10.8.0.1","TLSv1.3","1432","Server Hello, Change Cipher Spec"
"6062","146.538853","10.8.0.1","ord37s35-in-f14.1e100.net","TCP","54","34930  >  443 [ACK] Seq=518 Ack=1379 Win=65535 Len=0"
"6063","146.538895","ord37s35-in-f14.1e100.net","10.8.0.1","TCP","1472","443  >  34930 [PSH, ACK] Seq=1379 Ack=518 Win=65535 Len=1418 [TCP segment of a reassembled PDU]"
"6064","146.538900","10.8.0.1","ord37s35-in-f14.1e100.net","TCP","54","34930  >  443 [ACK] Seq=518 Ack=2797 Win=65535 Len=0"
"6065","146.539039","10.8.0.1","ord37s34-in-f14.1e100.net","QUIC","1292","Initial, DCID=fc081a4c3356cab8, PKN: 2, ACK, PADDING"
"6066","147.551311","18.92.106.34.bc.googleusercontent.com","10.8.0.1","TCP","54","443  >  50236 [FIN, ACK] Seq=1379 Ack=518 Win=65535 Len=0"
"6067","147.551564","10.8.0.1","ord37s34-in-f14.1e100.net","TLSv1.3","571","Client Hello"
"6068","147.551644","ord37s34-in-f14.1e100.net","10.8.0.1","TCP","54","443  >  46060 [ACK] Seq=1 Ack=518 Win=65535 Len=0"
"6069","147.551747","ord37s35-in-f14.1e100.net","10.8.0.1","TLSv1.3","3902","Application Data"
"6070","147.551796","10.8.0.1","edge-star-mini-shv-02-ort2.facebook.com","TLSv1.3","571","Client Hello"
"6071","147.551838","edge-star-mini-shv-02-ort2.facebook.com","10.8.0.1","TCP","54","443  >  45546 [ACK] Seq=1 Ack=518 Win=65535 Len=0"
"6072","147.551902","10.8.0.1","ord37s34-in-f14.1e100.net","QUIC","83","Handshake, DCID=fc081a4c3356cab8"
"6073","147.647582","ord37s34-in-f14.1e100.net","10.8.0.1","QUIC","136","Initial, SCID=fc081a4c3356cab8, PKN: 6, CC"
"6074","147.647771","10.8.0.1","edge-star-mini-shv-02-ort2.facebook.com","TLSv1.3","571","[TCP Spurious Retransmission] , Client Hello"
"6075","147.647834","edge-star-mini-shv-02-ort2.facebook.com","10.8.0.1","TCP","54","[TCP Dup ACK 6071#1] 443  >  45546 [ACK] Seq=1 Ack=518 Win=65535 Len=0"
"6076","147.647852","10.8.0.1","ord37s34-in-f14.1e100.net","TLSv1.3","571","[TCP Spurious Retransmission] , Client Hello"
"6077","147.647885","ord37s34-in-f14.1e100.net","10.8.0.1","TCP","54","[TCP Dup ACK 6068#1] 443  >  46060 [ACK] Seq=1 Ack=518 Win=65535 Len=0"
"6078","147.647916","10.8.0.1","104.244.42.66","TCP","74","55812  >  443 [SYN] Seq=0 Win=65535 Len=0 MSS=1460 SACK_PERM=1 TSval=3777474147 TSecr=0 WS=1024"
"6079","147.650029","104.244.42.66","10.8.0.1","TCP","54","443  >  55812 [SYN, ACK] Seq=0 Ack=1 Win=65535 Len=0"
"6080","147.650117","10.8.0.1","104.244.42.66","TCP","74","55814  >  443 [SYN] Seq=0 Win=65535 Len=0 MSS=1460 SACK_PERM=1 TSval=3777474149 TSecr=0 WS=1024"
"6081","147.651611","104.244.42.66","10.8.0.1","TCP","54","443  >  55814 [SYN, ACK] Seq=0 Ack=1 Win=65535 Len=0"
"6082","147.651641","10.8.0.1","104.244.42.66","TCP","74","55816  >  443 [SYN] Seq=0 Win=65535 Len=0 MSS=1460 SACK_PERM=1 TSval=3777474150 TSecr=0 WS=1024"
"6083","147.652960","104.244.42.66","10.8.0.1","TCP","54","443  >  55816 [SYN, ACK] Seq=0 Ack=1 Win=65535 Len=0"
"6084","147.652992","10.8.0.1","server-54-230-210-247.ord53.r.cloudfront.net","TCP","74","46874  >  443 [SYN] Seq=0 Win=65535 Len=0 MSS=1460 SACK_PERM=1 TSval=3001384998 TSecr=0 WS=1024"
"6085","147.654332","server-54-230-210-247.ord53.r.cloudfront.net","10.8.0.1","TCP","54","443  >  46874 [SYN, ACK] Seq=0 Ack=1 Win=65535 Len=0"
"6086","147.654366","10.8.0.1","ord37s34-in-f10.1e100.net","TCP","118","[TCP Retransmission] 59740  >  443 [PSH, ACK] Seq=518 Ack=4681 Win=67107840 Len=64"
"6087","147.654377","10.8.0.1","ord37s34-in-f10.1e100.net","TCP","210","[TCP Retransmission] 59734  >  443 [PSH, ACK] Seq=518 Ack=4681 Win=67107840 Len=156"
"6088","147.654388","10.8.0.1","ord37s34-in-f14.1e100.net","QUIC","83","Handshake, DCID=fc081a4c3356cab8"
"6089","147.772972","ord37s34-in-f14.1e100.net","10.8.0.1","QUIC","136","Initial, SCID=fc081a4c3356cab8, PKN: 6, CC"
"6090","147.773083","10.8.0.1","199.232.6.133","TCP","74","34674  >  443 [SYN] Seq=0 Win=65535 Len=0 MSS=1460 SACK_PERM=1 TSval=207010049 TSecr=0 WS=1024"
"6091","147.775140","199.232.6.133","10.8.0.1","TCP","54","443  >  34674 [SYN, ACK] Seq=0 Ack=1 Win=65535 Len=0"
"6092","147.775307","ord37s34-in-f14.1e100.net","10.8.0.1","TLSv1.3","4759","Server Hello, Change Cipher Spec, Application Data, Application Data"
"6093","147.775592","edge-star-mini-shv-02-ort2.facebook.com","10.8.0.1","TLSv1.3","2814","Server Hello, Change Cipher Spec, Application Data, Application Data"
"6094","147.775678","10.8.0.1","199.232.6.133","TCP","74","34676  >  443 [SYN] Seq=0 Win=65535 Len=0 MSS=1460 SACK_PERM=1 TSval=207010050 TSecr=0 WS=1024"
"6095","147.777746","199.232.6.133","10.8.0.1","TCP","54","443  >  34676 [SYN, ACK] Seq=0 Ack=1 Win=65535 Len=0"
"6096","147.777793","10.8.0.1","199.232.6.133","TCP","74","34678  >  443 [SYN] Seq=0 Win=65535 Len=0 MSS=1460 SACK_PERM=1 TSval=207010050 TSecr=0 WS=1024"
"6097","147.779902","199.232.6.133","10.8.0.1","TCP","54","443  >  34678 [SYN, ACK] Seq=0 Ack=1 Win=65535 Len=0"
"6098","147.779949","10.8.0.1","199.232.6.133","TCP","74","34680  >  443 [SYN] Seq=0 Win=65535 Len=0 MSS=1460 SACK_PERM=1 TSval=207010050 TSecr=0 WS=1024"
"6099","147.782035","199.232.6.133","10.8.0.1","TCP","54","443  >  34680 [SYN, ACK] Seq=0 Ack=1 Win=65535 Len=0"
"6100","147.782081","10.8.0.1","a23-35-209-55.deploy.static.akamaitechnologies.com","TCP","74","39488  >  443 [SYN] Seq=0 Win=65535 Len=0 MSS=1460 SACK_PERM=1 TSval=2367083768 TSecr=0 WS=1024"
"6101","147.784073","a23-35-209-55.deploy.static.akamaitechnologies.com","10.8.0.1","TCP","54","443  >  39488 [SYN, ACK] Seq=0 Ack=1 Win=65535 Len=0"
"6102","147.784121","10.8.0.1","a23-35-209-55.deploy.static.akamaitechnologies.com","TCP","74","39490  >  443 [SYN] Seq=0 Win=65535 Len=0 MSS=1460 SACK_PERM=1 TSval=2367083768 TSecr=0 WS=1024"
"6103","147.786613","a23-35-209-55.deploy.static.akamaitechnologies.com","10.8.0.1","TCP","54","443  >  39490 [SYN, ACK] Seq=0 Ack=1 Win=65535 Len=0"
"6104","147.786672","10.8.0.1","a23-35-209-55.deploy.static.akamaitechnologies.com","TCP","74","39492  >  443 [SYN] Seq=0 Win=65535 Len=0 MSS=1460 SACK_PERM=1 TSval=2367083773 TSecr=0 WS=1024"
"6105","147.788681","a23-35-209-55.deploy.static.akamaitechnologies.com","10.8.0.1","TCP","54","443  >  39492 [SYN, ACK] Seq=0 Ack=1 Win=65535 Len=0"
"6106","147.788784","10.8.0.1","edge-star-mini-shv-02-ort2.facebook.com","TLSv1.3","571","[TCP Spurious Retransmission] , Client Hello"
"6107","147.788911","edge-star-mini-shv-02-ort2.facebook.com","10.8.0.1","TCP","54","443  >  45546 [ACK] Seq=1 Ack=518 Win=65535 Len=0"
"6108","147.788942","10.8.0.1","ord37s32-in-f3.1e100.net","TCP","74","57828  >  443 [SYN] Seq=0 Win=65535 Len=0 MSS=1460 SACK_PERM=1 TSval=2202108305 TSecr=0 WS=1024"
"6109","147.790595","ord37s32-in-f3.1e100.net","10.8.0.1","TCP","54","443  >  57828 [SYN, ACK] Seq=0 Ack=1 Win=65535 Len=0"
"6110","147.790662","10.8.0.1","199.232.5.208","TCP","74","55432  >  443 [SYN] Seq=0 Win=65535 Len=0 MSS=1460 SACK_PERM=1 TSval=157121149 TSecr=0 WS=1024"
"6111","147.791883","199.232.5.208","10.8.0.1","TCP","54","443  >  55432 [SYN, ACK] Seq=0 Ack=1 Win=65535 Len=0"
"6112","147.791923","10.8.0.1","ord37s34-in-f14.1e100.net","QUIC","83","Handshake, DCID=fc081a4c3356cab8"
"6113","148.799617","10.8.0.1","ord37s34-in-f14.1e100.net","TLSv1.3","571","[TCP Spurious Retransmission] , Client Hello"
"6114","148.799986","ord37s34-in-f14.1e100.net","10.8.0.1","TCP","54","443  >  46060 [ACK] Seq=1 Ack=518 Win=65535 Len=0"
"6115","148.800083","ord37s34-in-f14.1e100.net","10.8.0.1","TCP","54","[TCP Retransmission] 443  >  46060 [FIN, ACK] Seq=1 Ack=518 Win=65535 Len=0"
"6116","148.800210","ord37s34-in-f14.1e100.net","10.8.0.1","TCP","54","[TCP Retransmission] 443  >  46060 [FIN, ACK] Seq=1 Ack=518 Win=65535 Len=0"
"6117","148.800301","edge-star-mini-shv-02-ort2.facebook.com","10.8.0.1","TCP","54","[TCP Retransmission] 443  >  45546 [FIN, ACK] Seq=1 Ack=518 Win=65535 Len=0"
"6118","148.800447","10.8.0.1","ord37s35-in-f14.1e100.net","TCP","54","34930  >  443 [ACK] Seq=518 Ack=6645 Win=65535 Len=0"
"6119","148.800481","10.8.0.1","ord37s35-in-f14.1e100.net","TLSv1.3","118","Change Cipher Spec, Application Data"
"6120","148.800594","ord37s35-in-f14.1e100.net","10.8.0.1","TCP","54","443  >  34930 [ACK] Seq=6645 Ack=582 Win=65535 Len=0"
"6121","148.800619","10.8.0.1","ord37s35-in-f14.1e100.net","TCP","590","34930  >  443 [ACK] Seq=582 Ack=6645 Win=65535 Len=536 [TCP segment of a reassembled PDU]"
"6122","148.800668","ord37s35-in-f14.1e100.net","10.8.0.1","TCP","54","443  >  34930 [ACK] Seq=6645 Ack=1118 Win=65535 Len=0"
"6123","148.800750","10.8.0.1","104.244.42.66","TCP","54","55812  >  443 [ACK] Seq=1 Ack=1 Win=65535 Len=0"
"6124","148.800777","10.8.0.1","104.244.42.66","TCP","54","55814  >  443 [ACK] Seq=1 Ack=1 Win=65535 Len=0"
"6125","148.800798","10.8.0.1","104.244.42.66","TCP","54","55816  >  443 [ACK] Seq=1 Ack=1 Win=65535 Len=0"
"6126","148.800821","10.8.0.1","server-54-230-210-247.ord53.r.cloudfront.net","TCP","54","46874  >  443 [ACK] Seq=1 Ack=1 Win=65535 Len=0"
"6127","148.800844","10.8.0.1","server-54-230-210-247.ord53.r.cloudfront.net","TLSv1.3","571","Client Hello"
"6128","148.800904","server-54-230-210-247.ord53.r.cloudfront.net","10.8.0.1","TCP","54","443  >  46874 [ACK] Seq=1 Ack=518 Win=65535 Len=0"
"6129","148.800928","10.8.0.1","104.244.42.66","TLSv1.3","571","Client Hello"
"6130","148.800973","104.244.42.66","10.8.0.1","TCP","54","443  >  55816 [ACK] Seq=1 Ack=518 Win=65535 Len=0"
"6131","148.801153","10.8.0.1","104.244.42.66","TLSv1.3","571","Client Hello"
"6132","148.801217","104.244.42.66","10.8.0.1","TCP","54","443  >  55812 [ACK] Seq=1 Ack=518 Win=65535 Len=0"
"6133","148.801302","10.8.0.1","104.244.42.66","TLSv1.3","571","Client Hello"
"6134","148.801355","104.244.42.66","10.8.0.1","TCP","54","443  >  55814 [ACK] Seq=1 Ack=518 Win=65535 Len=0"
"6135","148.801429","10.8.0.1","ord37s35-in-f14.1e100.net","TCP","118","[TCP Out-Of-Order] 34930  >  443 [PSH, ACK] Seq=518 Ack=6645 Win=65535 Len=64"
"6136","148.801475","ord37s35-in-f14.1e100.net","10.8.0.1","TCP","54","443  >  34930 [ACK] Seq=6645 Ack=582 Win=65535 Len=0"
"6137","148.801543","10.8.0.1","199.232.6.133","TCP","54","34674  >  443 [ACK] Seq=1 Ack=1 Win=65535 Len=0"
"6138","148.801608","10.8.0.1","ord37s34-in-f14.1e100.net","TCP","54","46060  >  443 [ACK] Seq=518 Ack=4706 Win=65535 Len=0"
"6139","148.801627","10.8.0.1","edge-star-mini-shv-02-ort2.facebook.com","TCP","54","45546  >  443 [ACK] Seq=518 Ack=2761 Win=65535 Len=0"
"6140","148.801645","10.8.0.1","199.232.6.133","TCP","54","34676  >  443 [ACK] Seq=1 Ack=1 Win=65535 Len=0"
"6141","148.801665","10.8.0.1","199.232.6.133","TLSv1.2","571","Client Hello"
"6142","148.801712","199.232.6.133","10.8.0.1","TCP","54","443  >  34674 [ACK] Seq=1 Ack=518 Win=65535 Len=0"
"6143","148.801733","10.8.0.1","199.232.6.133","TCP","54","34678  >  443 [ACK] Seq=1 Ack=1 Win=65535 Len=0"
"6144","148.802210","10.8.0.1","199.232.6.133","TCP","54","34680  >  443 [ACK] Seq=1 Ack=1 Win=65535 Len=0"
"6145","148.802260","10.8.0.1","199.232.6.133","TLSv1.2","571","Client Hello"
"6146","148.802372","199.232.6.133","10.8.0.1","TCP","54","443  >  34678 [ACK] Seq=1 Ack=518 Win=65535 Len=0"
"6147","148.802404","10.8.0.1","a23-35-209-55.deploy.static.akamaitechnologies.com","TCP","54","39488  >  443 [ACK] Seq=1 Ack=1 Win=65535 Len=0"
"6148","148.802526","10.8.0.1","199.232.6.133","TLSv1.2","571","Client Hello"
"6149","148.802592","199.232.6.133","10.8.0.1","TCP","54","443  >  34680 [ACK] Seq=1 Ack=518 Win=65535 Len=0"
"6150","148.802617","10.8.0.1","a23-35-209-55.deploy.static.akamaitechnologies.com","TCP","54","39490  >  443 [ACK] Seq=1 Ack=1 Win=65535 Len=0"
"6151","148.802693","10.8.0.1","a23-35-209-55.deploy.static.akamaitechnologies.com","TLSv1.2","571","Client Hello"
"6152","148.802748","a23-35-209-55.deploy.static.akamaitechnologies.com","10.8.0.1","TCP","54","443  >  39488 [ACK] Seq=1 Ack=518 Win=65535 Len=0"
"6153","148.802771","10.8.0.1","199.232.6.133","TLSv1.2","571","Client Hello"
"6154","148.802816","199.232.6.133","10.8.0.1","TCP","54","443  >  34676 [ACK] Seq=1 Ack=518 Win=65535 Len=0"
"6155","148.802883","10.8.0.1","a23-35-209-55.deploy.static.akamaitechnologies.com","TCP","54","39492  >  443 [ACK] Seq=1 Ack=1 Win=65535 Len=0"
"6156","148.802946","10.8.0.1","edge-star-mini-shv-02-ort2.facebook.com","TCP","54","[TCP Dup ACK 6139#1] 45546  >  443 [ACK] Seq=518 Ack=2761 Win=65535 Len=0"
"6157","148.802966","10.8.0.1","ord37s32-in-f3.1e100.net","TCP","54","57828  >  443 [ACK] Seq=1 Ack=1 Win=65535 Len=0"
"6158","148.802988","10.8.0.1","a23-35-209-55.deploy.static.akamaitechnologies.com","TLSv1.2","571","Client Hello"
"6159","148.803036","a23-35-209-55.deploy.static.akamaitechnologies.com","10.8.0.1","TCP","54","443  >  39492 [ACK] Seq=1 Ack=518 Win=65535 Len=0"
"6160","148.803059","10.8.0.1","a23-35-209-55.deploy.static.akamaitechnologies.com","TLSv1.2","571","Client Hello"
"6161","148.803175","a23-35-209-55.deploy.static.akamaitechnologies.com","10.8.0.1","TCP","54","443  >  39490 [ACK] Seq=1 Ack=518 Win=65535 Len=0"
"6162","148.803271","10.8.0.1","199.232.5.208","TCP","54","55432  >  443 [ACK] Seq=1 Ack=1 Win=65535 Len=0"
"6163","148.803340","10.8.0.1","ord37s32-in-f3.1e100.net","TLSv1.3","571","Client Hello"
"6164","148.803398","ord37s32-in-f3.1e100.net","10.8.0.1","TCP","54","443  >  57828 [ACK] Seq=1 Ack=518 Win=65535 Len=0"
"6165","148.803422","10.8.0.1","199.232.5.208","TLSv1.2","571","Client Hello"
"6166","148.803468","199.232.5.208","10.8.0.1","TCP","54","443  >  55432 [ACK] Seq=1 Ack=518 Win=65535 Len=0"
"6167","148.803567","10.8.0.1","ord37s34-in-f14.1e100.net","TLSv1.3","118","Change Cipher Spec, Application Data"
"6168","148.803636","10.8.0.1","ord37s34-in-f14.1e100.net","TLSv1.3","146","Application Data"
"6169","148.803657","10.8.0.1","ord37s34-in-f14.1e100.net","TLSv1.3","123","Application Data"
"6170","148.803711","ord37s34-in-f14.1e100.net","10.8.0.1","TCP","54","443  >  46060 [ACK] Seq=4706 Ack=675 Win=65535 Len=0"
"6171","148.803770","ord37s34-in-f14.1e100.net","10.8.0.1","TCP","54","443  >  46060 [FIN, ACK] Seq=4706 Ack=675 Win=65535 Len=0"
"6172","148.803797","10.8.0.1","ord37s35-in-f14.1e100.net","TCP","118","[TCP Out-Of-Order] 34930  >  443 [PSH, ACK] Seq=518 Ack=6645 Win=65535 Len=64"
"6173","148.803839","ord37s35-in-f14.1e100.net","10.8.0.1","TCP","54","[TCP Dup ACK 6136#1] 443  >  34930 [ACK] Seq=6645 Ack=582 Win=65535 Len=0"
"6174","148.803861","10.8.0.1","ord37s34-in-f14.1e100.net","QUIC","83","Handshake, DCID=fc081a4c3356cab8"
"6175","148.935125","ord37s34-in-f14.1e100.net","10.8.0.1","QUIC","136","Initial, SCID=fc081a4c3356cab8, PKN: 6, CC"
"6176","148.935390","10.8.0.1","ord37s32-in-f3.1e100.net","TLSv1.3","571","[TCP Spurious Retransmission] , Client Hello"
"6177","148.935470","ord37s32-in-f3.1e100.net","10.8.0.1","TCP","54","[TCP Dup ACK 6164#1] 443  >  57828 [ACK] Seq=1 Ack=518 Win=65535 Len=0"
"6178","148.935618","ord37s35-in-f14.1e100.net","10.8.0.1","TLSv1.3","612","Application Data, Application Data"
"6179","148.935756","server-54-230-210-247.ord53.r.cloudfront.net","10.8.0.1","TLSv1.3","2860","Server Hello, Change Cipher Spec, Application Data"
"6180","148.935932","199.232.6.133","10.8.0.1","TLSv1.2","4796","Server Hello, Certificate, Certificate Status, Server Key Exchange, Server Hello Done"
"6181","148.936077","199.232.6.133","10.8.0.1","TLSv1.2","4086","Server Hello, Certificate"
"6182","148.936213","199.232.6.133","10.8.0.1","TLSv1.2","4790","Server Hello, Certificate, Certificate Status, Server Key Exchange, Server Hello Done"
"6183","148.936442","199.232.5.208","10.8.0.1","TLSv1.2","4783","Server Hello, Certificate, Certificate Status, Server Key Exchange, Server Hello Done"
"6184","148.936612","199.232.6.133","10.8.0.1","TLSv1.2","4796","Server Hello, Certificate, Certificate Status, Server Key Exchange, Server Hello Done"
"6185","148.936677","10.8.0.1","ord37s34-in-f14.1e100.net","TCP","54","[TCP Dup ACK 6138#1] 46060  >  443 [ACK] Seq=744 Ack=4706 Win=65535 Len=0"
"6186","148.936733","10.8.0.1","ord37s34-in-f14.1e100.net","TCP","54","[TCP Dup ACK 6138#2] 46060  >  443 [ACK] Seq=744 Ack=4706 Win=65535 Len=0"
"6187","148.936751","10.8.0.1","ord37s34-in-f14.1e100.net","TCP","54","[TCP Dup ACK 6138#3] 46060  >  443 [ACK] Seq=744 Ack=4706 Win=65535 Len=0"
"6188","148.936768","10.8.0.1","edge-star-mini-shv-02-ort2.facebook.com","TCP","54","[TCP Dup ACK 6139#2] 45546  >  443 [ACK] Seq=518 Ack=2761 Win=65535 Len=0"
"6189","148.936785","10.8.0.1","ord37s35-in-f14.1e100.net","TLSv1.3","74","Application Data"
"6190","148.936858","ord37s35-in-f14.1e100.net","10.8.0.1","TCP","54","443  >  34930 [ACK] Seq=6645 Ack=1138 Win=65535 Len=0"
"6191","148.936920","ord37s35-in-f14.1e100.net","10.8.0.1","TCP","54","[TCP Out-Of-Order] 443  >  34930 [FIN, ACK] Seq=6645 Ack=1138 Win=65535 Len=0"
"6192","148.937162","10.8.0.1","ord37s34-in-f14.1e100.net","TCP","54","46060  >  443 [ACK] Seq=744 Ack=4707 Win=65535 Len=0"
"6193","148.937191","10.8.0.1","ord37s35-in-f14.1e100.net","TCP","54","34930  >  443 [ACK] Seq=1138 Ack=7203 Win=65535 Len=0"
"6194","148.937208","10.8.0.1","server-54-230-210-247.ord53.r.cloudfront.net","TCP","54","46874  >  443 [ACK] Seq=518 Ack=2807 Win=65535 Len=0"
"6195","148.937231","10.8.0.1","199.232.6.133","TCP","54","34674  >  443 [ACK] Seq=518 Ack=4743 Win=65535 Len=0"
"6196","148.937251","10.8.0.1","199.232.6.133","TCP","54","34678  >  443 [ACK] Seq=518 Ack=4033 Win=65535 Len=0"
"6197","148.937270","10.8.0.1","199.232.6.133","TCP","54","34680  >  443 [ACK] Seq=518 Ack=4737 Win=65535 Len=0"
"6198","148.937288","10.8.0.1","199.232.5.208","TCP","54","55432  >  443 [ACK] Seq=518 Ack=4730 Win=65535 Len=0"
"6199","148.937306","10.8.0.1","199.232.6.133","TCP","54","34676  >  443 [ACK] Seq=518 Ack=4743 Win=65535 Len=0"
"6200","148.937323","10.8.0.1","ord37s35-in-f14.1e100.net","TCP","54","[TCP Dup ACK 6193#1] 34930  >  443 [ACK] Seq=1138 Ack=7203 Win=65535 Len=0"
"6201","148.937339","10.8.0.1","ord37s35-in-f14.1e100.net","TCP","54","[TCP Dup ACK 6193#2] 34930  >  443 [ACK] Seq=1138 Ack=7203 Win=65535 Len=0"
"6202","148.938882","ord37s32-in-f3.1e100.net","10.8.0.1","TLSv1.3","1432","Server Hello, Change Cipher Spec"
"6203","148.938936","10.8.0.1","ord37s32-in-f3.1e100.net","TCP","54","57828  >  443 [ACK] Seq=518 Ack=1379 Win=65535 Len=0"
"6204","148.939025","ord37s32-in-f3.1e100.net","10.8.0.1","TCP","2850","443  >  57828 [PSH, ACK] Seq=1379 Ack=518 Win=65535 Len=2796 [TCP segment of a reassembled PDU]"
"6205","148.939053","10.8.0.1","ord37s32-in-f3.1e100.net","TCP","54","57828  >  443 [ACK] Seq=518 Ack=4175 Win=65535 Len=0"
"6206","148.946193","10.8.0.1","ord37s35-in-f14.1e100.net","TLSv1.3","78","Application Data"
"6207","148.946268","ord37s35-in-f14.1e100.net","10.8.0.1","TCP","54","443  >  34930 [ACK] Seq=7203 Ack=1139 Win=65535 Len=0"
"6208","148.946343","ord37s35-in-f14.1e100.net","10.8.0.1","TCP","54","443  >  34930 [FIN, ACK] Seq=7203 Ack=1139 Win=65535 Len=0"
"6209","148.946366","10.8.0.1","ord37s35-in-f14.1e100.net","TCP","54","34930  >  443 [ACK] Seq=1163 Ack=7204 Win=65535 Len=0"
"6210","148.960249","a23-35-209-55.deploy.static.akamaitechnologies.com","10.8.0.1","TLSv1.2","1432","Server Hello"
"6211","148.960286","10.8.0.1","a23-35-209-55.deploy.static.akamaitechnologies.com","TCP","54","39488  >  443 [ACK] Seq=518 Ack=1379 Win=65535 Len=0"
"6212","148.965027","a23-35-209-55.deploy.static.akamaitechnologies.com","10.8.0.1","TCP","1432","443  >  39488 [PSH, ACK] Seq=1379 Ack=518 Win=65535 Len=1378 [TCP segment of a reassembled PDU]"
"6213","148.965053","10.8.0.1","199.232.5.208","TLSv1.2","147","Client Key Exchange, Change Cipher Spec, Encrypted Handshake Message"
"6214","148.965083","199.232.5.208","10.8.0.1","TCP","54","443  >  55432 [ACK] Seq=4730 Ack=611 Win=65535 Len=0"
"6215","148.965093","10.8.0.1","a23-35-209-55.deploy.static.akamaitechnologies.com","TCP","54","39488  >  443 [ACK] Seq=518 Ack=2757 Win=65535 Len=0"
"6216","148.965171","a23-35-209-55.deploy.static.akamaitechnologies.com","10.8.0.1","TLSv1.2","1023","Certificate, Certificate Status, Server Key Exchange, Server Hello Done"
"6217","148.965218","a23-35-209-55.deploy.static.akamaitechnologies.com","10.8.0.1","TLSv1.2","1432","Server Hello"
"6218","148.965244","10.8.0.1","a23-35-209-55.deploy.static.akamaitechnologies.com","TCP","54","39488  >  443 [ACK] Seq=518 Ack=3726 Win=65535 Len=0"
"6219","148.965255","10.8.0.1","a23-35-209-55.deploy.static.akamaitechnologies.com","TCP","54","39492  >  443 [ACK] Seq=518 Ack=1379 Win=65535 Len=0"
"6220","148.966727","10.8.0.1","199.232.6.133","TLSv1.2","147","Client Key Exchange, Change Cipher Spec, Encrypted Handshake Message"
"6221","148.966756","199.232.6.133","10.8.0.1","TCP","54","443  >  34674 [ACK] Seq=4743 Ack=611 Win=65535 Len=0"
"6222","148.967683","10.8.0.1","199.232.6.133","TLSv1.2","147","Client Key Exchange, Change Cipher Spec, Encrypted Handshake Message"
"6223","148.967708","199.232.6.133","10.8.0.1","TCP","54","443  >  34676 [ACK] Seq=4743 Ack=611 Win=65535 Len=0"
"6224","148.970928","a23-35-209-55.deploy.static.akamaitechnologies.com","10.8.0.1","TLSv1.2","2810","Server Hello"
"6225","148.970991","server-54-230-210-247.ord53.r.cloudfront.net","10.8.0.1","TLSv1.3","1241","Application Data, Application Data, Application Data"
"6226","148.971023","a23-35-209-55.deploy.static.akamaitechnologies.com","10.8.0.1","TLSv1.2","2400","Certificate, Certificate Status, Server Key Exchange, Server Hello Done"
"6227","148.971030","10.8.0.1","a23-35-209-55.deploy.static.akamaitechnologies.com","TCP","54","39490  >  443 [ACK] Seq=518 Ack=2757 Win=65535 Len=0"
"6228","148.971056","a23-35-209-55.deploy.static.akamaitechnologies.com","10.8.0.1","TLSv1.2","1022","Certificate, Certificate Status, Server Key Exchange, Server Hello Done"
"6229","148.971071","10.8.0.1","server-54-230-210-247.ord53.r.cloudfront.net","TCP","54","46874  >  443 [ACK] Seq=518 Ack=3994 Win=65535 Len=0"
"6230","148.971106","104.244.42.66","10.8.0.1","TLSv1.3","2780","Server Hello, Change Cipher Spec"
"6231","148.971114","10.8.0.1","a23-35-209-55.deploy.static.akamaitechnologies.com","TCP","54","39492  >  443 [ACK] Seq=518 Ack=3725 Win=65535 Len=0"
"6232","148.971120","10.8.0.1","a23-35-209-55.deploy.static.akamaitechnologies.com","TCP","54","39490  >  443 [ACK] Seq=518 Ack=3725 Win=65535 Len=0"
"6233","148.971126","10.8.0.1","104.244.42.66","TCP","54","55814  >  443 [ACK] Seq=518 Ack=2727 Win=65535 Len=0"
"6234","148.972460","10.8.0.1","199.232.6.133","TLSv1.2","147","Client Key Exchange, Change Cipher Spec, Encrypted Handshake Message"
"6235","148.972480","199.232.6.133","10.8.0.1","TCP","54","443  >  34680 [ACK] Seq=4737 Ack=611 Win=65535 Len=0"
"6236","148.976864","104.244.42.66","10.8.0.1","TLSv1.3","1402","Server Hello, Change Cipher Spec"
"6237","148.976878","10.8.0.1","104.244.42.66","TCP","54","55816  >  443 [ACK] Seq=518 Ack=1349 Win=65535 Len=0"
"6238","148.976906","104.244.42.66","10.8.0.1","TCP","1432","443  >  55816 [PSH, ACK] Seq=1349 Ack=518 Win=65535 Len=1378 [TCP segment of a reassembled PDU]"
"6239","148.976913","10.8.0.1","104.244.42.66","TCP","54","55816  >  443 [ACK] Seq=518 Ack=2727 Win=65535 Len=0"
"6240","149.000389","104.244.42.66","10.8.0.1","TLSv1.3","1432","Server Hello, Change Cipher Spec"
"6241","149.000437","10.8.0.1","104.244.42.66","TCP","54","55812  >  443 [ACK] Seq=518 Ack=1379 Win=65535 Len=0"
"6242","149.003237","10.8.0.1","a23-35-209-55.deploy.static.akamaitechnologies.com","TLSv1.2","180","Client Key Exchange, Change Cipher Spec, Encrypted Handshake Message"
"6243","149.003268","a23-35-209-55.deploy.static.akamaitechnologies.com","10.8.0.1","TCP","54","443  >  39488 [ACK] Seq=3726 Ack=644 Win=65535 Len=0"
"6244","149.004714","10.8.0.1","a23-35-209-55.deploy.static.akamaitechnologies.com","TLSv1.2","180","Client Key Exchange, Change Cipher Spec, Encrypted Handshake Message"
"6245","149.004742","a23-35-209-55.deploy.static.akamaitechnologies.com","10.8.0.1","TCP","54","443  >  39492 [ACK] Seq=3725 Ack=644 Win=65535 Len=0"
"6246","149.004803","104.244.42.66","10.8.0.1","TCP","1432","443  >  55812 [PSH, ACK] Seq=1379 Ack=518 Win=65535 Len=1378 [TCP segment of a reassembled PDU]"
"6247","149.004845","199.232.6.133","10.8.0.1","TLSv1.2","764","Certificate Status, Server Key Exchange, Server Hello Done"
"6248","149.004852","10.8.0.1","104.244.42.66","TCP","54","55812  >  443 [ACK] Seq=518 Ack=2757 Win=65535 Len=0"
"6249","149.004891","104.244.42.66","10.8.0.1","TLSv1.3","643","Application Data"
"6250","149.004904","10.8.0.1","199.232.6.133","TCP","54","34678  >  443 [ACK] Seq=518 Ack=4743 Win=65535 Len=0"
"6251","149.004912","10.8.0.1","104.244.42.66","TCP","54","55812  >  443 [ACK] Seq=518 Ack=3346 Win=65535 Len=0"
"6252","149.007885","10.8.0.1","server-54-230-210-247.ord53.r.cloudfront.net","TLSv1.3","118","Change Cipher Spec, Application Data"
"6253","149.007910","server-54-230-210-247.ord53.r.cloudfront.net","10.8.0.1","TCP","54","443  >  46874 [ACK] Seq=3994 Ack=582 Win=65535 Len=0"
"6254","149.010825","ord37s32-in-f3.1e100.net","10.8.0.1","TLSv1.3","567","Application Data"
"6255","149.010838","10.8.0.1","ord37s32-in-f3.1e100.net","TCP","54","57828  >  443 [ACK] Seq=518 Ack=4688 Win=65535 Len=0"
"6256","149.015806","10.8.0.1","server-54-230-210-247.ord53.r.cloudfront.net","TLSv1.3","321","Application Data"
"6257","149.015838","server-54-230-210-247.ord53.r.cloudfront.net","10.8.0.1","TCP","54","443  >  46874 [ACK] Seq=3994 Ack=849 Win=65535 Len=0"
"6258","149.016806","ord37s32-in-f3.1e100.net","10.8.0.1","TLSv1.3","78","Application Data"
"6259","149.016814","10.8.0.1","ord37s32-in-f3.1e100.net","TCP","54","57828  >  443 [ACK] Seq=518 Ack=4712 Win=65535 Len=0"
"6260","149.016832","ord37s32-in-f3.1e100.net","10.8.0.1","TCP","54","443  >  57828 [FIN, ACK] Seq=4712 Ack=518 Win=65535 Len=0"
"6261","149.016942","104.244.42.66","10.8.0.1","TLSv1.3","673","Application Data"
"6262","149.016954","10.8.0.1","104.244.42.66","TCP","54","55814  >  443 [ACK] Seq=518 Ack=3346 Win=65535 Len=0"
"6263","149.024269","10.8.0.1","199.232.6.133","TLSv1.2","147","Client Key Exchange, Change Cipher Spec, Encrypted Handshake Message"
"6264","149.024325","199.232.6.133","10.8.0.1","TCP","54","443  >  34678 [ACK] Seq=4743 Ack=611 Win=65535 Len=0"
"6265","149.026267","10.8.0.1","a23-35-209-55.deploy.static.akamaitechnologies.com","TLSv1.2","180","Client Key Exchange, Change Cipher Spec, Encrypted Handshake Message"
"6266","149.026290","a23-35-209-55.deploy.static.akamaitechnologies.com","10.8.0.1","TCP","54","443  >  39490 [ACK] Seq=3725 Ack=644 Win=65535 Len=0"
"6267","149.028620","10.8.0.1","104.244.42.66","TLSv1.3","118","Change Cipher Spec, Application Data"
"6268","149.028638","104.244.42.66","10.8.0.1","TCP","54","443  >  55812 [ACK] Seq=3346 Ack=582 Win=65535 Len=0"
"6269","149.031152","10.8.0.1","104.244.42.66","TLSv1.3","118","Change Cipher Spec, Application Data"
"6270","149.031165","104.244.42.66","10.8.0.1","TCP","54","443  >  55814 [ACK] Seq=3346 Ack=582 Win=65535 Len=0"
"6271","149.032058","199.232.5.208","10.8.0.1","TLSv1.2","328","New Session Ticket, Change Cipher Spec, Encrypted Handshake Message"
"6272","149.032064","10.8.0.1","199.232.5.208","TCP","54","55432  >  443 [ACK] Seq=611 Ack=5004 Win=65535 Len=0"
"6273","149.032315","10.8.0.1","104.244.42.66","TLSv1.3","100","Application Data"
"6274","149.032326","104.244.42.66","10.8.0.1","TCP","54","443  >  55812 [ACK] Seq=3346 Ack=628 Win=65535 Len=0"
"6275","149.032403","10.8.0.1","104.244.42.66","TLSv1.3","91","Application Data"
"6276","149.032412","104.244.42.66","10.8.0.1","TCP","54","443  >  55812 [ACK] Seq=3346 Ack=665 Win=65535 Len=0"
"6277","149.032462","10.8.0.1","104.244.42.66","TLSv1.3","89","Application Data"
"6278","149.032470","104.244.42.66","10.8.0.1","TCP","54","443  >  55812 [ACK] Seq=3346 Ack=700 Win=65535 Len=0"
"6279","149.034253","10.8.0.1","ord37s32-in-f3.1e100.net","TLSv1.3","118","Change Cipher Spec, Application Data"
"6280","149.034415","10.8.0.1","104.244.42.66","TLSv1.3","100","Application Data"
"6281","149.034425","104.244.42.66","10.8.0.1","TCP","54","443  >  55814 [ACK] Seq=3346 Ack=628 Win=65535 Len=0"
"6282","149.034473","10.8.0.1","104.244.42.66","TCP","590","55812  >  443 [ACK] Seq=700 Ack=3346 Win=65535 Len=536 [TCP segment of a reassembled PDU]"
"6283","149.034483","104.244.42.66","10.8.0.1","TCP","54","443  >  55812 [ACK] Seq=3346 Ack=1236 Win=65535 Len=0"
"6284","149.034488","10.8.0.1","104.244.42.66","TCP","590","55812  >  443 [PSH, ACK] Seq=1236 Ack=3346 Win=65535 Len=536 [TCP segment of a reassembled PDU]"
"6285","149.034498","104.244.42.66","10.8.0.1","TCP","54","443  >  55812 [ACK] Seq=3346 Ack=1772 Win=65535 Len=0"
"6286","149.034502","10.8.0.1","104.244.42.66","TLSv1.3","91","Application Data"
"6287","149.034510","104.244.42.66","10.8.0.1","TCP","54","443  >  55814 [ACK] Seq=3346 Ack=665 Win=65535 Len=0"
"6288","149.034519","10.8.0.1","104.244.42.66","TCP","590","55812  >  443 [ACK] Seq=1772 Ack=3346 Win=65535 Len=536 [TCP segment of a reassembled PDU]"
"6289","149.034529","104.244.42.66","10.8.0.1","TCP","54","443  >  55812 [ACK] Seq=3346 Ack=2308 Win=65535 Len=0"
"6290","149.034537","10.8.0.1","104.244.42.66","TCP","590","55812  >  443 [PSH, ACK] Seq=2308 Ack=3346 Win=65535 Len=536 [TCP segment of a reassembled PDU]"
"6291","149.034546","104.244.42.66","10.8.0.1","TCP","54","443  >  55812 [ACK] Seq=3346 Ack=2844 Win=65535 Len=0"
"6292","149.034550","10.8.0.1","104.244.42.66","TLSv1.3","575","Application Data"
"6293","149.034560","104.244.42.66","10.8.0.1","TCP","54","443  >  55812 [ACK] Seq=3346 Ack=3365 Win=65535 Len=0"
"6294","149.034581","10.8.0.1","104.244.42.66","TLSv1.3","89","Application Data"
"6295","149.034595","104.244.42.66","10.8.0.1","TCP","54","443  >  55814 [ACK] Seq=3346 Ack=700 Win=65535 Len=0"
"6296","149.034600","10.8.0.1","104.244.42.66","TLSv1.3","85","Application Data"
"6297","149.034608","104.244.42.66","10.8.0.1","TCP","54","443  >  55812 [ACK] Seq=3346 Ack=3396 Win=65535 Len=0"
"6298","149.036365","10.8.0.1","199.232.5.208","TCP","590","55432  >  443 [ACK] Seq=611 Ack=5004 Win=65535 Len=536 [TCP segment of a reassembled PDU]"
"6299","149.036376","199.232.5.208","10.8.0.1","TCP","54","443  >  55432 [ACK] Seq=5004 Ack=1147 Win=65535 Len=0"
"6300","149.036381","10.8.0.1","199.232.5.208","TLSv1.2","259","Application Data"
"6301","149.036391","199.232.5.208","10.8.0.1","TCP","54","443  >  55432 [ACK] Seq=5004 Ack=1352 Win=65535 Len=0"
"6302","149.036814","199.232.6.133","10.8.0.1","TLSv1.2","312","New Session Ticket, Change Cipher Spec, Encrypted Handshake Message"
"6303","149.036841","199.232.6.133","10.8.0.1","TLSv1.2","312","New Session Ticket, Change Cipher Spec, Encrypted Handshake Message"
"6304","149.036846","10.8.0.1","199.232.6.133","TCP","54","34676  >  443 [ACK] Seq=611 Ack=5001 Win=65535 Len=0"
"6305","149.036851","10.8.0.1","199.232.6.133","TCP","54","34674  >  443 [ACK] Seq=611 Ack=5001 Win=65535 Len=0"
"6306","149.038042","10.8.0.1","199.232.6.133","TLSv1.2","354","Application Data"
"6307","149.038053","199.232.6.133","10.8.0.1","TCP","54","443  >  34676 [ACK] Seq=5001 Ack=911 Win=65535 Len=0"
"6308","149.039567","10.8.0.1","199.232.6.133","TLSv1.2","357","Application Data"
"6309","149.039577","199.232.6.133","10.8.0.1","TCP","54","443  >  34674 [ACK] Seq=5001 Ack=914 Win=65535 Len=0"
"6310","149.041974","10.8.0.1","104.244.42.66","TLSv1.3","78","Application Data"
"6311","149.041992","104.244.42.66","10.8.0.1","TCP","54","443  >  55814 [ACK] Seq=3346 Ack=724 Win=65535 Len=0"
"6312","149.042938","10.8.0.1","104.244.42.66","TLSv1.3","432","Application Data"
"6313","149.042954","104.244.42.66","10.8.0.1","TCP","54","443  >  55812 [ACK] Seq=3346 Ack=3774 Win=65535 Len=0"
"6314","149.059647","10.8.0.1","ord37s32-in-f3.1e100.net","TCP","590","57828  >  443 [ACK] Seq=582 Ack=4713 Win=65535 Len=536 [TCP segment of a reassembled PDU]"
"6315","149.074099","104.244.42.66","10.8.0.1","TLSv1.3","673","Application Data"
"6316","149.074106","10.8.0.1","104.244.42.66","TCP","54","55816  >  443 [ACK] Seq=518 Ack=3346 Win=65535 Len=0"
"6317","149.076140","10.8.0.1","104.244.42.66","TLSv1.3","118","Change Cipher Spec, Application Data"
"6318","149.076152","104.244.42.66","10.8.0.1","TCP","54","443  >  55816 [ACK] Seq=3346 Ack=582 Win=65535 Len=0"
"6319","149.076880","10.8.0.1","104.244.42.66","TLSv1.3","100","Application Data"
"6320","149.076890","104.244.42.66","10.8.0.1","TCP","54","443  >  55816 [ACK] Seq=3346 Ack=628 Win=65535 Len=0"
"6321","149.076957","10.8.0.1","104.244.42.66","TLSv1.3","91","Application Data"
"6322","149.076965","104.244.42.66","10.8.0.1","TCP","54","443  >  55816 [ACK] Seq=3346 Ack=665 Win=65535 Len=0"
"6323","149.077015","10.8.0.1","104.244.42.66","TLSv1.3","89","Application Data"
"6324","149.077024","104.244.42.66","10.8.0.1","TCP","54","443  >  55816 [ACK] Seq=3346 Ack=700 Win=65535 Len=0"
"6325","149.077297","10.8.0.1","104.244.42.66","TLSv1.3","78","Application Data"
"6326","149.077306","104.244.42.66","10.8.0.1","TCP","54","443  >  55816 [ACK] Seq=3346 Ack=724 Win=65535 Len=0"
"6327","149.078153","10.8.0.1","104.244.42.66","TLSv1.3","417","Application Data"
"6328","149.078164","104.244.42.66","10.8.0.1","TCP","54","443  >  55812 [ACK] Seq=3346 Ack=4137 Win=65535 Len=0"
"6329","149.084851","199.232.6.133","10.8.0.1","TLSv1.2","312","New Session Ticket, Change Cipher Spec, Encrypted Handshake Message"
"6330","149.084857","10.8.0.1","199.232.6.133","TCP","54","34680  >  443 [ACK] Seq=611 Ack=4995 Win=65535 Len=0"
"6331","149.089779","10.8.0.1","199.232.6.133","TLSv1.2","107","Application Data"
"6332","149.089797","199.232.6.133","10.8.0.1","TCP","54","443  >  34680 [ACK] Seq=4995 Ack=664 Win=65535 Len=0"
"6333","149.090036","10.8.0.1","199.232.6.133","TLSv1.2","98","Application Data"
"6334","149.090046","199.232.6.133","10.8.0.1","TCP","54","443  >  34680 [ACK] Seq=4995 Ack=708 Win=65535 Len=0"
"6335","149.090193","10.8.0.1","199.232.6.133","TLSv1.2","96","Application Data"
"6336","149.090202","199.232.6.133","10.8.0.1","TCP","54","443  >  34680 [ACK] Seq=4995 Ack=750 Win=65535 Len=0"
"6337","149.091898","10.8.0.1","199.232.6.133","TLSv1.2","230","Application Data"
"6338","149.091909","199.232.6.133","10.8.0.1","TCP","54","443  >  34680 [ACK] Seq=4995 Ack=926 Win=65535 Len=0"
"6339","149.130907","199.232.6.133","10.8.0.1","TLSv1.2","312","New Session Ticket, Change Cipher Spec, Encrypted Handshake Message"
"6340","149.130916","10.8.0.1","199.232.6.133","TCP","54","34678  >  443 [ACK] Seq=611 Ack=5001 Win=65535 Len=0"
"6341","149.133225","10.8.0.1","199.232.6.133","TLSv1.2","364","Application Data"
"6342","149.133246","199.232.6.133","10.8.0.1","TCP","54","443  >  34678 [ACK] Seq=5001 Ack=921 Win=65535 Len=0"
"6343","149.136889","199.232.6.133","10.8.0.1","TLSv1.2","1398","Application Data"
"6344","149.136896","10.8.0.1","199.232.6.133","TCP","54","34674  >  443 [ACK] Seq=914 Ack=6345 Win=65535 Len=0"
"6345","149.137082","199.232.6.133","10.8.0.1","TLSv1.2","1300","Application Data, Application Data"
"6346","149.137088","10.8.0.1","199.232.6.133","TCP","54","34676  >  443 [ACK] Seq=911 Ack=6247 Win=65535 Len=0"
"6347","149.150259","10.8.0.1","199.232.6.133","TCP","74","34718  >  443 [SYN] Seq=0 Win=65535 Len=0 MSS=1460 SACK_PERM=1 TSval=207011877 TSecr=0 WS=1024"
"6348","149.152755","199.232.6.133","10.8.0.1","TCP","54","443  >  34718 [SYN, ACK] Seq=0 Ack=1 Win=65535 Len=0"
"6349","149.152794","10.8.0.1","199.232.6.133","TCP","54","34718  >  443 [ACK] Seq=1 Ack=1 Win=65535 Len=0"
"6350","149.152851","a23-35-209-55.deploy.static.akamaitechnologies.com","10.8.0.1","TLSv1.2","312","New Session Ticket, Change Cipher Spec, Encrypted Handshake Message"
"6351","149.152887","a23-35-209-55.deploy.static.akamaitechnologies.com","10.8.0.1","TLSv1.2","312","New Session Ticket, Change Cipher Spec, Encrypted Handshake Message"
"6352","149.152908","10.8.0.1","a23-35-209-55.deploy.static.akamaitechnologies.com","TCP","54","39492  >  443 [ACK] Seq=644 Ack=3983 Win=65535 Len=0"
"6353","149.152913","10.8.0.1","a23-35-209-55.deploy.static.akamaitechnologies.com","TCP","54","39488  >  443 [ACK] Seq=644 Ack=3984 Win=65535 Len=0"
"6354","149.154611","10.8.0.1","a23-35-209-55.deploy.static.akamaitechnologies.com","TLSv1.2","107","Application Data"
"6355","149.154626","a23-35-209-55.deploy.static.akamaitechnologies.com","10.8.0.1","TCP","54","443  >  39492 [ACK] Seq=3983 Ack=697 Win=65535 Len=0"
"6356","149.154789","a23-35-209-55.deploy.static.akamaitechnologies.com","10.8.0.1","TLSv1.2","312","New Session Ticket, Change Cipher Spec, Encrypted Handshake Message"
"6357","149.154795","10.8.0.1","a23-35-209-55.deploy.static.akamaitechnologies.com","TCP","54","39490  >  443 [ACK] Seq=644 Ack=3983 Win=65535 Len=0"
"6358","149.154800","10.8.0.1","a23-35-209-55.deploy.static.akamaitechnologies.com","TLSv1.2","98","Application Data"
"6359","149.154809","a23-35-209-55.deploy.static.akamaitechnologies.com","10.8.0.1","TCP","54","443  >  39492 [ACK] Seq=3983 Ack=741 Win=65535 Len=0"
"6360","149.154939","10.8.0.1","a23-35-209-55.deploy.static.akamaitechnologies.com","TLSv1.2","107","Application Data"
"6361","149.154948","a23-35-209-55.deploy.static.akamaitechnologies.com","10.8.0.1","TCP","54","443  >  39488 [ACK] Seq=3984 Ack=697 Win=65535 Len=0"
"6362","149.154975","10.8.0.1","a23-35-209-55.deploy.static.akamaitechnologies.com","TLSv1.2","96","Application Data"
"6363","149.154984","a23-35-209-55.deploy.static.akamaitechnologies.com","10.8.0.1","TCP","54","443  >  39492 [ACK] Seq=3983 Ack=783 Win=65535 Len=0"
"6364","149.154989","10.8.0.1","199.232.6.133","TLSv1.2","571","Client Hello"
"6365","149.154999","199.232.6.133","10.8.0.1","TCP","54","443  >  34718 [ACK] Seq=1 Ack=518 Win=65535 Len=0"
"6366","149.155132","10.8.0.1","a23-35-209-55.deploy.static.akamaitechnologies.com","TLSv1.2","98","Application Data"
"6367","149.155141","a23-35-209-55.deploy.static.akamaitechnologies.com","10.8.0.1","TCP","54","443  >  39488 [ACK] Seq=3984 Ack=741 Win=65535 Len=0"
"6368","149.155297","10.8.0.1","a23-35-209-55.deploy.static.akamaitechnologies.com","TLSv1.2","96","Application Data"
"6369","149.155306","a23-35-209-55.deploy.static.akamaitechnologies.com","10.8.0.1","TCP","54","443  >  39488 [ACK] Seq=3984 Ack=783 Win=65535 Len=0"
"6370","149.155862","10.8.0.1","a23-35-209-55.deploy.static.akamaitechnologies.com","TLSv1.2","158","Application Data"
"6371","149.155874","a23-35-209-55.deploy.static.akamaitechnologies.com","10.8.0.1","TCP","54","443  >  39492 [ACK] Seq=3983 Ack=887 Win=65535 Len=0"
"6372","149.156173","10.8.0.1","a23-35-209-55.deploy.static.akamaitechnologies.com","TLSv1.2","481","Application Data"
"6373","149.156184","a23-35-209-55.deploy.static.akamaitechnologies.com","10.8.0.1","TCP","54","443  >  39488 [ACK] Seq=3984 Ack=1210 Win=65535 Len=0"
"6374","149.157355","10.8.0.1","a23-35-209-55.deploy.static.akamaitechnologies.com","TLSv1.2","107","Application Data"
"6375","149.157364","a23-35-209-55.deploy.static.akamaitechnologies.com","10.8.0.1","TCP","54","443  >  39490 [ACK] Seq=3983 Ack=697 Win=65535 Len=0"
"6376","149.157528","10.8.0.1","a23-35-209-55.deploy.static.akamaitechnologies.com","TLSv1.2","98","Application Data"
"6377","149.157538","a23-35-209-55.deploy.static.akamaitechnologies.com","10.8.0.1","TCP","54","443  >  39490 [ACK] Seq=3983 Ack=741 Win=65535 Len=0"
"6378","149.157694","10.8.0.1","a23-35-209-55.deploy.static.akamaitechnologies.com","TLSv1.2","96","Application Data"
"6379","149.157703","a23-35-209-55.deploy.static.akamaitechnologies.com","10.8.0.1","TCP","54","443  >  39490 [ACK] Seq=3983 Ack=783 Win=65535 Len=0"
"6380","149.158761","10.8.0.1","a23-35-209-55.deploy.static.akamaitechnologies.com","TCP","54","39490  >  443 [FIN, ACK] Seq=783 Ack=3983 Win=65535 Len=0"
"6381","149.158871","a23-35-209-55.deploy.static.akamaitechnologies.com","10.8.0.1","TCP","54","443  >  39490 [ACK] Seq=3983 Ack=784 Win=65535 Len=0"
"6382","149.158912","a23-35-209-55.deploy.static.akamaitechnologies.com","10.8.0.1","TCP","54","443  >  39490 [FIN, ACK] Seq=3983 Ack=784 Win=65535 Len=0"
"6383","149.158957","10.8.0.1","a23-35-209-55.deploy.static.akamaitechnologies.com","TCP","54","39490  >  443 [ACK] Seq=784 Ack=3984 Win=65535 Len=0"
"6384","149.158998","199.232.6.133","10.8.0.1","TLSv1.2","111","Application Data"
"6385","149.159013","10.8.0.1","199.232.6.133","TCP","54","34680  >  443 [ACK] Seq=926 Ack=5052 Win=65535 Len=0"
"6386","149.159484","10.8.0.1","a23-35-209-55.deploy.static.akamaitechnologies.com","TLSv1.2","186","Application Data"
"6387","149.159498","a23-35-209-55.deploy.static.akamaitechnologies.com","10.8.0.1","TCP","54","443  >  39488 [ACK] Seq=3984 Ack=1342 Win=65535 Len=0"
"6388","149.160175","10.8.0.1","199.232.6.133","TLSv1.2","92","Application Data"
"6389","149.160185","199.232.6.133","10.8.0.1","TCP","54","443  >  34680 [ACK] Seq=5052 Ack=964 Win=65535 Len=0"
"6390","149.161030","104.244.42.66","10.8.0.1","TLSv1.3","581","Application Data, Application Data"
"6391","149.161035","10.8.0.1","104.244.42.66","TCP","54","55812  >  443 [ACK] Seq=4137 Ack=3873 Win=65535 Len=0"
"6392","149.163433","10.8.0.1","104.244.42.66","TLSv1.3","85","Application Data"
"6393","149.163444","104.244.42.66","10.8.0.1","TCP","54","443  >  55812 [ACK] Seq=3873 Ack=4168 Win=65535 Len=0"
"6394","149.166948","199.232.5.208","10.8.0.1","TLSv1.2","799","Application Data, Application Data, Application Data, Application Data"
"6395","149.166954","10.8.0.1","199.232.5.208","TCP","54","55432  >  443 [ACK] Seq=1352 Ack=5749 Win=65535 Len=0"
"6396","149.168414","10.8.0.1","199.232.5.208","TCP","54","55432  >  443 [FIN, ACK] Seq=1352 Ack=5749 Win=65535 Len=0"
"6397","149.168481","199.232.5.208","10.8.0.1","TCP","54","443  >  55432 [ACK] Seq=5749 Ack=1353 Win=65535 Len=0"
"6398","149.168512","199.232.5.208","10.8.0.1","TCP","54","443  >  55432 [FIN, ACK] Seq=5749 Ack=1353 Win=65535 Len=0"
"6399","149.168554","10.8.0.1","199.232.5.208","TCP","54","55432  >  443 [ACK] Seq=1353 Ack=5750 Win=65535 Len=0"
"6400","149.198033","199.232.6.133","10.8.0.1","TLSv1.2","498","Application Data"
"6401","149.198042","10.8.0.1","199.232.6.133","TCP","54","34674  >  443 [ACK] Seq=914 Ack=6789 Win=65535 Len=0"
"6402","149.222786","199.232.6.133","10.8.0.1","TLSv1.2","1244","Application Data, Application Data"
"6403","149.222805","10.8.0.1","199.232.6.133","TCP","54","34678  >  443 [ACK] Seq=921 Ack=6191 Win=65535 Len=0"
"6404","149.233374","199.232.6.133","10.8.0.1","TLSv1.2","92","Application Data"
"6405","149.234865","a23-35-209-55.deploy.static.akamaitechnologies.com","10.8.0.1","TLSv1.2","122","Application Data"
"6406","149.234889","a23-35-209-55.deploy.static.akamaitechnologies.com","10.8.0.1","TLSv1.2","122","Application Data"
"6407","149.234894","10.8.0.1","a23-35-209-55.deploy.static.akamaitechnologies.com","TCP","54","39492  >  443 [ACK] Seq=887 Ack=4051 Win=65535 Len=0"
"6408","149.234899","10.8.0.1","a23-35-209-55.deploy.static.akamaitechnologies.com","TCP","54","39488  >  443 [ACK] Seq=1342 Ack=4052 Win=65535 Len=0"
"6409","149.236315","10.8.0.1","a23-35-209-55.deploy.static.akamaitechnologies.com","TLSv1.2","92","Application Data"
"6410","149.236327","a23-35-209-55.deploy.static.akamaitechnologies.com","10.8.0.1","TCP","54","443  >  39488 [ACK] Seq=4052 Ack=1380 Win=65535 Len=0"
"6411","149.236331","10.8.0.1","a23-35-209-55.deploy.static.akamaitechnologies.com","TLSv1.2","92","Application Data"
"6412","149.236340","a23-35-209-55.deploy.static.akamaitechnologies.com","10.8.0.1","TCP","54","443  >  39492 [ACK] Seq=4051 Ack=925 Win=65535 Len=0"
"6413","149.269822","10.8.0.1","199.232.6.133","TCP","54","34680  >  443 [ACK] Seq=964 Ack=5090 Win=65535 Len=0"
"6414","149.271927","104.244.42.66","10.8.0.1","TLSv1.3","740","Application Data"
"6415","149.272097","10.8.0.1","104.244.42.66","TCP","54","55812  >  443 [ACK] Seq=4168 Ack=4559 Win=65535 Len=0"
"6416","149.275913","199.232.6.133","10.8.0.1","TLSv1.2","257","Application Data"
"6417","149.275918","10.8.0.1","199.232.6.133","TCP","54","34680  >  443 [ACK] Seq=964 Ack=5293 Win=65535 Len=0"
"6418","149.290335","199.232.6.133","10.8.0.1","TLSv1.2","2810","Server Hello"
"6419","149.290364","10.8.0.1","199.232.6.133","TCP","54","34718  >  443 [ACK] Seq=518 Ack=2757 Win=65535 Len=0"
"6420","149.292817","199.232.6.133","10.8.0.1","TLSv1.2","1330","Certificate [TCP segment of a reassembled PDU]"
"6421","149.292823","10.8.0.1","199.232.6.133","TCP","54","34718  >  443 [ACK] Seq=518 Ack=4033 Win=65535 Len=0"
"6422","149.322190","server-54-230-210-247.ord53.r.cloudfront.net","10.8.0.1","TLSv1.3","679","Application Data"
"6423","149.322220","104.244.42.66","10.8.0.1","TLSv1.3","528","Application Data, Application Data"
"6424","149.322225","10.8.0.1","server-54-230-210-247.ord53.r.cloudfront.net","TCP","54","46874  >  443 [ACK] Seq=849 Ack=4619 Win=65535 Len=0"
"6425","149.322231","10.8.0.1","104.244.42.66","TCP","54","55814  >  443 [ACK] Seq=724 Ack=3820 Win=65535 Len=0"
"6426","149.322260","104.244.42.66","10.8.0.1","TCP","54","443  >  55814 [FIN, ACK] Seq=3820 Ack=724 Win=65535 Len=0"
"6427","149.324822","a23-35-209-55.deploy.static.akamaitechnologies.com","10.8.0.1","TLSv1.2","92","Application Data"
"6428","149.324844","a23-35-209-55.deploy.static.akamaitechnologies.com","10.8.0.1","TLSv1.2","92","Application Data"
"6429","149.324848","10.8.0.1","a23-35-209-55.deploy.static.akamaitechnologies.com","TCP","54","39488  >  443 [ACK] Seq=1380 Ack=4090 Win=65535 Len=0"
"6430","149.324872","104.244.42.66","10.8.0.1","TLSv1.3","912","Application Data"
"6431","149.325928","10.8.0.1","104.244.42.66","TCP","54","55816  >  443 [FIN, ACK] Seq=724 Ack=3346 Win=65535 Len=0"
"6432","149.326053","104.244.42.66","10.8.0.1","TCP","54","443  >  55816 [ACK] Seq=3346 Ack=725 Win=65535 Len=0"
"6433","149.326099","104.244.42.66","10.8.0.1","TCP","54","443  >  55816 [FIN, ACK] Seq=3346 Ack=725 Win=65535 Len=0"
"6434","149.326138","10.8.0.1","104.244.42.66","TCP","54","55814  >  443 [RST, ACK] Seq=724 Ack=3821 Win=65535 Len=0"
"6435","149.326145","10.8.0.1","104.244.42.66","TCP","54","55816  >  443 [ACK] Seq=725 Ack=3347 Win=65535 Len=0"
"6436","149.326151","10.8.0.1","104.244.42.66","TCP","54","55812  >  443 [ACK] Seq=4168 Ack=5417 Win=65535 Len=0"
"6437","149.360147","a23-35-209-55.deploy.static.akamaitechnologies.com","10.8.0.1","TCP","1432","443  >  39488 [PSH, ACK] Seq=4090 Ack=1380 Win=65535 Len=1378 [TCP segment of a reassembled PDU]"
"6438","149.360163","10.8.0.1","a23-35-209-55.deploy.static.akamaitechnologies.com","TCP","54","39488  >  443 [ACK] Seq=1380 Ack=5468 Win=65535 Len=0"
"6439","149.360716","199.232.6.133","10.8.0.1","TLSv1.2","758","Certificate Status, Server Key Exchange, Server Hello Done"
"6440","149.360721","10.8.0.1","199.232.6.133","TCP","54","34718  >  443 [ACK] Seq=518 Ack=4737 Win=65535 Len=0"
"6441","149.360740","a23-35-209-55.deploy.static.akamaitechnologies.com","10.8.0.1","TLSv1.2","1432","Application Data [TCP segment of a reassembled PDU]"
"6442","149.360761","10.8.0.1","a23-35-209-55.deploy.static.akamaitechnologies.com","TCP","54","39488  >  443 [ACK] Seq=1380 Ack=6846 Win=65535 Len=0"
"6443","149.361824","10.8.0.1","a23-35-209-55.deploy.static.akamaitechnologies.com","TCP","54","39492  >  443 [ACK] Seq=925 Ack=4089 Win=65535 Len=0"
"6444","149.379026","10.8.0.1","199.232.6.133","TLSv1.2","147","Client Key Exchange, Change Cipher Spec, Encrypted Handshake Message"
"6445","149.379046","199.232.6.133","10.8.0.1","TCP","54","443  >  34718 [ACK] Seq=4737 Ack=611 Win=65535 Len=0"
"6446","149.388848","a23-35-209-55.deploy.static.akamaitechnologies.com","10.8.0.1","TLSv1.2","1030","Application Data"
"6447","149.388871","10.8.0.1","a23-35-209-55.deploy.static.akamaitechnologies.com","TCP","54","39492  >  443 [ACK] Seq=925 Ack=5065 Win=65535 Len=0"
"6448","149.410949","a23-35-209-55.deploy.static.akamaitechnologies.com","10.8.0.1","TLSv1.2","133","Application Data"
"6449","149.410960","10.8.0.1","a23-35-209-55.deploy.static.akamaitechnologies.com","TCP","54","39488  >  443 [ACK] Seq=1380 Ack=6925 Win=65535 Len=0"
"6450","149.436041","199.232.6.133","10.8.0.1","TLSv1.2","312","New Session Ticket, Change Cipher Spec, Encrypted Handshake Message"
"6451","149.436049","10.8.0.1","199.232.6.133","TCP","54","34718  >  443 [ACK] Seq=611 Ack=4995 Win=65535 Len=0"
"6452","149.438080","10.8.0.1","199.232.6.133","TLSv1.2","107","Application Data"
"6453","149.438096","199.232.6.133","10.8.0.1","TCP","54","443  >  34718 [ACK] Seq=4995 Ack=664 Win=65535 Len=0"
"6454","149.438275","10.8.0.1","199.232.6.133","TLSv1.2","98","Application Data"
"6455","149.438286","199.232.6.133","10.8.0.1","TCP","54","443  >  34718 [ACK] Seq=4995 Ack=708 Win=65535 Len=0"
"6456","149.438437","10.8.0.1","199.232.6.133","TLSv1.2","96","Application Data"
"6457","149.438445","199.232.6.133","10.8.0.1","TCP","54","443  >  34718 [ACK] Seq=4995 Ack=750 Win=65535 Len=0"
"6458","149.439150","10.8.0.1","199.232.6.133","TLSv1.2","252","Application Data"
"6459","149.439162","199.232.6.133","10.8.0.1","TCP","54","443  >  34718 [ACK] Seq=4995 Ack=948 Win=65535 Len=0"
"6460","149.504081","199.232.6.133","10.8.0.1","TLSv1.2","111","Application Data"
"6461","149.504105","10.8.0.1","199.232.6.133","TCP","54","34718  >  443 [ACK] Seq=948 Ack=5052 Win=65535 Len=0"
"6462","149.513573","10.8.0.1","199.232.6.133","TLSv1.2","92","Application Data"
"6463","149.513590","199.232.6.133","10.8.0.1","TCP","54","443  >  34718 [ACK] Seq=5052 Ack=986 Win=65535 Len=0"
"6464","149.515576","10.8.0.1","ec2-35-171-137-144.compute-1.amazonaws.com","TCP","74","48680  >  443 [SYN] Seq=0 Win=65535 Len=0 MSS=1460 SACK_PERM=1 TSval=3630099762 TSecr=0 WS=1024"
"6465","149.517397","ec2-35-171-137-144.compute-1.amazonaws.com","10.8.0.1","TCP","54","443  >  48680 [SYN, ACK] Seq=0 Ack=1 Win=65535 Len=0"
"6466","149.517432","10.8.0.1","ec2-35-171-137-144.compute-1.amazonaws.com","TCP","54","48680  >  443 [ACK] Seq=1 Ack=1 Win=65535 Len=0"
"6467","149.519844","10.8.0.1","ec2-35-171-137-144.compute-1.amazonaws.com","TLSv1.2","571","Client Hello"
"6468","149.519865","ec2-35-171-137-144.compute-1.amazonaws.com","10.8.0.1","TCP","54","443  >  48680 [ACK] Seq=1 Ack=518 Win=65535 Len=0"
"6469","149.576819","199.232.6.133","10.8.0.1","TLSv1.2","92","Application Data"
"6470","149.613842","10.8.0.1","199.232.6.133","TCP","54","34718  >  443 [ACK] Seq=986 Ack=5090 Win=65535 Len=0"
"6471","149.630077","199.232.6.133","10.8.0.1","TLSv1.2","271","Application Data"
"6472","149.630085","10.8.0.1","199.232.6.133","TCP","54","34718  >  443 [ACK] Seq=986 Ack=5307 Win=65535 Len=0"
"6473","149.693173","ec2-35-171-137-144.compute-1.amazonaws.com","10.8.0.1","TLSv1.2","1432","Server Hello"
"6474","149.693196","10.8.0.1","ec2-35-171-137-144.compute-1.amazonaws.com","TCP","54","48680  >  443 [ACK] Seq=518 Ack=1379 Win=65535 Len=0"
"6475","149.694823","ec2-35-171-137-144.compute-1.amazonaws.com","10.8.0.1","TCP","2810","443  >  48680 [PSH, ACK] Seq=1379 Ack=518 Win=65535 Len=2756 [TCP segment of a reassembled PDU]"
"6476","149.694851","10.8.0.1","ec2-35-171-137-144.compute-1.amazonaws.com","TCP","54","48680  >  443 [ACK] Seq=518 Ack=4135 Win=65535 Len=0"
"6477","149.702799","10.8.0.1","server-54-230-210-247.ord53.r.cloudfront.net","TLSv1.3","78","Application Data"
"6478","149.702821","server-54-230-210-247.ord53.r.cloudfront.net","10.8.0.1","TCP","54","443  >  46874 [ACK] Seq=4619 Ack=873 Win=65535 Len=0"
"6479","149.703230","10.8.0.1","server-54-230-210-247.ord53.r.cloudfront.net","TCP","54","46874  >  443 [FIN, ACK] Seq=873 Ack=4619 Win=65535 Len=0"
"6480","149.703360","server-54-230-210-247.ord53.r.cloudfront.net","10.8.0.1","TCP","54","443  >  46874 [ACK] Seq=4619 Ack=874 Win=65535 Len=0"
"6481","149.703407","server-54-230-210-247.ord53.r.cloudfront.net","10.8.0.1","TCP","54","443  >  46874 [FIN, ACK] Seq=4619 Ack=874 Win=65535 Len=0"
"6482","149.703464","10.8.0.1","server-54-230-210-247.ord53.r.cloudfront.net","TCP","54","46874  >  443 [ACK] Seq=874 Ack=4620 Win=65535 Len=0"
"6483","149.715802","10.8.0.1","104.244.42.131","TCP","74","46590  >  443 [SYN] Seq=0 Win=65535 Len=0 MSS=1460 SACK_PERM=1 TSval=978759133 TSecr=0 WS=1024"
"6484","149.717527","104.244.42.131","10.8.0.1","TCP","54","443  >  46590 [SYN, ACK] Seq=0 Ack=1 Win=65535 Len=0"
"6485","149.717551","10.8.0.1","104.244.42.131","TCP","54","46590  >  443 [ACK] Seq=1 Ack=1 Win=65535 Len=0"
"6486","149.718941","10.8.0.1","104.244.42.131","TLSv1.3","571","Client Hello"
"6487","149.718961","104.244.42.131","10.8.0.1","TCP","54","443  >  46590 [ACK] Seq=1 Ack=518 Win=65535 Len=0"
"6488","149.747366","10.8.0.1","104.244.42.66","TCP","590","55812  >  443 [ACK] Seq=4168 Ack=5417 Win=65535 Len=536 [TCP segment of a reassembled PDU]"
"6489","149.747421","104.244.42.66","10.8.0.1","TCP","54","443  >  55812 [ACK] Seq=5417 Ack=4704 Win=65535 Len=0"
"6490","149.747428","10.8.0.1","104.244.42.66","TCP","590","55812  >  443 [PSH, ACK] Seq=4704 Ack=5417 Win=65535 Len=536 [TCP segment of a reassembled PDU]"
"6491","149.747440","104.244.42.66","10.8.0.1","TCP","54","443  >  55812 [ACK] Seq=5417 Ack=5240 Win=65535 Len=0"
"6492","149.747445","10.8.0.1","104.244.42.66","TCP","590","55812  >  443 [ACK] Seq=5240 Ack=5417 Win=65535 Len=536 [TCP segment of a reassembled PDU]"
"6493","149.747454","104.244.42.66","10.8.0.1","TCP","54","443  >  55812 [ACK] Seq=5417 Ack=5776 Win=65535 Len=0"
"6494","149.747464","10.8.0.1","104.244.42.66","TLSv1.3","420","Application Data"
"6495","149.747474","104.244.42.66","10.8.0.1","TCP","54","443  >  55812 [ACK] Seq=5417 Ack=6142 Win=65535 Len=0"
"6496","149.768190","ec2-35-171-137-144.compute-1.amazonaws.com","10.8.0.1","TLSv1.2","1432","Certificate [TCP segment of a reassembled PDU]"
"6497","149.768204","10.8.0.1","ec2-35-171-137-144.compute-1.amazonaws.com","TCP","54","48680  >  443 [ACK] Seq=518 Ack=5513 Win=65535 Len=0"
"6498","149.821172","ec2-35-171-137-144.compute-1.amazonaws.com","10.8.0.1","TLSv1.2","126","Server Key Exchange, Server Hello Done"
"6499","149.821196","10.8.0.1","ec2-35-171-137-144.compute-1.amazonaws.com","TCP","54","48680  >  443 [ACK] Seq=518 Ack=5585 Win=65535 Len=0"
"6500","149.823509","10.8.0.1","ec2-35-171-137-144.compute-1.amazonaws.com","TLSv1.2","180","Client Key Exchange, Change Cipher Spec, Encrypted Handshake Message"
"6501","149.823539","ec2-35-171-137-144.compute-1.amazonaws.com","10.8.0.1","TCP","54","443  >  48680 [ACK] Seq=5585 Ack=644 Win=65535 Len=0"
"6502","149.939161","ec2-35-171-137-144.compute-1.amazonaws.com","10.8.0.1","TLSv1.2","312","New Session Ticket, Change Cipher Spec, Encrypted Handshake Message"
"6503","149.939181","10.8.0.1","ec2-35-171-137-144.compute-1.amazonaws.com","TCP","54","48680  >  443 [ACK] Seq=644 Ack=5843 Win=65535 Len=0"
"6504","149.940807","104.244.42.131","10.8.0.1","TLSv1.3","1402","Server Hello, Change Cipher Spec"
"6505","149.940814","10.8.0.1","104.244.42.131","TCP","54","46590  >  443 [ACK] Seq=518 Ack=1349 Win=65535 Len=0"
"6506","149.940848","104.244.42.66","10.8.0.1","TLSv1.3","147","Application Data"
"6507","149.940876","104.244.42.131","10.8.0.1","TCP","1432","443  >  46590 [PSH, ACK] Seq=1349 Ack=518 Win=65535 Len=1378 [TCP segment of a reassembled PDU]"
"6508","149.940881","10.8.0.1","104.244.42.131","TCP","54","46590  >  443 [ACK] Seq=518 Ack=2727 Win=65535 Len=0"
"6509","149.941928","10.8.0.1","ec2-35-171-137-144.compute-1.amazonaws.com","TLSv1.2","107","Application Data"
"6510","149.941941","ec2-35-171-137-144.compute-1.amazonaws.com","10.8.0.1","TCP","54","443  >  48680 [ACK] Seq=5843 Ack=697 Win=65535 Len=0"
"6511","149.942151","10.8.0.1","ec2-35-171-137-144.compute-1.amazonaws.com","TLSv1.2","98","Application Data"
"6512","149.942161","ec2-35-171-137-144.compute-1.amazonaws.com","10.8.0.1","TCP","54","443  >  48680 [ACK] Seq=5843 Ack=741 Win=65535 Len=0"
"6513","149.942472","10.8.0.1","ec2-35-171-137-144.compute-1.amazonaws.com","TLSv1.2","96","Application Data"
"6514","149.942493","ec2-35-171-137-144.compute-1.amazonaws.com","10.8.0.1","TCP","54","443  >  48680 [ACK] Seq=5843 Ack=783 Win=65535 Len=0"
"6515","149.943446","10.8.0.1","ec2-35-171-137-144.compute-1.amazonaws.com","TLSv1.2","257","Application Data"
"6516","149.943457","ec2-35-171-137-144.compute-1.amazonaws.com","10.8.0.1","TCP","54","443  >  48680 [ACK] Seq=5843 Ack=986 Win=65535 Len=0"
"6517","149.944308","10.8.0.1","104.244.42.66","TCP","54","55812  >  443 [ACK] Seq=6142 Ack=5510 Win=65535 Len=0"
"6518","149.981116","ec2-35-171-137-144.compute-1.amazonaws.com","10.8.0.1","TLSv1.2","123","Application Data"
"6519","149.981130","10.8.0.1","ec2-35-171-137-144.compute-1.amazonaws.com","TCP","54","48680  >  443 [ACK] Seq=986 Ack=5912 Win=65535 Len=0"
"6520","149.981154","104.244.42.131","10.8.0.1","TLSv1.3","689","Application Data"
"6521","149.981159","10.8.0.1","104.244.42.131","TCP","54","46590  >  443 [ACK] Seq=518 Ack=3362 Win=65535 Len=0"
"6522","150.010247","10.8.0.1","ec2-35-171-137-144.compute-1.amazonaws.com","TLSv1.2","92","Application Data"
"6523","150.010304","ec2-35-171-137-144.compute-1.amazonaws.com","10.8.0.1","TCP","54","443  >  48680 [ACK] Seq=5912 Ack=1024 Win=65535 Len=0"
"6524","150.058380","10.8.0.1","104.244.42.131","TLSv1.3","118","Change Cipher Spec, Application Data"
"6525","150.058402","104.244.42.131","10.8.0.1","TCP","54","443  >  46590 [ACK] Seq=3362 Ack=582 Win=65535 Len=0"
"6526","150.059557","10.8.0.1","104.244.42.131","TLSv1.3","320","Application Data"
"6527","150.059571","104.244.42.131","10.8.0.1","TCP","54","443  >  46590 [ACK] Seq=3362 Ack=848 Win=65535 Len=0"
"6528","150.077883","10.8.0.1","ord37s34-in-f14.1e100.net","TCP","122","[TCP Retransmission] 46060  >  443 [FIN, PSH, ACK] Seq=675 Ack=4707 Win=65535 Len=68"
"6529","150.077904","ord37s34-in-f14.1e100.net","10.8.0.1","TCP","54","443  >  46060 [ACK] Seq=4707 Ack=676 Win=65535 Len=0"
"6530","150.077913","ord37s34-in-f14.1e100.net","10.8.0.1","TCP","54","443  >  46060 [FIN, ACK] Seq=4707 Ack=676 Win=65535 Len=0"
"6531","150.191291","ec2-35-171-137-144.compute-1.amazonaws.com","10.8.0.1","TLSv1.2","92","Application Data"
"6532","150.229866","10.8.0.1","ec2-35-171-137-144.compute-1.amazonaws.com","TCP","54","48680  >  443 [ACK] Seq=1024 Ack=5950 Win=65535 Len=0"
"6533","150.249159","ec2-35-171-137-144.compute-1.amazonaws.com","10.8.0.1","TLSv1.2","376","Application Data, Application Data"
"6534","150.249168","10.8.0.1","ec2-35-171-137-144.compute-1.amazonaws.com","TCP","54","48680  >  443 [ACK] Seq=1024 Ack=6272 Win=65535 Len=0"
"6535","150.270235","10.8.0.1","ord37s35-in-f14.1e100.net","TCP","77","[TCP Retransmission] 34930  >  443 [FIN, PSH, ACK] Seq=1139 Ack=7204 Win=65535 Len=23"
"6536","150.270260","ord37s35-in-f14.1e100.net","10.8.0.1","TCP","54","443  >  34930 [ACK] Seq=7204 Ack=1140 Win=65535 Len=0"
"6537","150.270268","ord37s35-in-f14.1e100.net","10.8.0.1","TCP","54","443  >  34930 [FIN, ACK] Seq=7204 Ack=1140 Win=65535 Len=0"
"6538","150.329277","104.244.42.131","10.8.0.1","TLSv1.3","1266","Application Data, Application Data"
"6539","150.329311","10.8.0.1","104.244.42.131","TCP","54","46590  >  443 [ACK] Seq=848 Ack=4574 Win=65535 Len=0"
"6540","150.332882","10.8.0.1","104.244.42.131","TLSv1.3","78","Application Data"
"6541","150.332899","104.244.42.131","10.8.0.1","TCP","54","443  >  46590 [ACK] Seq=4574 Ack=872 Win=65535 Len=0"
"6542","150.408659","10.8.0.1","server-52-84-120-249.ord53.r.cloudfront.net","TCP","74","49644  >  443 [SYN] Seq=0 Win=65535 Len=0 MSS=1460 SACK_PERM=1 TSval=2037882668 TSecr=0 WS=1024"
"6543","150.409593","server-52-84-120-249.ord53.r.cloudfront.net","10.8.0.1","TCP","54","443  >  49644 [SYN, ACK] Seq=0 Ack=1 Win=65535 Len=0"
"6544","150.409615","10.8.0.1","server-52-84-120-249.ord53.r.cloudfront.net","TCP","54","49644  >  443 [ACK] Seq=1 Ack=1 Win=65535 Len=0"
"6545","150.412169","10.8.0.1","server-52-84-120-249.ord53.r.cloudfront.net","TLSv1.3","313","Client Hello"
"6546","150.412190","server-52-84-120-249.ord53.r.cloudfront.net","10.8.0.1","TCP","54","443  >  49644 [ACK] Seq=1 Ack=260 Win=65535 Len=0"
"6547","150.424016","104.244.42.131","10.8.0.1","TLSv1.3","78","Application Data"
"6548","150.424023","10.8.0.1","104.244.42.131","TCP","54","46590  >  443 [ACK] Seq=872 Ack=4598 Win=65535 Len=0"
"6549","150.424043","104.244.42.131","10.8.0.1","TCP","54","443  >  46590 [FIN, ACK] Seq=4598 Ack=872 Win=65535 Len=0"
"6550","150.461826","10.8.0.1","104.244.42.131","TCP","54","46590  >  443 [ACK] Seq=872 Ack=4599 Win=65535 Len=0"
"6551","150.532041","10.8.0.1","ord37s34-in-f14.1e100.net","QUIC","83","Handshake, DCID=fc081a4c3356cab8"
"6552","151.551148","10.8.0.1","ord37s32-in-f3.1e100.net","TCP","118","[TCP Retransmission] 57828  >  443 [PSH, ACK] Seq=518 Ack=4713 Win=65535 Len=64"
"6553","151.551414","server-52-84-120-249.ord53.r.cloudfront.net","10.8.0.1","TLSv1.3","4047","Server Hello, Change Cipher Spec, Application Data, Application Data, Application Data, Application Data"
"6554","151.551473","10.8.0.1","ord37s34-in-f14.1e100.net","QUIC","169","Handshake, DCID=fc081a4c3356cab8"
"6555","152.577182","10.8.0.1","server-52-84-120-249.ord53.r.cloudfront.net","TCP","54","49644  >  443 [ACK] Seq=260 Ack=3994 Win=65535 Len=0"
"6556","152.577327","10.8.0.1","server-52-84-120-249.ord53.r.cloudfront.net","TLSv1.3","118","Change Cipher Spec, Application Data"
"6557","152.577783","server-52-84-120-249.ord53.r.cloudfront.net","10.8.0.1","TCP","54","443  >  49644 [ACK] Seq=3994 Ack=324 Win=65535 Len=0"
"6558","152.577880","10.8.0.1","server-52-84-120-249.ord53.r.cloudfront.net","TLSv1.3","118","[TCP Spurious Retransmission] , Change Cipher Spec, Application Data"
"6559","152.577974","server-52-84-120-249.ord53.r.cloudfront.net","10.8.0.1","TCP","54","[TCP Dup ACK 6557#1] 443  >  49644 [ACK] Seq=3994 Ack=324 Win=65535 Len=0"
"6560","152.578278","10.8.0.1","server-52-84-120-249.ord53.r.cloudfront.net","TLSv1.3","118","[TCP Spurious Retransmission] , Change Cipher Spec, Application Data"
"6561","152.578327","server-52-84-120-249.ord53.r.cloudfront.net","10.8.0.1","TCP","54","[TCP Dup ACK 6557#2] 443  >  49644 [ACK] Seq=3994 Ack=324 Win=65535 Len=0"
"6562","152.578342","10.8.0.1","server-52-84-120-249.ord53.r.cloudfront.net","TLSv1.3","317","Application Data"
"6563","152.578375","server-52-84-120-249.ord53.r.cloudfront.net","10.8.0.1","TCP","54","443  >  49644 [ACK] Seq=3994 Ack=587 Win=65535 Len=0"
"6564","152.669928","10.8.0.1","ord37s34-in-f14.1e100.net","TCP","121","[TCP Retransmission] 46060  >  443 [FIN, PSH, ACK] Seq=676 Ack=4707 Win=65535 Len=67"
"6565","152.669975","ord37s34-in-f14.1e100.net","10.8.0.1","TCP","54","[TCP Keep-Alive] 443  >  46060 [ACK] Seq=4707 Ack=677 Win=65535 Len=0"
"6566","152.669986","ord37s34-in-f14.1e100.net","10.8.0.1","TCP","54","[TCP Retransmission] 443  >  46060 [FIN, ACK] Seq=4707 Ack=677 Win=65535 Len=0"
"6567","152.926015","10.8.0.1","ord37s35-in-f14.1e100.net","TCP","76","[TCP Retransmission] 34930  >  443 [FIN, PSH, ACK] Seq=1140 Ack=7204 Win=65535 Len=22"
"6568","152.926088","ord37s35-in-f14.1e100.net","10.8.0.1","TCP","54","[TCP Keep-Alive] 443  >  34930 [ACK] Seq=7204 Ack=1141 Win=65535 Len=0"
"6569","152.926101","ord37s35-in-f14.1e100.net","10.8.0.1","TCP","54","[TCP Retransmission] 443  >  34930 [FIN, ACK] Seq=7204 Ack=1141 Win=65535 Len=0"
"6570","153.103755","10.8.0.1","ord37s32-in-f3.1e100.net","TCP","74","57874  >  443 [SYN] Seq=0 Win=65535 Len=0 MSS=1460 SACK_PERM=1 TSval=2202113902 TSecr=0 WS=1024"
"6571","153.105500","ord37s32-in-f3.1e100.net","10.8.0.1","TCP","54","443  >  57874 [SYN, ACK] Seq=0 Ack=1 Win=65535 Len=0"
"6572","153.105530","10.8.0.1","ord37s32-in-f3.1e100.net","TCP","54","57874  >  443 [ACK] Seq=1 Ack=1 Win=65535 Len=0"
"6573","153.108761","10.8.0.1","ord37s32-in-f3.1e100.net","TLSv1.3","571","Client Hello"
"6574","153.108802","ord37s32-in-f3.1e100.net","10.8.0.1","TCP","54","443  >  57874 [ACK] Seq=1 Ack=518 Win=65535 Len=0"
"6575","153.267195","ord37s32-in-f3.1e100.net","10.8.0.1","TLSv1.3","1432","Server Hello, Change Cipher Spec"
"6576","153.267217","10.8.0.1","ord37s32-in-f3.1e100.net","TCP","54","57874  >  443 [ACK] Seq=518 Ack=1379 Win=65535 Len=0"
"6577","153.268845","ord37s32-in-f3.1e100.net","10.8.0.1","TCP","1432","443  >  57874 [PSH, ACK] Seq=1379 Ack=518 Win=65535 Len=1378 [TCP segment of a reassembled PDU]"
"6578","153.268850","10.8.0.1","ord37s32-in-f3.1e100.net","TCP","54","57874  >  443 [ACK] Seq=518 Ack=2757 Win=65535 Len=0"
"6579","153.270888","ord37s32-in-f3.1e100.net","10.8.0.1","TCP","1432","443  >  57874 [PSH, ACK] Seq=2757 Ack=518 Win=65535 Len=1378 [TCP segment of a reassembled PDU]"
"6580","153.270909","10.8.0.1","ord37s32-in-f3.1e100.net","TCP","54","57874  >  443 [ACK] Seq=518 Ack=4135 Win=65535 Len=0"
"6581","153.270945","ord37s32-in-f3.1e100.net","10.8.0.1","TLSv1.3","608","Application Data"
"6582","153.270951","10.8.0.1","ord37s32-in-f3.1e100.net","TCP","54","57874  >  443 [ACK] Seq=518 Ack=4689 Win=65535 Len=0"
"6583","153.292034","10.8.0.1","ord37s32-in-f3.1e100.net","TLSv1.3","118","Change Cipher Spec, Application Data"
"6584","153.292074","ord37s32-in-f3.1e100.net","10.8.0.1","TCP","54","443  >  57874 [ACK] Seq=4689 Ack=582 Win=65535 Len=0"
"6585","153.303858","10.8.0.1","ord37s32-in-f3.1e100.net","TCP","590","57874  >  443 [ACK] Seq=582 Ack=4689 Win=65535 Len=536 [TCP segment of a reassembled PDU]"
"6586","153.303879","ord37s32-in-f3.1e100.net","10.8.0.1","TCP","54","443  >  57874 [ACK] Seq=4689 Ack=1118 Win=65535 Len=0"
"6587","153.303884","10.8.0.1","ord37s32-in-f3.1e100.net","TCP","590","57874  >  443 [ACK] Seq=1118 Ack=4689 Win=65535 Len=536 [TCP segment of a reassembled PDU]"
"6588","153.303895","ord37s32-in-f3.1e100.net","10.8.0.1","TCP","54","443  >  57874 [ACK] Seq=4689 Ack=1654 Win=65535 Len=0"
"6589","153.303900","10.8.0.1","ord37s32-in-f3.1e100.net","TCP","590","57874  >  443 [ACK] Seq=1654 Ack=4689 Win=65535 Len=536 [TCP segment of a reassembled PDU]"
"6590","153.303910","ord37s32-in-f3.1e100.net","10.8.0.1","TCP","54","443  >  57874 [ACK] Seq=4689 Ack=2190 Win=65535 Len=0"
"6591","153.303915","10.8.0.1","ord37s32-in-f3.1e100.net","TCP","590","57874  >  443 [ACK] Seq=2190 Ack=4689 Win=65535 Len=536 [TCP segment of a reassembled PDU]"
"6592","153.303932","ord37s32-in-f3.1e100.net","10.8.0.1","TCP","54","443  >  57874 [ACK] Seq=4689 Ack=2726 Win=65535 Len=0"
"6593","153.303937","10.8.0.1","ord37s32-in-f3.1e100.net","TCP","590","57874  >  443 [PSH, ACK] Seq=2726 Ack=4689 Win=65535 Len=536 [TCP segment of a reassembled PDU]"
"6594","153.303947","ord37s32-in-f3.1e100.net","10.8.0.1","TCP","54","443  >  57874 [ACK] Seq=4689 Ack=3262 Win=65535 Len=0"
"6595","153.303952","10.8.0.1","ord37s32-in-f3.1e100.net","TCP","590","57874  >  443 [ACK] Seq=3262 Ack=4689 Win=65535 Len=536 [TCP segment of a reassembled PDU]"
"6596","153.303962","ord37s32-in-f3.1e100.net","10.8.0.1","TCP","54","443  >  57874 [ACK] Seq=4689 Ack=3798 Win=65535 Len=0"
"6597","153.303968","10.8.0.1","ord37s32-in-f3.1e100.net","TCP","590","57874  >  443 [ACK] Seq=3798 Ack=4689 Win=65535 Len=536 [TCP segment of a reassembled PDU]"
"6598","153.303977","ord37s32-in-f3.1e100.net","10.8.0.1","TCP","54","443  >  57874 [ACK] Seq=4689 Ack=4334 Win=65535 Len=0"
"6599","153.303982","10.8.0.1","ord37s32-in-f3.1e100.net","TLSv1.3","278","Application Data"
"6600","153.303990","ord37s32-in-f3.1e100.net","10.8.0.1","TCP","54","443  >  57874 [ACK] Seq=4689 Ack=4558 Win=65535 Len=0"
"6601","154.206175","10.8.0.1","ord37s32-in-f3.1e100.net","TCP","118","[TCP Retransmission] 57828  >  443 [PSH, ACK] Seq=518 Ack=4713 Win=65535 Len=64"
"6602","154.893515","ord37s32-in-f3.1e100.net","10.8.0.1","TLSv1.3","1432","Application Data"
"6603","154.893570","10.8.0.1","ord37s32-in-f3.1e100.net","TCP","54","57874  >  443 [ACK] Seq=4558 Ack=6067 Win=65535 Len=0"
"6604","154.896828","ord37s32-in-f3.1e100.net","10.8.0.1","TCP","94","443  >  57874 [PSH, ACK] Seq=6067 Ack=4558 Win=65535 Len=40 [TCP segment of a reassembled PDU]"
"6605","154.896835","10.8.0.1","ord37s32-in-f3.1e100.net","TCP","54","57874  >  443 [ACK] Seq=4558 Ack=6107 Win=65535 Len=0"
"6606","154.947032","ord37s32-in-f3.1e100.net","10.8.0.1","TLSv1.3","130","Application Data, Application Data"
"6607","154.947039","10.8.0.1","ord37s32-in-f3.1e100.net","TCP","54","57874  >  443 [ACK] Seq=4558 Ack=6183 Win=65535 Len=0"
"6608","155.801754","10.8.0.1","edge-star-mini-shv-02-ort2.facebook.com","TCP","54","45546  >  443 [FIN, ACK] Seq=518 Ack=2761 Win=65535 Len=0"
"6609","155.801931","edge-star-mini-shv-02-ort2.facebook.com","10.8.0.1","TCP","54","443  >  45546 [ACK] Seq=2761 Ack=519 Win=65535 Len=0"
"6610","155.802005","edge-star-mini-shv-02-ort2.facebook.com","10.8.0.1","TCP","54","443  >  45546 [FIN, ACK] Seq=2761 Ack=519 Win=65535 Len=0"
"6611","155.802013","10.8.0.1","edge-star-mini-shv-02-ort2.facebook.com","TCP","54","45546  >  443 [ACK] Seq=519 Ack=2762 Win=65535 Len=0"
"6612","156.563670","10.8.0.1","server-52-84-120-249.ord53.r.cloudfront.net","TCP","54","49644  >  443 [FIN, ACK] Seq=587 Ack=3994 Win=65535 Len=0"
"6613","156.563852","server-52-84-120-249.ord53.r.cloudfront.net","10.8.0.1","TCP","54","443  >  49644 [ACK] Seq=3994 Ack=588 Win=65535 Len=0"
"6614","156.563901","server-52-84-120-249.ord53.r.cloudfront.net","10.8.0.1","TCP","54","443  >  49644 [FIN, ACK] Seq=3994 Ack=588 Win=65535 Len=0"
"6615","156.564071","10.8.0.1","server-52-84-120-249.ord53.r.cloudfront.net","TCP","54","49644  >  443 [ACK] Seq=588 Ack=3995 Win=65535 Len=0"
"6616","157.037408","10.8.0.1","ord37s35-in-f10.1e100.net","TCP","74","51112  >  443 [SYN] Seq=0 Win=65535 Len=0 MSS=1460 SACK_PERM=1 TSval=1670319542 TSecr=0 WS=1024"
"6617","157.038361","ord37s35-in-f10.1e100.net","10.8.0.1","TCP","54","443  >  51112 [SYN, ACK] Seq=0 Ack=1 Win=65535 Len=0"
"6618","157.038384","10.8.0.1","ord37s35-in-f10.1e100.net","TCP","54","51112  >  443 [ACK] Seq=1 Ack=1 Win=65535 Len=0"
"6619","157.040031","10.8.0.1","ord37s35-in-f10.1e100.net","TLSv1.3","571","Client Hello"
"6620","157.040048","ord37s35-in-f10.1e100.net","10.8.0.1","TCP","54","443  >  51112 [ACK] Seq=1 Ack=518 Win=65535 Len=0"
"6621","157.167102","ord37s35-in-f10.1e100.net","10.8.0.1","TLSv1.3","1432","Server Hello, Change Cipher Spec"
"6622","157.167126","10.8.0.1","ord37s35-in-f10.1e100.net","TCP","54","51112  >  443 [ACK] Seq=518 Ack=1379 Win=65535 Len=0"
"6623","157.167150","ord37s35-in-f10.1e100.net","10.8.0.1","TCP","94","443  >  51112 [PSH, ACK] Seq=1379 Ack=518 Win=65535 Len=40 [TCP segment of a reassembled PDU]"
"6624","157.167155","10.8.0.1","ord37s35-in-f10.1e100.net","TCP","54","51112  >  443 [ACK] Seq=518 Ack=1419 Win=65535 Len=0"
"6625","157.168760","ord37s35-in-f10.1e100.net","10.8.0.1","TCP","1432","443  >  51112 [PSH, ACK] Seq=1419 Ack=518 Win=65535 Len=1378 [TCP segment of a reassembled PDU]"
"6626","157.168779","10.8.0.1","ord37s35-in-f10.1e100.net","TCP","54","51112  >  443 [ACK] Seq=518 Ack=2797 Win=65535 Len=0"
"6627","157.170906","ord37s35-in-f10.1e100.net","10.8.0.1","TCP","1432","443  >  51112 [PSH, ACK] Seq=2797 Ack=518 Win=65535 Len=1378 [TCP segment of a reassembled PDU]"
"6628","157.170911","10.8.0.1","ord37s35-in-f10.1e100.net","TCP","54","51112  >  443 [ACK] Seq=518 Ack=4175 Win=65535 Len=0"
"6629","157.218412","ord37s35-in-f10.1e100.net","10.8.0.1","TLSv1.3","552","Application Data"
"6630","157.218419","10.8.0.1","ord37s35-in-f10.1e100.net","TCP","54","51112  >  443 [ACK] Seq=518 Ack=4673 Win=65535 Len=0"
"6631","157.234490","10.8.0.1","ord37s35-in-f10.1e100.net","TLSv1.3","118","Change Cipher Spec, Application Data"
"6632","157.234505","ord37s35-in-f10.1e100.net","10.8.0.1","TCP","54","443  >  51112 [ACK] Seq=4673 Ack=582 Win=65535 Len=0"
"6633","157.237593","10.8.0.1","ord37s35-in-f10.1e100.net","TCP","590","51112  >  443 [ACK] Seq=582 Ack=4673 Win=65535 Len=536 [TCP segment of a reassembled PDU]"
"6634","157.237611","ord37s35-in-f10.1e100.net","10.8.0.1","TCP","54","443  >  51112 [ACK] Seq=4673 Ack=1118 Win=65535 Len=0"
"6635","157.237617","10.8.0.1","ord37s35-in-f10.1e100.net","TCP","590","51112  >  443 [ACK] Seq=1118 Ack=4673 Win=65535 Len=536 [TCP segment of a reassembled PDU]"
"6636","157.237628","ord37s35-in-f10.1e100.net","10.8.0.1","TCP","54","443  >  51112 [ACK] Seq=4673 Ack=1654 Win=65535 Len=0"
"6637","157.237633","10.8.0.1","ord37s35-in-f10.1e100.net","TCP","590","51112  >  443 [ACK] Seq=1654 Ack=4673 Win=65535 Len=536 [TCP segment of a reassembled PDU]"
"6638","157.237642","ord37s35-in-f10.1e100.net","10.8.0.1","TCP","54","443  >  51112 [ACK] Seq=4673 Ack=2190 Win=65535 Len=0"
"6639","157.237647","10.8.0.1","ord37s35-in-f10.1e100.net","TCP","590","51112  >  443 [ACK] Seq=2190 Ack=4673 Win=65535 Len=536 [TCP segment of a reassembled PDU]"
"6640","157.237656","ord37s35-in-f10.1e100.net","10.8.0.1","TCP","54","443  >  51112 [ACK] Seq=4673 Ack=2726 Win=65535 Len=0"
"6641","157.237661","10.8.0.1","ord37s35-in-f10.1e100.net","TCP","590","51112  >  443 [PSH, ACK] Seq=2726 Ack=4673 Win=65535 Len=536 [TCP segment of a reassembled PDU]"
"6642","157.237671","ord37s35-in-f10.1e100.net","10.8.0.1","TCP","54","443  >  51112 [ACK] Seq=4673 Ack=3262 Win=65535 Len=0"
"6643","157.237676","10.8.0.1","ord37s35-in-f10.1e100.net","TCP","590","51112  >  443 [ACK] Seq=3262 Ack=4673 Win=65535 Len=536 [TCP segment of a reassembled PDU]"
"6644","157.237685","ord37s35-in-f10.1e100.net","10.8.0.1","TCP","54","443  >  51112 [ACK] Seq=4673 Ack=3798 Win=65535 Len=0"
"6645","157.237691","10.8.0.1","ord37s35-in-f10.1e100.net","TCP","590","51112  >  443 [ACK] Seq=3798 Ack=4673 Win=65535 Len=536 [TCP segment of a reassembled PDU]"
"6646","157.237703","ord37s35-in-f10.1e100.net","10.8.0.1","TCP","54","443  >  51112 [ACK] Seq=4673 Ack=4334 Win=65535 Len=0"
"6647","157.237708","10.8.0.1","ord37s35-in-f10.1e100.net","TCP","590","51112  >  443 [ACK] Seq=4334 Ack=4673 Win=65535 Len=536 [TCP segment of a reassembled PDU]"
"6648","157.237717","ord37s35-in-f10.1e100.net","10.8.0.1","TCP","54","443  >  51112 [ACK] Seq=4673 Ack=4870 Win=65535 Len=0"
"6649","157.237722","10.8.0.1","ord37s35-in-f10.1e100.net","TCP","590","51112  >  443 [ACK] Seq=4870 Ack=4673 Win=65535 Len=536 [TCP segment of a reassembled PDU]"
"6650","157.237732","ord37s35-in-f10.1e100.net","10.8.0.1","TCP","54","443  >  51112 [ACK] Seq=4673 Ack=5406 Win=65535 Len=0"
"6651","157.237736","10.8.0.1","ord37s35-in-f10.1e100.net","TCP","590","51112  >  443 [PSH, ACK] Seq=5406 Ack=4673 Win=65535 Len=536 [TCP segment of a reassembled PDU]"
"6652","157.237747","ord37s35-in-f10.1e100.net","10.8.0.1","TCP","54","443  >  51112 [ACK] Seq=4673 Ack=5942 Win=65535 Len=0"
"6653","157.237751","10.8.0.1","ord37s35-in-f10.1e100.net","TCP","590","51112  >  443 [ACK] Seq=5942 Ack=4673 Win=65535 Len=536 [TCP segment of a reassembled PDU]"
"6654","157.237761","ord37s35-in-f10.1e100.net","10.8.0.1","TCP","54","443  >  51112 [ACK] Seq=4673 Ack=6478 Win=65535 Len=0"
"6655","157.237767","10.8.0.1","ord37s35-in-f10.1e100.net","TCP","590","51112  >  443 [ACK] Seq=6478 Ack=4673 Win=65535 Len=536 [TCP segment of a reassembled PDU]"
"6656","157.237775","ord37s35-in-f10.1e100.net","10.8.0.1","TCP","54","443  >  51112 [ACK] Seq=4673 Ack=7014 Win=65535 Len=0"
"6657","157.237780","10.8.0.1","ord37s35-in-f10.1e100.net","TCP","590","51112  >  443 [ACK] Seq=7014 Ack=4673 Win=65535 Len=536 [TCP segment of a reassembled PDU]"
"6658","157.237792","ord37s35-in-f10.1e100.net","10.8.0.1","TCP","54","443  >  51112 [ACK] Seq=4673 Ack=7550 Win=65535 Len=0"
"6659","157.237798","10.8.0.1","ord37s35-in-f10.1e100.net","TCP","590","51112  >  443 [ACK] Seq=7550 Ack=4673 Win=65535 Len=536 [TCP segment of a reassembled PDU]"
"6660","157.237813","ord37s35-in-f10.1e100.net","10.8.0.1","TCP","54","443  >  51112 [ACK] Seq=4673 Ack=8086 Win=65535 Len=0"
"6661","157.237818","10.8.0.1","ord37s35-in-f10.1e100.net","TCP","590","51112  >  443 [ACK] Seq=8086 Ack=4673 Win=65535 Len=536 [TCP segment of a reassembled PDU]"
"6662","157.237826","ord37s35-in-f10.1e100.net","10.8.0.1","TCP","54","443  >  51112 [ACK] Seq=4673 Ack=8622 Win=65535 Len=0"
"6663","157.237831","10.8.0.1","ord37s35-in-f10.1e100.net","TCP","590","51112  >  443 [PSH, ACK] Seq=8622 Ack=4673 Win=65535 Len=536 [TCP segment of a reassembled PDU]"
"6664","157.237841","ord37s35-in-f10.1e100.net","10.8.0.1","TCP","54","443  >  51112 [ACK] Seq=4673 Ack=9158 Win=65535 Len=0"
"6665","157.237846","10.8.0.1","ord37s35-in-f10.1e100.net","TCP","590","51112  >  443 [ACK] Seq=9158 Ack=4673 Win=65535 Len=536 [TCP segment of a reassembled PDU]"
"6666","157.237856","ord37s35-in-f10.1e100.net","10.8.0.1","TCP","54","443  >  51112 [ACK] Seq=4673 Ack=9694 Win=65535 Len=0"
"6667","157.237863","10.8.0.1","ord37s35-in-f10.1e100.net","TCP","590","51112  >  443 [ACK] Seq=9694 Ack=4673 Win=65535 Len=536 [TCP segment of a reassembled PDU]"
"6668","157.237872","ord37s35-in-f10.1e100.net","10.8.0.1","TCP","54","443  >  51112 [ACK] Seq=4673 Ack=10230 Win=65535 Len=0"
"6669","157.237877","10.8.0.1","ord37s35-in-f10.1e100.net","TCP","590","51112  >  443 [ACK] Seq=10230 Ack=4673 Win=65535 Len=536 [TCP segment of a reassembled PDU]"
"6670","157.237888","ord37s35-in-f10.1e100.net","10.8.0.1","TCP","54","443  >  51112 [ACK] Seq=4673 Ack=10766 Win=65535 Len=0"
"6671","157.237893","10.8.0.1","ord37s35-in-f10.1e100.net","TCP","590","51112  >  443 [ACK] Seq=10766 Ack=4673 Win=65535 Len=536 [TCP segment of a reassembled PDU]"
"6672","157.237902","ord37s35-in-f10.1e100.net","10.8.0.1","TCP","54","443  >  51112 [ACK] Seq=4673 Ack=11302 Win=65535 Len=0"
"6673","157.237907","10.8.0.1","ord37s35-in-f10.1e100.net","TCP","590","51112  >  443 [ACK] Seq=11302 Ack=4673 Win=65535 Len=536 [TCP segment of a reassembled PDU]"
"6674","157.237914","ord37s35-in-f10.1e100.net","10.8.0.1","TCP","54","443  >  51112 [ACK] Seq=4673 Ack=11838 Win=65535 Len=0"
"6675","157.237919","10.8.0.1","ord37s35-in-f10.1e100.net","TCP","590","51112  >  443 [ACK] Seq=11838 Ack=4673 Win=65535 Len=536 [TCP segment of a reassembled PDU]"
"6676","157.237928","ord37s35-in-f10.1e100.net","10.8.0.1","TCP","54","443  >  51112 [ACK] Seq=4673 Ack=12374 Win=65535 Len=0"
"6677","157.237933","10.8.0.1","ord37s35-in-f10.1e100.net","TCP","590","51112  >  443 [ACK] Seq=12374 Ack=4673 Win=65535 Len=536 [TCP segment of a reassembled PDU]"
"6678","157.237944","ord37s35-in-f10.1e100.net","10.8.0.1","TCP","54","443  >  51112 [ACK] Seq=4673 Ack=12910 Win=65535 Len=0"
"6679","157.237949","10.8.0.1","ord37s35-in-f10.1e100.net","TCP","590","51112  >  443 [ACK] Seq=12910 Ack=4673 Win=65535 Len=536 [TCP segment of a reassembled PDU]"
"6680","157.237958","ord37s35-in-f10.1e100.net","10.8.0.1","TCP","54","443  >  51112 [ACK] Seq=4673 Ack=13446 Win=65535 Len=0"
"6681","157.237963","10.8.0.1","ord37s35-in-f10.1e100.net","TCP","590","51112  >  443 [PSH, ACK] Seq=13446 Ack=4673 Win=65535 Len=536 [TCP segment of a reassembled PDU]"
"6682","157.237974","ord37s35-in-f10.1e100.net","10.8.0.1","TCP","54","443  >  51112 [ACK] Seq=4673 Ack=13982 Win=65535 Len=0"
"6683","157.237978","10.8.0.1","ord37s35-in-f10.1e100.net","TCP","590","51112  >  443 [ACK] Seq=13982 Ack=4673 Win=65535 Len=536 [TCP segment of a reassembled PDU]"
"6684","157.237987","ord37s35-in-f10.1e100.net","10.8.0.1","TCP","54","443  >  51112 [ACK] Seq=4673 Ack=14518 Win=65535 Len=0"
"6685","157.237992","10.8.0.1","ord37s35-in-f10.1e100.net","TCP","590","51112  >  443 [ACK] Seq=14518 Ack=4673 Win=65535 Len=536 [TCP segment of a reassembled PDU]"
"6686","157.238000","ord37s35-in-f10.1e100.net","10.8.0.1","TCP","54","443  >  51112 [ACK] Seq=4673 Ack=15054 Win=65535 Len=0"
"6687","157.238005","10.8.0.1","ord37s35-in-f10.1e100.net","TCP","590","51112  >  443 [ACK] Seq=15054 Ack=4673 Win=65535 Len=536 [TCP segment of a reassembled PDU]"
"6688","157.238012","ord37s35-in-f10.1e100.net","10.8.0.1","TCP","54","443  >  51112 [ACK] Seq=4673 Ack=15590 Win=65535 Len=0"
"6689","157.238017","10.8.0.1","ord37s35-in-f10.1e100.net","TCP","590","51112  >  443 [ACK] Seq=15590 Ack=4673 Win=65535 Len=536 [TCP segment of a reassembled PDU]"
"6690","157.238027","ord37s35-in-f10.1e100.net","10.8.0.1","TCP","54","443  >  51112 [ACK] Seq=4673 Ack=16126 Win=65535 Len=0"
"6691","157.238031","10.8.0.1","ord37s35-in-f10.1e100.net","TCP","590","51112  >  443 [ACK] Seq=16126 Ack=4673 Win=65535 Len=536 [TCP segment of a reassembled PDU]"
"6692","157.238039","ord37s35-in-f10.1e100.net","10.8.0.1","TCP","54","443  >  51112 [ACK] Seq=4673 Ack=16662 Win=65535 Len=0"
"6693","157.238044","10.8.0.1","ord37s35-in-f10.1e100.net","TLSv1.3","380","Application Data"
"6694","157.238052","ord37s35-in-f10.1e100.net","10.8.0.1","TCP","54","443  >  51112 [ACK] Seq=4673 Ack=16988 Win=65535 Len=0"
"6695","157.238114","10.8.0.1","ord37s35-in-f10.1e100.net","TCP","590","51112  >  443 [ACK] Seq=16988 Ack=4673 Win=65535 Len=536 [TCP segment of a reassembled PDU]"
"6696","157.238124","ord37s35-in-f10.1e100.net","10.8.0.1","TCP","54","443  >  51112 [ACK] Seq=4673 Ack=17524 Win=65535 Len=0"
"6697","157.238129","10.8.0.1","ord37s35-in-f10.1e100.net","TCP","590","51112  >  443 [ACK] Seq=17524 Ack=4673 Win=65535 Len=536 [TCP segment of a reassembled PDU]"
"6698","157.238137","ord37s35-in-f10.1e100.net","10.8.0.1","TCP","54","443  >  51112 [ACK] Seq=4673 Ack=18060 Win=65535 Len=0"
"6699","157.238142","10.8.0.1","ord37s35-in-f10.1e100.net","TCP","590","51112  >  443 [ACK] Seq=18060 Ack=4673 Win=65535 Len=536 [TCP segment of a reassembled PDU]"
"6700","157.238150","ord37s35-in-f10.1e100.net","10.8.0.1","TCP","54","443  >  51112 [ACK] Seq=4673 Ack=18596 Win=65535 Len=0"
"6701","157.238155","10.8.0.1","ord37s35-in-f10.1e100.net","TCP","590","51112  >  443 [ACK] Seq=18596 Ack=4673 Win=65535 Len=536 [TCP segment of a reassembled PDU]"
"6702","157.238163","ord37s35-in-f10.1e100.net","10.8.0.1","TCP","54","443  >  51112 [ACK] Seq=4673 Ack=19132 Win=65535 Len=0"
"6703","157.238167","10.8.0.1","ord37s35-in-f10.1e100.net","TCP","590","51112  >  443 [ACK] Seq=19132 Ack=4673 Win=65535 Len=536 [TCP segment of a reassembled PDU]"
"6704","157.238175","ord37s35-in-f10.1e100.net","10.8.0.1","TCP","54","443  >  51112 [ACK] Seq=4673 Ack=19668 Win=65535 Len=0"
"6705","157.238180","10.8.0.1","ord37s35-in-f10.1e100.net","TCP","590","51112  >  443 [ACK] Seq=19668 Ack=4673 Win=65535 Len=536 [TCP segment of a reassembled PDU]"
"6706","157.238187","ord37s35-in-f10.1e100.net","10.8.0.1","TCP","54","443  >  51112 [ACK] Seq=4673 Ack=20204 Win=65535 Len=0"
"6707","157.238193","10.8.0.1","ord37s35-in-f10.1e100.net","TCP","590","51112  >  443 [ACK] Seq=20204 Ack=4673 Win=65535 Len=536 [TCP segment of a reassembled PDU]"
"6708","157.238204","ord37s35-in-f10.1e100.net","10.8.0.1","TCP","54","443  >  51112 [ACK] Seq=4673 Ack=20740 Win=65535 Len=0"
"6709","157.238208","10.8.0.1","ord37s35-in-f10.1e100.net","TCP","590","51112  >  443 [ACK] Seq=20740 Ack=4673 Win=65535 Len=536 [TCP segment of a reassembled PDU]"
"6710","157.238217","ord37s35-in-f10.1e100.net","10.8.0.1","TCP","54","443  >  51112 [ACK] Seq=4673 Ack=21276 Win=65535 Len=0"
"6711","157.238222","10.8.0.1","ord37s35-in-f10.1e100.net","TCP","590","51112  >  443 [ACK] Seq=21276 Ack=4673 Win=65535 Len=536 [TCP segment of a reassembled PDU]"
"6712","157.238229","ord37s35-in-f10.1e100.net","10.8.0.1","TCP","54","443  >  51112 [ACK] Seq=4673 Ack=21812 Win=65535 Len=0"
"6713","157.238234","10.8.0.1","ord37s35-in-f10.1e100.net","TCP","590","51112  >  443 [ACK] Seq=21812 Ack=4673 Win=65535 Len=536 [TCP segment of a reassembled PDU]"
"6714","157.238242","ord37s35-in-f10.1e100.net","10.8.0.1","TCP","54","443  >  51112 [ACK] Seq=4673 Ack=22348 Win=65535 Len=0"
"6715","157.238247","10.8.0.1","ord37s35-in-f10.1e100.net","TCP","590","51112  >  443 [ACK] Seq=22348 Ack=4673 Win=65535 Len=536 [TCP segment of a reassembled PDU]"
"6716","157.238255","ord37s35-in-f10.1e100.net","10.8.0.1","TCP","54","443  >  51112 [ACK] Seq=4673 Ack=22884 Win=65535 Len=0"
"6717","157.238259","10.8.0.1","ord37s35-in-f10.1e100.net","TCP","590","51112  >  443 [ACK] Seq=22884 Ack=4673 Win=65535 Len=536 [TCP segment of a reassembled PDU]"
"6718","157.238268","ord37s35-in-f10.1e100.net","10.8.0.1","TCP","54","443  >  51112 [ACK] Seq=4673 Ack=23420 Win=65535 Len=0"
"6719","157.238272","10.8.0.1","ord37s35-in-f10.1e100.net","TCP","590","51112  >  443 [ACK] Seq=23420 Ack=4673 Win=65535 Len=536 [TCP segment of a reassembled PDU]"
"6720","157.238283","ord37s35-in-f10.1e100.net","10.8.0.1","TCP","54","443  >  51112 [ACK] Seq=4673 Ack=23956 Win=65535 Len=0"
"6721","157.238288","10.8.0.1","ord37s35-in-f10.1e100.net","TCP","590","51112  >  443 [ACK] Seq=23956 Ack=4673 Win=65535 Len=536 [TCP segment of a reassembled PDU]"
"6722","157.238296","ord37s35-in-f10.1e100.net","10.8.0.1","TCP","54","443  >  51112 [ACK] Seq=4673 Ack=24492 Win=65535 Len=0"
"6723","157.238301","10.8.0.1","ord37s35-in-f10.1e100.net","TCP","590","51112  >  443 [ACK] Seq=24492 Ack=4673 Win=65535 Len=536 [TCP segment of a reassembled PDU]"
"6724","157.238308","ord37s35-in-f10.1e100.net","10.8.0.1","TCP","54","443  >  51112 [ACK] Seq=4673 Ack=25028 Win=65535 Len=0"
"6725","157.238312","10.8.0.1","ord37s35-in-f10.1e100.net","TCP","590","51112  >  443 [ACK] Seq=25028 Ack=4673 Win=65535 Len=536 [TCP segment of a reassembled PDU]"
"6726","157.238320","ord37s35-in-f10.1e100.net","10.8.0.1","TCP","54","443  >  51112 [ACK] Seq=4673 Ack=25564 Win=65535 Len=0"
"6727","157.238326","10.8.0.1","ord37s35-in-f10.1e100.net","TCP","590","51112  >  443 [ACK] Seq=25564 Ack=4673 Win=65535 Len=536 [TCP segment of a reassembled PDU]"
"6728","157.238334","ord37s35-in-f10.1e100.net","10.8.0.1","TCP","54","443  >  51112 [ACK] Seq=4673 Ack=26100 Win=65535 Len=0"
"6729","157.238339","10.8.0.1","ord37s35-in-f10.1e100.net","TCP","590","51112  >  443 [PSH, ACK] Seq=26100 Ack=4673 Win=65535 Len=536 [TCP segment of a reassembled PDU]"
"6730","157.238347","ord37s35-in-f10.1e100.net","10.8.0.1","TCP","54","443  >  51112 [ACK] Seq=4673 Ack=26636 Win=65535 Len=0"
"6731","157.238351","10.8.0.1","ord37s35-in-f10.1e100.net","TCP","590","51112  >  443 [ACK] Seq=26636 Ack=4673 Win=65535 Len=536 [TCP segment of a reassembled PDU]"
"6732","157.238362","ord37s35-in-f10.1e100.net","10.8.0.1","TCP","54","443  >  51112 [ACK] Seq=4673 Ack=27172 Win=65535 Len=0"
"6733","157.238368","10.8.0.1","ord37s35-in-f10.1e100.net","TCP","590","51112  >  443 [ACK] Seq=27172 Ack=4673 Win=65535 Len=536 [TCP segment of a reassembled PDU]"
"6734","157.238376","ord37s35-in-f10.1e100.net","10.8.0.1","TCP","54","443  >  51112 [ACK] Seq=4673 Ack=27708 Win=65535 Len=0"
"6735","157.238381","10.8.0.1","ord37s35-in-f10.1e100.net","TCP","590","51112  >  443 [ACK] Seq=27708 Ack=4673 Win=65535 Len=536 [TCP segment of a reassembled PDU]"
"6736","157.238388","ord37s35-in-f10.1e100.net","10.8.0.1","TCP","54","443  >  51112 [ACK] Seq=4673 Ack=28244 Win=65535 Len=0"
"6737","157.238393","10.8.0.1","ord37s35-in-f10.1e100.net","TCP","590","51112  >  443 [ACK] Seq=28244 Ack=4673 Win=65535 Len=536 [TCP segment of a reassembled PDU]"
"6738","157.238401","ord37s35-in-f10.1e100.net","10.8.0.1","TCP","54","443  >  51112 [ACK] Seq=4673 Ack=28780 Win=65535 Len=0"
"6739","157.238406","10.8.0.1","ord37s35-in-f10.1e100.net","TCP","590","51112  >  443 [ACK] Seq=28780 Ack=4673 Win=65535 Len=536 [TCP segment of a reassembled PDU]"
"6740","157.238415","ord37s35-in-f10.1e100.net","10.8.0.1","TCP","54","443  >  51112 [ACK] Seq=4673 Ack=29316 Win=65535 Len=0"
"6741","157.238419","10.8.0.1","ord37s35-in-f10.1e100.net","TCP","590","51112  >  443 [ACK] Seq=29316 Ack=4673 Win=65535 Len=536 [TCP segment of a reassembled PDU]"
"6742","157.238428","ord37s35-in-f10.1e100.net","10.8.0.1","TCP","54","443  >  51112 [ACK] Seq=4673 Ack=29852 Win=65535 Len=0"
"6743","157.238433","10.8.0.1","ord37s35-in-f10.1e100.net","TCP","590","51112  >  443 [ACK] Seq=29852 Ack=4673 Win=65535 Len=536 [TCP segment of a reassembled PDU]"
"6744","157.238444","ord37s35-in-f10.1e100.net","10.8.0.1","TCP","54","443  >  51112 [ACK] Seq=4673 Ack=30388 Win=65535 Len=0"
"6745","157.238448","10.8.0.1","ord37s35-in-f10.1e100.net","TCP","590","51112  >  443 [ACK] Seq=30388 Ack=4673 Win=65535 Len=536 [TCP segment of a reassembled PDU]"
"6746","157.238456","ord37s35-in-f10.1e100.net","10.8.0.1","TCP","54","443  >  51112 [ACK] Seq=4673 Ack=30924 Win=65535 Len=0"
"6747","157.238461","10.8.0.1","ord37s35-in-f10.1e100.net","TCP","590","51112  >  443 [ACK] Seq=30924 Ack=4673 Win=65535 Len=536 [TCP segment of a reassembled PDU]"
"6748","157.238469","ord37s35-in-f10.1e100.net","10.8.0.1","TCP","54","443  >  51112 [ACK] Seq=4673 Ack=31460 Win=65535 Len=0"
"6749","157.238473","10.8.0.1","ord37s35-in-f10.1e100.net","TCP","590","51112  >  443 [ACK] Seq=31460 Ack=4673 Win=65535 Len=536 [TCP segment of a reassembled PDU]"
"6750","157.238481","ord37s35-in-f10.1e100.net","10.8.0.1","TCP","54","443  >  51112 [ACK] Seq=4673 Ack=31996 Win=65535 Len=0"
"6751","157.238485","10.8.0.1","ord37s35-in-f10.1e100.net","TCP","590","51112  >  443 [ACK] Seq=31996 Ack=4673 Win=65535 Len=536 [TCP segment of a reassembled PDU]"
"6752","157.238494","ord37s35-in-f10.1e100.net","10.8.0.1","TCP","54","443  >  51112 [ACK] Seq=4673 Ack=32532 Win=65535 Len=0"
"6753","157.238498","10.8.0.1","ord37s35-in-f10.1e100.net","TCP","590","51112  >  443 [PSH, ACK] Seq=32532 Ack=4673 Win=65535 Len=536 [TCP segment of a reassembled PDU]"
"6754","157.238507","ord37s35-in-f10.1e100.net","10.8.0.1","TCP","54","443  >  51112 [ACK] Seq=4673 Ack=33068 Win=65535 Len=0"
"6755","157.238512","10.8.0.1","ord37s35-in-f10.1e100.net","TLSv1.3","380","Application Data"
"6756","157.238528","ord37s35-in-f10.1e100.net","10.8.0.1","TCP","54","443  >  51112 [ACK] Seq=4673 Ack=33394 Win=65535 Len=0"
"6757","157.238540","10.8.0.1","ord37s35-in-f10.1e100.net","TCP","590","51112  >  443 [ACK] Seq=33394 Ack=4673 Win=65535 Len=536 [TCP segment of a reassembled PDU]"
"6758","157.238550","ord37s35-in-f10.1e100.net","10.8.0.1","TCP","54","443  >  51112 [ACK] Seq=4673 Ack=33930 Win=65535 Len=0"
"6759","157.238554","10.8.0.1","ord37s35-in-f10.1e100.net","TCP","590","51112  >  443 [ACK] Seq=33930 Ack=4673 Win=65535 Len=536 [TCP segment of a reassembled PDU]"
"6760","157.238563","ord37s35-in-f10.1e100.net","10.8.0.1","TCP","54","443  >  51112 [ACK] Seq=4673 Ack=34466 Win=65535 Len=0"
"6761","157.238568","10.8.0.1","ord37s35-in-f10.1e100.net","TCP","590","51112  >  443 [ACK] Seq=34466 Ack=4673 Win=65535 Len=536 [TCP segment of a reassembled PDU]"
"6762","157.238576","ord37s35-in-f10.1e100.net","10.8.0.1","TCP","54","443  >  51112 [ACK] Seq=4673 Ack=35002 Win=65535 Len=0"
"6763","157.238580","10.8.0.1","ord37s35-in-f10.1e100.net","TCP","590","51112  >  443 [ACK] Seq=35002 Ack=4673 Win=65535 Len=536 [TCP segment of a reassembled PDU]"
"6764","157.238588","ord37s35-in-f10.1e100.net","10.8.0.1","TCP","54","443  >  51112 [ACK] Seq=4673 Ack=35538 Win=65535 Len=0"
"6765","157.238593","10.8.0.1","ord37s35-in-f10.1e100.net","TCP","590","51112  >  443 [ACK] Seq=35538 Ack=4673 Win=65535 Len=536 [TCP segment of a reassembled PDU]"
"6766","157.238600","ord37s35-in-f10.1e100.net","10.8.0.1","TCP","54","443  >  51112 [ACK] Seq=4673 Ack=36074 Win=65535 Len=0"
"6767","157.238605","10.8.0.1","ord37s35-in-f10.1e100.net","TCP","590","51112  >  443 [ACK] Seq=36074 Ack=4673 Win=65535 Len=536 [TCP segment of a reassembled PDU]"
"6768","157.238616","ord37s35-in-f10.1e100.net","10.8.0.1","TCP","54","443  >  51112 [ACK] Seq=4673 Ack=36610 Win=65535 Len=0"
"6769","157.238621","10.8.0.1","ord37s35-in-f10.1e100.net","TCP","590","51112  >  443 [ACK] Seq=36610 Ack=4673 Win=65535 Len=536 [TCP segment of a reassembled PDU]"
"6770","157.238629","ord37s35-in-f10.1e100.net","10.8.0.1","TCP","54","443  >  51112 [ACK] Seq=4673 Ack=37146 Win=65535 Len=0"
"6771","157.238633","10.8.0.1","ord37s35-in-f10.1e100.net","TCP","590","51112  >  443 [ACK] Seq=37146 Ack=4673 Win=65535 Len=536 [TCP segment of a reassembled PDU]"
"6772","157.238641","ord37s35-in-f10.1e100.net","10.8.0.1","TCP","54","443  >  51112 [ACK] Seq=4673 Ack=37682 Win=65535 Len=0"
"6773","157.238646","10.8.0.1","ord37s35-in-f10.1e100.net","TCP","590","51112  >  443 [ACK] Seq=37682 Ack=4673 Win=65535 Len=536 [TCP segment of a reassembled PDU]"
"6774","157.238654","ord37s35-in-f10.1e100.net","10.8.0.1","TCP","54","443  >  51112 [ACK] Seq=4673 Ack=38218 Win=65535 Len=0"
"6775","157.238658","10.8.0.1","ord37s35-in-f10.1e100.net","TCP","590","51112  >  443 [PSH, ACK] Seq=38218 Ack=4673 Win=65535 Len=536 [TCP segment of a reassembled PDU]"
"6776","157.238667","ord37s35-in-f10.1e100.net","10.8.0.1","TCP","54","443  >  51112 [ACK] Seq=4673 Ack=38754 Win=65535 Len=0"
"6777","157.238671","10.8.0.1","ord37s35-in-f10.1e100.net","TLSv1.3","446","Application Data"
"6778","157.238679","ord37s35-in-f10.1e100.net","10.8.0.1","TCP","54","443  >  51112 [ACK] Seq=4673 Ack=39146 Win=65535 Len=0"
"6779","157.514481","ord37s35-in-f10.1e100.net","10.8.0.1","TLSv1.3","1432","Application Data"
"6780","157.514532","10.8.0.1","ord37s35-in-f10.1e100.net","TCP","54","51112  >  443 [ACK] Seq=39146 Ack=6051 Win=65535 Len=0"
"6781","157.514564","ord37s35-in-f10.1e100.net","10.8.0.1","TCP","94","443  >  51112 [PSH, ACK] Seq=6051 Ack=39146 Win=65535 Len=40 [TCP segment of a reassembled PDU]"
"6782","157.514621","10.8.0.1","ord37s35-in-f10.1e100.net","TCP","54","51112  >  443 [ACK] Seq=39146 Ack=6091 Win=65535 Len=0"
"6783","157.561450","ord37s35-in-f10.1e100.net","10.8.0.1","TLSv1.3","88","Application Data, Application Data"
"6784","157.561458","10.8.0.1","ord37s35-in-f10.1e100.net","TCP","54","51112  >  443 [ACK] Seq=39146 Ack=6125 Win=65535 Len=0"
"6785","157.571383","10.8.0.1","ord37s35-in-f14.1e100.net","TLSv1.3","78","Application Data"
"6786","157.571418","ord37s35-in-f14.1e100.net","10.8.0.1","TCP","54","443  >  34430 [ACK] Seq=8701 Ack=1162 Win=65535 Len=0"
"6787","157.617888","ord37s35-in-f14.1e100.net","10.8.0.1","TCP","54","443  >  34430 [FIN, ACK] Seq=8701 Ack=1162 Win=65535 Len=0"
"6788","157.618018","10.8.0.1","ord37s35-in-f14.1e100.net","TCP","54","34430  >  443 [FIN, ACK] Seq=1162 Ack=8702 Win=65535 Len=0"
"6789","157.618122","ord37s35-in-f14.1e100.net","10.8.0.1","TCP","54","443  >  34430 [ACK] Seq=8702 Ack=1163 Win=65535 Len=0"
"6790","157.618173","ord37s35-in-f14.1e100.net","10.8.0.1","TCP","54","443  >  34430 [FIN, ACK] Seq=8702 Ack=1163 Win=65535 Len=0"
"6791","157.618185","10.8.0.1","ord37s34-in-f10.1e100.net","TCP","54","59864  >  443 [FIN, ACK] Seq=518 Ack=1 Win=67107840 Len=0"
"6792","157.618238","ord37s34-in-f10.1e100.net","10.8.0.1","TCP","54","443  >  59864 [ACK] Seq=1 Ack=519 Win=65535 Len=0"
"6793","157.618266","ord37s34-in-f10.1e100.net","10.8.0.1","TCP","54","443  >  59864 [FIN, ACK] Seq=1 Ack=519 Win=65535 Len=0"
"6794","157.618319","10.8.0.1","ord37s35-in-f14.1e100.net","TCP","54","34430  >  443 [RST] Seq=1163 Win=0 Len=0"
"6795","157.618325","10.8.0.1","ord37s34-in-f10.1e100.net","TCP","54","59864  >  443 [ACK] Seq=519 Ack=2 Win=67107840 Len=0"
"6796","157.790087","10.8.0.1","ord37s34-in-f14.1e100.net","TCP","120","[TCP Retransmission] 46060  >  443 [FIN, PSH, ACK] Seq=677 Ack=4707 Win=65535 Len=66"
"6797","157.790117","ord37s34-in-f14.1e100.net","10.8.0.1","TCP","54","[TCP Keep-Alive] 443  >  46060 [ACK] Seq=4707 Ack=678 Win=65535 Len=0"
"6798","157.790127","ord37s34-in-f14.1e100.net","10.8.0.1","TCP","54","[TCP Retransmission] 443  >  46060 [FIN, ACK] Seq=4707 Ack=678 Win=65535 Len=0"
"6799","158.301929","10.8.0.1","ord37s35-in-f14.1e100.net","TCP","75","[TCP Retransmission] 34930  >  443 [FIN, PSH, ACK] Seq=1141 Ack=7204 Win=65535 Len=21"
"6800","158.301967","ord37s35-in-f14.1e100.net","10.8.0.1","TCP","54","[TCP Keep-Alive] 443  >  34930 [ACK] Seq=7204 Ack=1142 Win=65535 Len=0"
"6801","158.301977","ord37s35-in-f14.1e100.net","10.8.0.1","TCP","54","[TCP Retransmission] 443  >  34930 [FIN, ACK] Seq=7204 Ack=1142 Win=65535 Len=0"
"6802","159.825274","10.8.0.1","lga15s46-in-f35.1e100.net","TCP","74","45244  >  443 [SYN] Seq=0 Win=65535 Len=0 MSS=1460 SACK_PERM=1 TSval=2005078138 TSecr=0 WS=1024"
"6803","159.827711","lga15s46-in-f35.1e100.net","10.8.0.1","TCP","54","443  >  45244 [SYN, ACK] Seq=0 Ack=1 Win=65535 Len=0"
"6804","159.827740","10.8.0.1","lga15s46-in-f35.1e100.net","TCP","54","45244  >  443 [ACK] Seq=1 Ack=1 Win=65535 Len=0"
"6805","159.829261","10.8.0.1","lga15s46-in-f35.1e100.net","TCP","590","45244  >  443 [ACK] Seq=1 Ack=1 Win=65535 Len=536 [TCP segment of a reassembled PDU]"
"6806","159.829291","lga15s46-in-f35.1e100.net","10.8.0.1","TCP","54","443  >  45244 [ACK] Seq=1 Ack=537 Win=65535 Len=0"
"6807","159.829298","10.8.0.1","lga15s46-in-f35.1e100.net","TLSv1.3","115","Client Hello"
"6808","159.829312","lga15s46-in-f35.1e100.net","10.8.0.1","TCP","54","443  >  45244 [ACK] Seq=1 Ack=598 Win=65535 Len=0"
"6809","159.993607","lga15s46-in-f35.1e100.net","10.8.0.1","TLSv1.3","266","Server Hello, Change Cipher Spec, Application Data"
"6810","159.993617","10.8.0.1","lga15s46-in-f35.1e100.net","TCP","54","45244  >  443 [ACK] Seq=598 Ack=213 Win=65535 Len=0"
"6811","159.995020","10.8.0.1","lga15s46-in-f35.1e100.net","TLSv1.3","118","Change Cipher Spec, Application Data"
"6812","159.995053","lga15s46-in-f35.1e100.net","10.8.0.1","TCP","54","443  >  45244 [ACK] Seq=213 Ack=662 Win=65535 Len=0"
"6813","159.995743","10.8.0.1","lga15s46-in-f35.1e100.net","TLSv1.3","146","Application Data"
"6814","159.995754","lga15s46-in-f35.1e100.net","10.8.0.1","TCP","54","443  >  45244 [ACK] Seq=213 Ack=754 Win=65535 Len=0"
"6815","159.996297","10.8.0.1","lga15s46-in-f35.1e100.net","TLSv1.3","328","Application Data"
"6816","159.996308","lga15s46-in-f35.1e100.net","10.8.0.1","TCP","54","443  >  45244 [ACK] Seq=213 Ack=1028 Win=65535 Len=0"
"6817","160.056353","lga15s46-in-f35.1e100.net","10.8.0.1","TLSv1.3","662","Application Data, Application Data"
"6818","160.056362","10.8.0.1","lga15s46-in-f35.1e100.net","TCP","54","45244  >  443 [ACK] Seq=1028 Ack=821 Win=65535 Len=0"
"6819","160.056733","10.8.0.1","lga15s46-in-f35.1e100.net","TLSv1.3","85","Application Data"
"6820","160.056744","lga15s46-in-f35.1e100.net","10.8.0.1","TCP","54","443  >  45244 [ACK] Seq=821 Ack=1059 Win=65535 Len=0"
"6821","160.144222","lga15s46-in-f35.1e100.net","10.8.0.1","TLSv1.3","85","Application Data"
"6822","160.144231","10.8.0.1","lga15s46-in-f35.1e100.net","TCP","54","45244  >  443 [ACK] Seq=1059 Ack=852 Win=65535 Len=0"
"6823","160.191451","lga15s46-in-f35.1e100.net","10.8.0.1","TLSv1.3","454","Application Data, Application Data, Application Data"
"6824","160.191457","10.8.0.1","lga15s46-in-f35.1e100.net","TCP","54","45244  >  443 [ACK] Seq=1059 Ack=1252 Win=65535 Len=0"
"6825","160.193025","10.8.0.1","lga15s46-in-f35.1e100.net","TLSv1.3","93","Application Data"
"6826","160.193037","lga15s46-in-f35.1e100.net","10.8.0.1","TCP","54","443  >  45244 [ACK] Seq=1252 Ack=1098 Win=65535 Len=0"
"6827","160.193098","10.8.0.1","lga15s46-in-f35.1e100.net","TLSv1.3","89","Application Data"
"6828","160.193108","lga15s46-in-f35.1e100.net","10.8.0.1","TCP","54","443  >  45244 [ACK] Seq=1252 Ack=1133 Win=65535 Len=0"
"6829","160.193489","10.8.0.1","lga15s46-in-f35.1e100.net","TLSv1.3","143","Application Data"
"6830","160.193498","lga15s46-in-f35.1e100.net","10.8.0.1","TCP","54","443  >  45244 [ACK] Seq=1252 Ack=1222 Win=65535 Len=0"
"6831","160.193611","10.8.0.1","lga15s46-in-f35.1e100.net","TCP","590","45244  >  443 [ACK] Seq=1222 Ack=1252 Win=65535 Len=536 [TCP segment of a reassembled PDU]"
"6832","160.193622","lga15s46-in-f35.1e100.net","10.8.0.1","TCP","54","443  >  45244 [ACK] Seq=1252 Ack=1758 Win=65535 Len=0"
"6833","160.193627","10.8.0.1","lga15s46-in-f35.1e100.net","TLSv1.3","248","Application Data"
"6834","160.193637","lga15s46-in-f35.1e100.net","10.8.0.1","TCP","54","443  >  45244 [ACK] Seq=1252 Ack=1952 Win=65535 Len=0"
"6835","160.212749","10.8.0.1","lga15s46-in-f22.1e100.net","TCP","54","34014  >  443 [FIN, ACK] Seq=582 Ack=5359 Win=65535 Len=0"
"6836","160.212865","lga15s46-in-f22.1e100.net","10.8.0.1","TCP","54","443  >  34014 [ACK] Seq=5359 Ack=583 Win=65535 Len=0"
"6837","160.212926","lga15s46-in-f22.1e100.net","10.8.0.1","TCP","54","443  >  34014 [FIN, ACK] Seq=5359 Ack=583 Win=65535 Len=0"
"6838","160.213022","10.8.0.1","lga15s46-in-f22.1e100.net","TCP","54","34014  >  443 [ACK] Seq=583 Ack=5360 Win=65535 Len=0"
"6839","160.214046","10.8.0.1","ord38s28-in-f10.1e100.net","TCP","54","47034  >  443 [RST, ACK] Seq=674 Ack=4682 Win=67107840 Len=0"
"6840","160.219673","10.8.0.1","ord38s28-in-f10.1e100.net","TCP","74","47436  >  443 [SYN] Seq=0 Win=65535 Len=0 MSS=1460 SACK_PERM=1 TSval=2642064078 TSecr=0 WS=1024"
"6841","160.222091","ord38s28-in-f10.1e100.net","10.8.0.1","TCP","54","443  >  47436 [SYN, ACK] Seq=0 Ack=1 Win=65535 Len=0"
"6842","160.222121","10.8.0.1","ord38s28-in-f10.1e100.net","TCP","54","47436  >  443 [ACK] Seq=1 Ack=1 Win=65535 Len=0"
"6843","160.222794","10.8.0.1","ord38s28-in-f10.1e100.net","TLSv1.3","571","Client Hello"
"6844","160.222810","ord38s28-in-f10.1e100.net","10.8.0.1","TCP","54","443  >  47436 [ACK] Seq=1 Ack=518 Win=65535 Len=0"
"6845","160.335632","10.8.0.1","104.244.42.131","TCP","54","46590  >  443 [RST, ACK] Seq=872 Ack=4599 Win=65535 Len=0"
"6846","160.344909","ord38s28-in-f10.1e100.net","10.8.0.1","TLSv1.3","1432","Server Hello, Change Cipher Spec"
"6847","160.344918","10.8.0.1","ord38s28-in-f10.1e100.net","TCP","54","47436  >  443 [ACK] Seq=518 Ack=1379 Win=65535 Len=0"
"6848","160.346797","ord38s28-in-f10.1e100.net","10.8.0.1","TCP","2810","443  >  47436 [PSH, ACK] Seq=1379 Ack=518 Win=65535 Len=2756 [TCP segment of a reassembled PDU]"
"6849","160.346821","10.8.0.1","ord38s28-in-f10.1e100.net","TCP","54","47436  >  443 [ACK] Seq=518 Ack=4135 Win=65535 Len=0"
"6850","160.346839","ord38s28-in-f10.1e100.net","10.8.0.1","TLSv1.3","602","Application Data"
"6851","160.346903","10.8.0.1","ord38s28-in-f10.1e100.net","TCP","54","47436  >  443 [ACK] Seq=518 Ack=4683 Win=65535 Len=0"
"6852","160.348979","10.8.0.1","ord38s28-in-f10.1e100.net","TLSv1.3","118","Change Cipher Spec, Application Data"
"6853","160.348991","ord38s28-in-f10.1e100.net","10.8.0.1","TCP","54","443  >  47436 [ACK] Seq=4683 Ack=582 Win=65535 Len=0"
"6854","160.349723","10.8.0.1","ord38s28-in-f10.1e100.net","TLSv1.3","146","Application Data"
"6855","160.349734","ord38s28-in-f10.1e100.net","10.8.0.1","TCP","54","443  >  47436 [ACK] Seq=4683 Ack=674 Win=65535 Len=0"
"6856","160.352512","10.8.0.1","ord38s28-in-f10.1e100.net","TLSv1.3","219","Application Data"
"6857","160.352526","ord38s28-in-f10.1e100.net","10.8.0.1","TCP","54","443  >  47436 [ACK] Seq=4683 Ack=839 Win=65535 Len=0"
"6858","160.352822","10.8.0.1","ord38s28-in-f10.1e100.net","TLSv1.3","579","Application Data"
"6859","160.352832","ord38s28-in-f10.1e100.net","10.8.0.1","TCP","54","443  >  47436 [ACK] Seq=4683 Ack=1364 Win=65535 Len=0"
"6860","160.353136","10.8.0.1","ord38s28-in-f10.1e100.net","TCP","590","47436  >  443 [ACK] Seq=1364 Ack=4683 Win=65535 Len=536 [TCP segment of a reassembled PDU]"
"6861","160.353151","ord38s28-in-f10.1e100.net","10.8.0.1","TCP","54","443  >  47436 [ACK] Seq=4683 Ack=1900 Win=65535 Len=0"
"6862","160.353156","10.8.0.1","ord38s28-in-f10.1e100.net","TCP","590","47436  >  443 [ACK] Seq=1900 Ack=4683 Win=65535 Len=536 [TCP segment of a reassembled PDU]"
"6863","160.353167","ord38s28-in-f10.1e100.net","10.8.0.1","TCP","54","443  >  47436 [ACK] Seq=4683 Ack=2436 Win=65535 Len=0"
"6864","160.353172","10.8.0.1","ord38s28-in-f10.1e100.net","TCP","590","47436  >  443 [ACK] Seq=2436 Ack=4683 Win=65535 Len=536 [TCP segment of a reassembled PDU]"
"6865","160.353181","ord38s28-in-f10.1e100.net","10.8.0.1","TCP","54","443  >  47436 [ACK] Seq=4683 Ack=2972 Win=65535 Len=0"
"6866","160.353187","10.8.0.1","ord38s28-in-f10.1e100.net","TCP","590","47436  >  443 [ACK] Seq=2972 Ack=4683 Win=65535 Len=536 [TCP segment of a reassembled PDU]"
"6867","160.353197","ord38s28-in-f10.1e100.net","10.8.0.1","TCP","54","443  >  47436 [ACK] Seq=4683 Ack=3508 Win=65535 Len=0"
"6868","160.353202","10.8.0.1","ord38s28-in-f10.1e100.net","TCP","590","47436  >  443 [PSH, ACK] Seq=3508 Ack=4683 Win=65535 Len=536 [TCP segment of a reassembled PDU]"
"6869","160.353211","ord38s28-in-f10.1e100.net","10.8.0.1","TCP","54","443  >  47436 [ACK] Seq=4683 Ack=4044 Win=65535 Len=0"
"6870","160.353216","10.8.0.1","ord38s28-in-f10.1e100.net","TCP","590","47436  >  443 [ACK] Seq=4044 Ack=4683 Win=65535 Len=536 [TCP segment of a reassembled PDU]"
"6871","160.353225","ord38s28-in-f10.1e100.net","10.8.0.1","TCP","54","443  >  47436 [ACK] Seq=4683 Ack=4580 Win=65535 Len=0"
"6872","160.353231","10.8.0.1","ord38s28-in-f10.1e100.net","TCP","590","47436  >  443 [ACK] Seq=4580 Ack=4683 Win=65535 Len=536 [TCP segment of a reassembled PDU]"
"6873","160.353243","ord38s28-in-f10.1e100.net","10.8.0.1","TCP","54","443  >  47436 [ACK] Seq=4683 Ack=5116 Win=65535 Len=0"
"6874","160.353248","10.8.0.1","ord38s28-in-f10.1e100.net","TLSv1.3","220","Application Data"
"6875","160.353257","ord38s28-in-f10.1e100.net","10.8.0.1","TCP","54","443  >  47436 [ACK] Seq=4683 Ack=5282 Win=65535 Len=0"
"6876","160.409236","ord38s28-in-f10.1e100.net","10.8.0.1","TLSv1.3","662","Application Data, Application Data"
"6877","160.409245","10.8.0.1","ord38s28-in-f10.1e100.net","TCP","54","47436  >  443 [ACK] Seq=5282 Ack=5291 Win=65535 Len=0"
"6878","160.409861","10.8.0.1","ord38s28-in-f10.1e100.net","TLSv1.3","85","Application Data"
"6879","160.409872","ord38s28-in-f10.1e100.net","10.8.0.1","TCP","54","443  >  47436 [ACK] Seq=5291 Ack=5313 Win=65535 Len=0"
"6880","160.419084","lga15s46-in-f35.1e100.net","10.8.0.1","TLSv1.3","852","Application Data"
"6881","160.421288","10.8.0.1","lga15s46-in-f35.1e100.net","TLSv1.3","89","Application Data"
"6882","160.421299","lga15s46-in-f35.1e100.net","10.8.0.1","TCP","54","443  >  45244 [ACK] Seq=2050 Ack=1987 Win=65535 Len=0"
"6883","160.423004","ord38s28-in-f10.1e100.net","10.8.0.1","TLSv1.3","302","Application Data, Application Data"
"6884","160.423123","10.8.0.1","ord38s28-in-f10.1e100.net","TCP","54","47436  >  443 [ACK] Seq=5313 Ack=5539 Win=65535 Len=0"
"6885","160.424579","10.8.0.1","ord38s28-in-f10.1e100.net","TLSv1.3","93","Application Data"
"6886","160.424590","ord38s28-in-f10.1e100.net","10.8.0.1","TCP","54","443  >  47436 [ACK] Seq=5539 Ack=5352 Win=65535 Len=0"
"6887","160.474559","lga15s46-in-f35.1e100.net","10.8.0.1","TLSv1.3","124","Application Data, Application Data"
"6888","160.474880","10.8.0.1","lga15s46-in-f35.1e100.net","TLSv1.3","93","Application Data"
"6889","160.474890","lga15s46-in-f35.1e100.net","10.8.0.1","TCP","54","443  >  45244 [ACK] Seq=2120 Ack=2026 Win=65535 Len=0"
"6890","160.515489","ord38s28-in-f10.1e100.net","10.8.0.1","TLSv1.3","238","Application Data"
"6891","160.553822","10.8.0.1","ord38s28-in-f10.1e100.net","TCP","54","47436  >  443 [ACK] Seq=5352 Ack=5723 Win=65535 Len=0"
"6892","160.568361","ord38s28-in-f10.1e100.net","10.8.0.1","TLSv1.3","156","Application Data, Application Data"
"6893","160.568490","10.8.0.1","ord38s28-in-f10.1e100.net","TCP","54","47436  >  443 [ACK] Seq=5352 Ack=5825 Win=65535 Len=0"
"6894","161.117997","10.8.0.1","ord37s32-in-f3.1e100.net","TCP","118","[TCP Retransmission] 57828  >  443 [PSH, ACK] Seq=518 Ack=4713 Win=65535 Len=64"
"6895","162.248497","edge-star-shv-01-ort2.facebook.com","10.8.0.1","TLSv1.3","93","Application Data"
"6896","162.248547","10.8.0.1","edge-star-shv-01-ort2.facebook.com","TCP","54","42612  >  443 [ACK] Seq=470 Ack=2683 Win=67107840 Len=0"
"6897","162.248574","edge-star-shv-01-ort2.facebook.com","10.8.0.1","TCP","54","443  >  42612 [FIN, ACK] Seq=2683 Ack=470 Win=65535 Len=0"
"6898","162.248800","10.8.0.1","edge-star-shv-01-ort2.facebook.com","TCP","54","42612  >  443 [FIN, ACK] Seq=470 Ack=2684 Win=67107840 Len=0"
"6899","162.248821","edge-star-shv-01-ort2.facebook.com","10.8.0.1","TCP","54","443  >  42612 [ACK] Seq=2684 Ack=471 Win=65535 Len=0"
"6900","162.248859","edge-star-shv-01-ort2.facebook.com","10.8.0.1","TCP","54","443  >  42612 [FIN, ACK] Seq=2684 Ack=471 Win=65535 Len=0"
"6901","162.248864","10.8.0.1","edge-star-shv-01-ort2.facebook.com","TCP","54","42612  >  443 [RST] Seq=471 Win=0 Len=0"
"6902","162.249586","edge-star-mini-shv-01-msp1.facebook.com","10.8.0.1","TLSv1.3","93","Application Data"
"6903","162.249627","edge-star-mini-shv-01-msp1.facebook.com","10.8.0.1","TLSv1.3","93","Application Data"
"6904","162.249631","10.8.0.1","edge-star-mini-shv-01-msp1.facebook.com","TCP","54","35480  >  443 [ACK] Seq=474 Ack=511 Win=67107840 Len=0"
"6905","162.249637","10.8.0.1","edge-star-mini-shv-01-msp1.facebook.com","TCP","54","35474  >  443 [ACK] Seq=472 Ack=511 Win=67107840 Len=0"
"6906","162.249649","edge-star-mini-shv-01-msp1.facebook.com","10.8.0.1","TCP","54","443  >  35480 [FIN, ACK] Seq=511 Ack=474 Win=65535 Len=0"
"6907","162.249683","edge-star-mini-shv-01-msp1.facebook.com","10.8.0.1","TCP","54","443  >  35474 [FIN, ACK] Seq=511 Ack=472 Win=65535 Len=0"
"6908","162.249961","10.8.0.1","edge-star-mini-shv-01-msp1.facebook.com","TCP","54","35480  >  443 [FIN, ACK] Seq=474 Ack=512 Win=67107840 Len=0"
"6909","162.250025","edge-star-mini-shv-01-msp1.facebook.com","10.8.0.1","TCP","54","443  >  35480 [ACK] Seq=512 Ack=475 Win=65535 Len=0"
"6910","162.250054","edge-star-mini-shv-01-msp1.facebook.com","10.8.0.1","TCP","54","443  >  35480 [FIN, ACK] Seq=512 Ack=475 Win=65535 Len=0"
"6911","162.250063","10.8.0.1","edge-star-mini-shv-01-msp1.facebook.com","TCP","54","35480  >  443 [RST] Seq=475 Win=0 Len=0"
"6912","162.250160","10.8.0.1","edge-star-mini-shv-01-msp1.facebook.com","TCP","54","35474  >  443 [FIN, ACK] Seq=472 Ack=512 Win=67107840 Len=0"
"6913","162.250204","edge-star-mini-shv-01-msp1.facebook.com","10.8.0.1","TCP","54","443  >  35474 [ACK] Seq=512 Ack=473 Win=65535 Len=0"
"6914","162.250231","edge-star-mini-shv-01-msp1.facebook.com","10.8.0.1","TCP","54","443  >  35474 [FIN, ACK] Seq=512 Ack=473 Win=65535 Len=0"
"6915","162.250240","10.8.0.1","edge-star-mini-shv-01-msp1.facebook.com","TCP","54","35474  >  443 [RST] Seq=473 Win=0 Len=0"
"6916","166.728323","ec2-44-235-254-117.us-west-2.compute.amazonaws.com","10.8.0.1","TLSv1.2","85","Encrypted Alert"
"6917","166.728363","10.8.0.1","ec2-44-235-254-117.us-west-2.compute.amazonaws.com","TCP","54","46790  >  443 [ACK] Seq=941 Ack=6957 Win=65535 Len=0"
"6918","167.166159","10.8.0.1","lga15s46-in-f35.1e100.net","TCP","74","45252  >  443 [SYN] Seq=0 Win=65535 Len=0 MSS=1460 SACK_PERM=1 TSval=2005085479 TSecr=0 WS=1024"
"6919","167.167213","lga15s46-in-f35.1e100.net","10.8.0.1","TCP","54","443  >  45252 [SYN, ACK] Seq=0 Ack=1 Win=65535 Len=0"
"6920","167.167238","10.8.0.1","lga15s46-in-f35.1e100.net","TCP","54","45252  >  443 [ACK] Seq=1 Ack=1 Win=65535 Len=0"
"6921","167.170883","10.8.0.1","lga15s46-in-f35.1e100.net","TLSv1.3","571","Client Hello"
"6922","167.170901","lga15s46-in-f35.1e100.net","10.8.0.1","TCP","54","443  >  45252 [ACK] Seq=1 Ack=518 Win=65535 Len=0"
"6923","167.368885","lga15s46-in-f35.1e100.net","10.8.0.1","TLSv1.3","2810","Server Hello, Change Cipher Spec"
"6924","167.368913","10.8.0.1","lga15s46-in-f35.1e100.net","TCP","54","45252  >  443 [ACK] Seq=518 Ack=2757 Win=65535 Len=0"
"6925","167.368935","lga15s46-in-f35.1e100.net","10.8.0.1","TCP","134","443  >  45252 [PSH, ACK] Seq=2757 Ack=518 Win=65535 Len=80 [TCP segment of a reassembled PDU]"
"6926","167.368941","10.8.0.1","lga15s46-in-f35.1e100.net","TCP","54","45252  >  443 [ACK] Seq=518 Ack=2837 Win=65535 Len=0"
"6927","167.368978","lga15s46-in-f35.1e100.net","10.8.0.1","TCP","1432","443  >  45252 [PSH, ACK] Seq=2837 Ack=518 Win=65535 Len=1378 [TCP segment of a reassembled PDU]"
"6928","167.368983","10.8.0.1","lga15s46-in-f35.1e100.net","TCP","54","45252  >  443 [ACK] Seq=518 Ack=4215 Win=65535 Len=0"
"6929","167.417268","lga15s46-in-f35.1e100.net","10.8.0.1","TLSv1.3","183","Application Data"
"6930","167.417275","10.8.0.1","lga15s46-in-f35.1e100.net","TCP","54","45252  >  443 [ACK] Seq=518 Ack=4344 Win=65535 Len=0"
"6931","167.440765","10.8.0.1","lga15s46-in-f35.1e100.net","TLSv1.3","118","Change Cipher Spec, Application Data"
"6932","167.440807","lga15s46-in-f35.1e100.net","10.8.0.1","TCP","54","443  >  45252 [ACK] Seq=4344 Ack=582 Win=65535 Len=0"
"6933","167.442448","10.8.0.1","lga15s46-in-f35.1e100.net","TLSv1.3","346","Application Data"
"6934","167.442462","lga15s46-in-f35.1e100.net","10.8.0.1","TCP","54","443  >  45252 [ACK] Seq=4344 Ack=874 Win=65535 Len=0"
"6935","167.669458","lga15s46-in-f35.1e100.net","10.8.0.1","TLSv1.3","1432","Application Data"
"6936","167.669484","10.8.0.1","lga15s46-in-f35.1e100.net","TCP","54","45252  >  443 [ACK] Seq=874 Ack=5722 Win=65535 Len=0"
"6937","167.669505","lga15s46-in-f35.1e100.net","10.8.0.1","TCP","94","443  >  45252 [PSH, ACK] Seq=5722 Ack=874 Win=65535 Len=40 [TCP segment of a reassembled PDU]"
"6938","167.669511","10.8.0.1","lga15s46-in-f35.1e100.net","TCP","54","45252  >  443 [ACK] Seq=874 Ack=5762 Win=65535 Len=0"
"6939","167.678331","lga15s46-in-f35.1e100.net","10.8.0.1","TLSv1.3","1432","Application Data [TCP segment of a reassembled PDU]"
"6940","167.678337","10.8.0.1","lga15s46-in-f35.1e100.net","TCP","54","45252  >  443 [ACK] Seq=874 Ack=7140 Win=65535 Len=0"
"6941","167.678894","lga15s46-in-f35.1e100.net","10.8.0.1","TLSv1.3","2810","Application Data, Application Data"
"6942","167.678904","10.8.0.1","lga15s46-in-f35.1e100.net","TCP","54","45252  >  443 [ACK] Seq=874 Ack=9896 Win=65535 Len=0"
"6943","167.680801","lga15s46-in-f35.1e100.net","10.8.0.1","TLSv1.3","2810","Application Data, Application Data"
"6944","167.680811","10.8.0.1","lga15s46-in-f35.1e100.net","TCP","54","45252  >  443 [ACK] Seq=874 Ack=12652 Win=65535 Len=0"
"6945","167.680854","lga15s46-in-f35.1e100.net","10.8.0.1","TLSv1.3","1432","Application Data [TCP segment of a reassembled PDU]"
"6946","167.680859","10.8.0.1","lga15s46-in-f35.1e100.net","TCP","54","45252  >  443 [ACK] Seq=874 Ack=14030 Win=65535 Len=0"
"6947","167.728239","edge-star-shv-01-ort2.facebook.com","10.8.0.1","TLSv1.3","93","Application Data"
"6948","167.728284","lga15s46-in-f35.1e100.net","10.8.0.1","TLSv1.3","1432","Application Data [TCP segment of a reassembled PDU]"
"6949","167.728289","10.8.0.1","edge-star-shv-01-ort2.facebook.com","TCP","54","42618  >  443 [ACK] Seq=2241 Ack=3960 Win=67107840 Len=0"
"6950","167.728314","edge-star-shv-01-ort2.facebook.com","10.8.0.1","TCP","54","443  >  42618 [FIN, ACK] Seq=3960 Ack=2241 Win=65535 Len=0"
"6951","167.728366","10.8.0.1","lga15s46-in-f35.1e100.net","TCP","54","45252  >  443 [ACK] Seq=874 Ack=15408 Win=65535 Len=0"
"6952","167.728414","10.8.0.1","edge-star-shv-01-ort2.facebook.com","TCP","54","42618  >  443 [FIN, ACK] Seq=2241 Ack=3961 Win=67107840 Len=0"
"6953","167.728431","edge-star-shv-01-ort2.facebook.com","10.8.0.1","TCP","54","443  >  42618 [ACK] Seq=3961 Ack=2242 Win=65535 Len=0"
"6954","167.728473","edge-star-shv-01-ort2.facebook.com","10.8.0.1","TCP","54","443  >  42618 [FIN, ACK] Seq=3961 Ack=2242 Win=65535 Len=0"
"6955","167.728478","10.8.0.1","edge-star-shv-01-ort2.facebook.com","TCP","54","42618  >  443 [RST] Seq=2242 Win=0 Len=0"
"6956","167.730802","lga15s46-in-f35.1e100.net","10.8.0.1","TLSv1.3","1432","Application Data [TCP segment of a reassembled PDU]"
"6957","167.730808","10.8.0.1","lga15s46-in-f35.1e100.net","TCP","54","45252  >  443 [ACK] Seq=874 Ack=16786 Win=65535 Len=0"
"6958","167.730857","lga15s46-in-f35.1e100.net","10.8.0.1","TLSv1.3","2810","Application Data, Application Data"
"6959","167.730868","10.8.0.1","lga15s46-in-f35.1e100.net","TCP","54","45252  >  443 [ACK] Seq=874 Ack=19542 Win=65535 Len=0"
"6960","167.732827","lga15s46-in-f35.1e100.net","10.8.0.1","TLSv1.3","4188","Application Data, Application Data, Application Data"
"6961","167.732837","10.8.0.1","lga15s46-in-f35.1e100.net","TCP","54","45252  >  443 [ACK] Seq=874 Ack=23676 Win=65535 Len=0"
"6962","167.742029","lga15s46-in-f35.1e100.net","10.8.0.1","TLSv1.3","1432","Application Data [TCP segment of a reassembled PDU]"
"6963","167.742035","10.8.0.1","lga15s46-in-f35.1e100.net","TCP","54","45252  >  443 [ACK] Seq=874 Ack=25054 Win=65535 Len=0"
"6964","167.742733","lga15s46-in-f35.1e100.net","10.8.0.1","TLSv1.3","5566","Application Data, Application Data, Application Data, Application Data"
"6965","167.742743","10.8.0.1","lga15s46-in-f35.1e100.net","TCP","54","45252  >  443 [ACK] Seq=874 Ack=30566 Win=65535 Len=0"
"6966","167.742788","lga15s46-in-f35.1e100.net","10.8.0.1","TLSv1.3","2810","Application Data, Application Data"
"6967","167.742797","10.8.0.1","lga15s46-in-f35.1e100.net","TCP","54","45252  >  443 [ACK] Seq=874 Ack=33322 Win=65535 Len=0"
"6968","167.791079","lga15s46-in-f35.1e100.net","10.8.0.1","TLSv1.3","2810","Application Data [TCP segment of a reassembled PDU]"
"6969","167.791089","10.8.0.1","lga15s46-in-f35.1e100.net","TCP","54","45252  >  443 [ACK] Seq=874 Ack=36078 Win=65535 Len=0"
"6970","167.791131","lga15s46-in-f35.1e100.net","10.8.0.1","TLSv1.3","2810","Application Data, Application Data"
"6971","167.791140","10.8.0.1","lga15s46-in-f35.1e100.net","TCP","54","45252  >  443 [ACK] Seq=874 Ack=38834 Win=65535 Len=0"
"6972","167.792749","lga15s46-in-f35.1e100.net","10.8.0.1","TLSv1.3","4188","Application Data, Application Data, Application Data, Application Data"
"6973","167.792760","10.8.0.1","lga15s46-in-f35.1e100.net","TCP","54","45252  >  443 [ACK] Seq=874 Ack=42968 Win=65535 Len=0"
"6974","167.802552","lga15s46-in-f35.1e100.net","10.8.0.1","TLSv1.3","1432","Application Data [TCP segment of a reassembled PDU]"
"6975","167.802702","10.8.0.1","lga15s46-in-f35.1e100.net","TCP","54","45252  >  443 [ACK] Seq=874 Ack=44346 Win=65535 Len=0"
"6976","167.802764","lga15s46-in-f35.1e100.net","10.8.0.1","TLSv1.3","2810","Application Data, Application Data"
"6977","167.802788","10.8.0.1","lga15s46-in-f35.1e100.net","TCP","54","45252  >  443 [ACK] Seq=874 Ack=47102 Win=65535 Len=0"
"6978","167.804997","lga15s46-in-f35.1e100.net","10.8.0.1","TLSv1.3","5566","Application Data, Application Data, Application Data, Application Data"
"6979","167.805006","10.8.0.1","lga15s46-in-f35.1e100.net","TCP","54","45252  >  443 [ACK] Seq=874 Ack=52614 Win=65535 Len=0"
"6980","167.805072","lga15s46-in-f35.1e100.net","10.8.0.1","TLSv1.3","19346","Application Data, Application Data, Application Data, Application Data, Application Data, Application Data, Application Data, Application Data, Application Data, Application Data, Application Data, Application Data, Application Data, Application Data"
"6981","167.805100","10.8.0.1","lga15s46-in-f35.1e100.net","TCP","54","45252  >  443 [ACK] Seq=874 Ack=71906 Win=65535 Len=0"
"6982","167.831547","lga15s46-in-f35.1e100.net","10.8.0.1","TLSv1.3","2810","Application Data, Application Data"
"6983","167.831562","10.8.0.1","lga15s46-in-f35.1e100.net","TCP","54","45252  >  443 [ACK] Seq=874 Ack=74662 Win=65535 Len=0"
"6984","167.832786","lga15s46-in-f35.1e100.net","10.8.0.1","TLSv1.3","2810","Application Data, Application Data"
"6985","167.832796","10.8.0.1","lga15s46-in-f35.1e100.net","TCP","54","45252  >  443 [ACK] Seq=874 Ack=77418 Win=65535 Len=0"
"6986","167.834819","lga15s46-in-f35.1e100.net","10.8.0.1","TLSv1.3","5566","Application Data, Application Data, Application Data, Application Data"
"6987","167.834833","10.8.0.1","lga15s46-in-f35.1e100.net","TCP","54","45252  >  443 [ACK] Seq=874 Ack=82930 Win=65535 Len=0"
"6988","167.840944","lga15s46-in-f35.1e100.net","10.8.0.1","TLSv1.3","1432","Application Data [TCP segment of a reassembled PDU]"
"6989","167.849444","10.8.0.1","lga15s46-in-f35.1e100.net","TCP","54","45252  >  443 [ACK] Seq=874 Ack=84308 Win=65535 Len=0"
"6990","167.849472","lga15s46-in-f35.1e100.net","10.8.0.1","TLSv1.3","6944","Application Data, Application Data, Application Data, Application Data, Application Data"
"6991","167.849485","10.8.0.1","lga15s46-in-f35.1e100.net","TCP","54","45252  >  443 [ACK] Seq=874 Ack=91198 Win=65535 Len=0"
"6992","167.852176","lga15s46-in-f35.1e100.net","10.8.0.1","TLSv1.3","1432","Application Data [TCP segment of a reassembled PDU]"
"6993","167.852255","10.8.0.1","lga15s46-in-f35.1e100.net","TCP","54","45252  >  443 [ACK] Seq=874 Ack=92576 Win=65535 Len=0"
"6994","167.854815","lga15s46-in-f35.1e100.net","10.8.0.1","TLSv1.3","6944","Application Data, Application Data, Application Data, Application Data, Application Data"
"6995","167.854829","10.8.0.1","lga15s46-in-f35.1e100.net","TCP","54","45252  >  443 [ACK] Seq=874 Ack=99466 Win=65535 Len=0"
"6996","167.862964","lga15s46-in-f35.1e100.net","10.8.0.1","TCP","1432","443  >  45252 [PSH, ACK] Seq=99466 Ack=874 Win=65535 Len=1378 [TCP segment of a reassembled PDU]"
"6997","167.863043","10.8.0.1","lga15s46-in-f35.1e100.net","TCP","54","45252  >  443 [ACK] Seq=874 Ack=100844 Win=65535 Len=0"
"6998","167.864792","lga15s46-in-f35.1e100.net","10.8.0.1","TLSv1.3","5566","Application Data, Application Data, Application Data, Application Data, Application Data"
"6999","167.864803","10.8.0.1","lga15s46-in-f35.1e100.net","TCP","54","45252  >  443 [ACK] Seq=874 Ack=106356 Win=65535 Len=0"
"7000","167.866766","lga15s46-in-f35.1e100.net","10.8.0.1","TLSv1.3","4188","Application Data, Application Data, Application Data"
"7001","167.866776","10.8.0.1","lga15s46-in-f35.1e100.net","TCP","54","45252  >  443 [ACK] Seq=874 Ack=110490 Win=65535 Len=0"
"7002","167.868792","lga15s46-in-f35.1e100.net","10.8.0.1","TLSv1.3","4188","Application Data, Application Data, Application Data"
"7003","167.868802","10.8.0.1","lga15s46-in-f35.1e100.net","TCP","54","45252  >  443 [ACK] Seq=874 Ack=114624 Win=65535 Len=0"
"7004","167.870807","lga15s46-in-f35.1e100.net","10.8.0.1","TLSv1.3","5566","Application Data, Application Data, Application Data, Application Data"
"7005","167.870817","10.8.0.1","lga15s46-in-f35.1e100.net","TCP","54","45252  >  443 [ACK] Seq=874 Ack=120136 Win=65535 Len=0"
"7006","167.872776","lga15s46-in-f35.1e100.net","10.8.0.1","TLSv1.3","5566","Application Data, Application Data, Application Data"
"7007","167.872785","10.8.0.1","lga15s46-in-f35.1e100.net","TCP","54","45252  >  443 [ACK] Seq=874 Ack=125648 Win=65535 Len=0"
"7008","167.874784","lga15s46-in-f35.1e100.net","10.8.0.1","TLSv1.3","6944","Application Data, Application Data, Application Data, Application Data, Application Data"
"7009","167.874798","10.8.0.1","lga15s46-in-f35.1e100.net","TCP","54","45252  >  443 [ACK] Seq=874 Ack=132538 Win=65535 Len=0"
"7010","167.876795","lga15s46-in-f35.1e100.net","10.8.0.1","TLSv1.3","6944","Application Data, Application Data, Application Data, Application Data, Application Data, Application Data"
"7011","167.876808","10.8.0.1","lga15s46-in-f35.1e100.net","TCP","54","45252  >  443 [ACK] Seq=874 Ack=139428 Win=65535 Len=0"
"7012","167.878715","lga15s46-in-f35.1e100.net","10.8.0.1","TLSv1.3","5566","Application Data, Application Data, Application Data, Application Data"
"7013","167.878726","10.8.0.1","lga15s46-in-f35.1e100.net","TCP","54","45252  >  443 [ACK] Seq=874 Ack=144940 Win=65535 Len=0"
"7014","167.880790","lga15s46-in-f35.1e100.net","10.8.0.1","TLSv1.3","4188","Application Data, Application Data, Application Data"
"7015","167.880800","10.8.0.1","lga15s46-in-f35.1e100.net","TCP","54","45252  >  443 [ACK] Seq=874 Ack=149074 Win=65535 Len=0"
"7016","167.882794","lga15s46-in-f35.1e100.net","10.8.0.1","TLSv1.3","4188","Application Data, Application Data"
"7017","167.882804","10.8.0.1","lga15s46-in-f35.1e100.net","TCP","54","45252  >  443 [ACK] Seq=874 Ack=153208 Win=65535 Len=0"
"7018","167.884822","lga15s46-in-f35.1e100.net","10.8.0.1","TLSv1.3","1432","Application Data [TCP segment of a reassembled PDU]"
"7019","167.884900","10.8.0.1","lga15s46-in-f35.1e100.net","TCP","54","45252  >  443 [ACK] Seq=874 Ack=154586 Win=65535 Len=0"
"7020","167.884922","lga15s46-in-f35.1e100.net","10.8.0.1","TLSv1.3","4188","Application Data, Application Data, Application Data"
"7021","167.884932","10.8.0.1","lga15s46-in-f35.1e100.net","TCP","54","45252  >  443 [ACK] Seq=874 Ack=158720 Win=65535 Len=0"
"7022","167.886797","lga15s46-in-f35.1e100.net","10.8.0.1","TLSv1.3","1432","Application Data [TCP segment of a reassembled PDU]"
"7023","167.886874","10.8.0.1","lga15s46-in-f35.1e100.net","TCP","54","45252  >  443 [ACK] Seq=874 Ack=160098 Win=65535 Len=0"
"7024","167.886897","lga15s46-in-f35.1e100.net","10.8.0.1","TLSv1.3","5566","Application Data, Application Data, Application Data, Application Data"
"7025","167.886907","10.8.0.1","lga15s46-in-f35.1e100.net","TCP","54","45252  >  443 [ACK] Seq=874 Ack=165610 Win=65535 Len=0"
"7026","167.888812","lga15s46-in-f35.1e100.net","10.8.0.1","TLSv1.3","5566","Application Data, Application Data, Application Data, Application Data"
"7027","167.888839","10.8.0.1","lga15s46-in-f35.1e100.net","TCP","54","45252  >  443 [ACK] Seq=874 Ack=171122 Win=65535 Len=0"
"7028","167.904237","lga15s46-in-f35.1e100.net","10.8.0.1","TLSv1.3","1432","Application Data, Application Data"
"7029","167.904324","10.8.0.1","lga15s46-in-f35.1e100.net","TCP","54","45252  >  443 [ACK] Seq=874 Ack=172500 Win=65535 Len=0"
"7030","167.904780","lga15s46-in-f35.1e100.net","10.8.0.1","TLSv1.3","1432","Application Data [TCP segment of a reassembled PDU]"
"7031","167.941831","10.8.0.1","lga15s46-in-f35.1e100.net","TCP","54","45252  >  443 [ACK] Seq=874 Ack=173878 Win=65535 Len=0"
"7032","167.941980","lga15s46-in-f35.1e100.net","10.8.0.1","TLSv1.3","44150","Application Data, Application Data, Application Data, Application Data, Application Data, Application Data, Application Data, Application Data, Application Data, Application Data, Application Data, Application Data, Application Data, Application Data, Application Data, Application Data, Application Data, Application Data, Application Data, Application Data, Application Data, Application Data, Application Data, Application Data, Application Data, Application Data, Application Data, Application Data, Application Data, Application Data, Application Data"
"7033","167.942042","10.8.0.1","lga15s46-in-f35.1e100.net","TCP","54","45252  >  443 [ACK] Seq=874 Ack=217974 Win=65535 Len=0"
"7034","167.942825","lga15s46-in-f35.1e100.net","10.8.0.1","TLSv1.3","4188","Application Data, Application Data, Application Data"
"7035","167.942835","10.8.0.1","lga15s46-in-f35.1e100.net","TCP","54","45252  >  443 [ACK] Seq=874 Ack=222108 Win=65535 Len=0"
"7036","167.944825","lga15s46-in-f35.1e100.net","10.8.0.1","TLSv1.3","4188","Application Data, Application Data, Application Data"
"7037","167.944835","10.8.0.1","lga15s46-in-f35.1e100.net","TCP","54","45252  >  443 [ACK] Seq=874 Ack=226242 Win=65535 Len=0"
"7038","167.946756","lga15s46-in-f35.1e100.net","10.8.0.1","TLSv1.3","4188","Application Data, Application Data, Application Data"
"7039","167.946767","10.8.0.1","lga15s46-in-f35.1e100.net","TCP","54","45252  >  443 [ACK] Seq=874 Ack=230376 Win=65535 Len=0"
"7040","167.948810","lga15s46-in-f35.1e100.net","10.8.0.1","TLSv1.3","4188","Application Data, Application Data, Application Data"
"7041","167.948819","10.8.0.1","lga15s46-in-f35.1e100.net","TCP","54","45252  >  443 [ACK] Seq=874 Ack=234510 Win=65535 Len=0"
"7042","167.950822","lga15s46-in-f35.1e100.net","10.8.0.1","TLSv1.3","5566","Application Data, Application Data, Application Data, Application Data"
"7043","167.950832","10.8.0.1","lga15s46-in-f35.1e100.net","TCP","54","45252  >  443 [ACK] Seq=874 Ack=240022 Win=65535 Len=0"
"7044","167.952805","lga15s46-in-f35.1e100.net","10.8.0.1","TLSv1.3","2810","Application Data, Application Data"
"7045","167.952813","10.8.0.1","lga15s46-in-f35.1e100.net","TCP","54","45252  >  443 [ACK] Seq=874 Ack=242778 Win=65535 Len=0"
"7046","167.954830","lga15s46-in-f35.1e100.net","10.8.0.1","TLSv1.3","2810","Application Data, Application Data"
"7047","167.954836","10.8.0.1","lga15s46-in-f35.1e100.net","TCP","54","45252  >  443 [ACK] Seq=874 Ack=245534 Win=65535 Len=0"
"7048","167.954891","lga15s46-in-f35.1e100.net","10.8.0.1","TLSv1.3","2810","Application Data, Application Data"
"7049","167.954899","10.8.0.1","lga15s46-in-f35.1e100.net","TCP","54","45252  >  443 [ACK] Seq=874 Ack=248290 Win=65535 Len=0"
"7050","167.956818","lga15s46-in-f35.1e100.net","10.8.0.1","TLSv1.3","1432","Application Data [TCP segment of a reassembled PDU]"
"7051","167.956900","10.8.0.1","lga15s46-in-f35.1e100.net","TCP","54","45252  >  443 [ACK] Seq=874 Ack=249668 Win=65535 Len=0"
"7052","167.958895","lga15s46-in-f35.1e100.net","10.8.0.1","TLSv1.3","2810","Application Data, Application Data"
"7053","167.958903","10.8.0.1","lga15s46-in-f35.1e100.net","TCP","54","45252  >  443 [ACK] Seq=874 Ack=252424 Win=65535 Len=0"
"7054","167.960786","lga15s46-in-f35.1e100.net","10.8.0.1","TLSv1.3","2810","Application Data, Application Data"
"7055","167.960795","10.8.0.1","lga15s46-in-f35.1e100.net","TCP","54","45252  >  443 [ACK] Seq=874 Ack=255180 Win=65535 Len=0"
"7056","167.962802","lga15s46-in-f35.1e100.net","10.8.0.1","TLSv1.3","1432","Application Data [TCP segment of a reassembled PDU]"
"7057","167.962877","10.8.0.1","lga15s46-in-f35.1e100.net","TCP","54","45252  >  443 [ACK] Seq=874 Ack=256558 Win=65535 Len=0"
"7058","167.964786","lga15s46-in-f35.1e100.net","10.8.0.1","TLSv1.3","2810","Application Data, Application Data"
"7059","167.964796","10.8.0.1","lga15s46-in-f35.1e100.net","TCP","54","45252  >  443 [ACK] Seq=874 Ack=259314 Win=65535 Len=0"
"7060","167.966794","lga15s46-in-f35.1e100.net","10.8.0.1","TLSv1.3","1432","Application Data [TCP segment of a reassembled PDU]"
"7061","167.966866","10.8.0.1","lga15s46-in-f35.1e100.net","TCP","54","45252  >  443 [ACK] Seq=874 Ack=260692 Win=65535 Len=0"
"7062","167.968818","lga15s46-in-f35.1e100.net","10.8.0.1","TLSv1.3","2810","Application Data, Application Data"
"7063","167.968827","10.8.0.1","lga15s46-in-f35.1e100.net","TCP","54","45252  >  443 [ACK] Seq=874 Ack=263448 Win=65535 Len=0"
"7064","167.970786","lga15s46-in-f35.1e100.net","10.8.0.1","TLSv1.3","1432","Application Data [TCP segment of a reassembled PDU]"
"7065","167.970861","10.8.0.1","lga15s46-in-f35.1e100.net","TCP","54","45252  >  443 [ACK] Seq=874 Ack=264826 Win=65535 Len=0"
"7066","167.972796","lga15s46-in-f35.1e100.net","10.8.0.1","TLSv1.3","2810","Application Data, Application Data"
"7067","167.972804","10.8.0.1","lga15s46-in-f35.1e100.net","TCP","54","45252  >  443 [ACK] Seq=874 Ack=267582 Win=65535 Len=0"
"7068","167.974816","lga15s46-in-f35.1e100.net","10.8.0.1","TLSv1.3","2810","Application Data, Application Data"
"7069","167.974824","10.8.0.1","lga15s46-in-f35.1e100.net","TCP","54","45252  >  443 [ACK] Seq=874 Ack=270338 Win=65535 Len=0"
"7070","167.976799","lga15s46-in-f35.1e100.net","10.8.0.1","TLSv1.3","2810","Application Data, Application Data"
"7071","167.976804","10.8.0.1","lga15s46-in-f35.1e100.net","TCP","54","45252  >  443 [ACK] Seq=874 Ack=273094 Win=65535 Len=0"
"7072","167.978704","lga15s46-in-f35.1e100.net","10.8.0.1","TLSv1.3","1432","Application Data [TCP segment of a reassembled PDU]"
"7073","167.978778","10.8.0.1","lga15s46-in-f35.1e100.net","TCP","54","45252  >  443 [ACK] Seq=874 Ack=274472 Win=65535 Len=0"
"7074","167.980806","lga15s46-in-f35.1e100.net","10.8.0.1","TLSv1.3","1432","Application Data [TCP segment of a reassembled PDU]"
"7075","168.017814","10.8.0.1","lga15s46-in-f35.1e100.net","TCP","54","45252  >  443 [ACK] Seq=874 Ack=275850 Win=65535 Len=0"
"7076","168.017892","lga15s46-in-f35.1e100.net","10.8.0.1","TLSv1.3","34504","Application Data, Application Data, Application Data, Application Data, Application Data, Application Data, Application Data, Application Data, Application Data, Application Data, Application Data, Application Data, Application Data, Application Data, Application Data, Application Data, Application Data, Application Data, Application Data, Application Data, Application Data, Application Data, Application Data, Application Data"
"7077","168.017952","10.8.0.1","lga15s46-in-f35.1e100.net","TCP","54","45252  >  443 [ACK] Seq=874 Ack=310300 Win=65535 Len=0"
"7078","168.018308","lga15s46-in-f35.1e100.net","10.8.0.1","TLSv1.3","1432","Application Data [TCP segment of a reassembled PDU]"
"7079","168.021079","10.8.0.1","lga15s46-in-f35.1e100.net","TCP","54","45252  >  443 [ACK] Seq=874 Ack=311678 Win=65535 Len=0"
"7080","168.021103","lga15s46-in-f35.1e100.net","10.8.0.1","TLSv1.3","5566","Application Data, Application Data, Application Data, Application Data, Application Data"
"7081","168.021112","10.8.0.1","lga15s46-in-f35.1e100.net","TCP","54","45252  >  443 [ACK] Seq=874 Ack=317190 Win=65535 Len=0"
"7082","168.022821","lga15s46-in-f35.1e100.net","10.8.0.1","TLSv1.3","2810","Application Data, Application Data"
"7083","168.022830","10.8.0.1","lga15s46-in-f35.1e100.net","TCP","54","45252  >  443 [ACK] Seq=874 Ack=319946 Win=65535 Len=0"
"7084","168.026231","lga15s46-in-f35.1e100.net","10.8.0.1","TLSv1.3","1432","Application Data [TCP segment of a reassembled PDU]"
"7085","168.026310","10.8.0.1","lga15s46-in-f35.1e100.net","TCP","54","45252  >  443 [ACK] Seq=874 Ack=321324 Win=65535 Len=0"
"7086","168.028819","lga15s46-in-f35.1e100.net","10.8.0.1","TLSv1.3","1432","Application Data [TCP segment of a reassembled PDU]"
"7087","168.029940","10.8.0.1","ord37s34-in-f14.1e100.net","TCP","119","[TCP Retransmission] 46060  >  443 [FIN, PSH, ACK] Seq=678 Ack=4707 Win=65535 Len=65"
"7088","168.029959","ord37s34-in-f14.1e100.net","10.8.0.1","TCP","54","[TCP Keep-Alive] 443  >  46060 [ACK] Seq=4707 Ack=679 Win=65535 Len=0"
"7089","168.029968","ord37s34-in-f14.1e100.net","10.8.0.1","TCP","54","[TCP Retransmission] 443  >  46060 [FIN, ACK] Seq=4707 Ack=679 Win=65535 Len=0"
"7090","168.065825","10.8.0.1","lga15s46-in-f35.1e100.net","TCP","54","45252  >  443 [ACK] Seq=874 Ack=322702 Win=65535 Len=0"
"7091","168.065888","lga15s46-in-f35.1e100.net","10.8.0.1","TLSv1.3","19346","Application Data, Application Data, Application Data, Application Data, Application Data, Application Data, Application Data, Application Data, Application Data, Application Data, Application Data, Application Data, Application Data"
"7092","168.065917","10.8.0.1","lga15s46-in-f35.1e100.net","TCP","54","45252  >  443 [ACK] Seq=874 Ack=341994 Win=65535 Len=0"
"7093","168.070188","lga15s46-in-f35.1e100.net","10.8.0.1","TLSv1.3","1432","Application Data [TCP segment of a reassembled PDU]"
"7094","168.070273","10.8.0.1","lga15s46-in-f35.1e100.net","TCP","54","45252  >  443 [ACK] Seq=874 Ack=343372 Win=65535 Len=0"
"7095","168.070807","lga15s46-in-f35.1e100.net","10.8.0.1","TLSv1.3","4188","Application Data, Application Data, Application Data"
"7096","168.070817","10.8.0.1","lga15s46-in-f35.1e100.net","TCP","54","45252  >  443 [ACK] Seq=874 Ack=347506 Win=65535 Len=0"
"7097","168.070868","lga15s46-in-f35.1e100.net","10.8.0.1","TLSv1.3","4188","Application Data, Application Data, Application Data"
"7098","168.070878","10.8.0.1","lga15s46-in-f35.1e100.net","TCP","54","45252  >  443 [ACK] Seq=874 Ack=351640 Win=65535 Len=0"
"7099","168.072830","lga15s46-in-f35.1e100.net","10.8.0.1","TLSv1.3","1432","Application Data [TCP segment of a reassembled PDU]"
"7100","168.073037","10.8.0.1","lga15s46-in-f35.1e100.net","TCP","54","45252  >  443 [ACK] Seq=874 Ack=353018 Win=65535 Len=0"
"7101","168.073070","lga15s46-in-f35.1e100.net","10.8.0.1","TLSv1.3","9700","Application Data, Application Data, Application Data, Application Data, Application Data, Application Data, Application Data"
"7102","168.073089","10.8.0.1","lga15s46-in-f35.1e100.net","TCP","54","45252  >  443 [ACK] Seq=874 Ack=362664 Win=65535 Len=0"
"7103","168.074823","lga15s46-in-f35.1e100.net","10.8.0.1","TLSv1.3","1432","Application Data [TCP segment of a reassembled PDU]"
"7104","168.074968","10.8.0.1","lga15s46-in-f35.1e100.net","TCP","54","45252  >  443 [ACK] Seq=874 Ack=364042 Win=65535 Len=0"
"7105","168.074987","lga15s46-in-f35.1e100.net","10.8.0.1","TLSv1.3","2810","Application Data, Application Data"
"7106","168.074996","10.8.0.1","lga15s46-in-f35.1e100.net","TCP","54","45252  >  443 [ACK] Seq=874 Ack=366798 Win=65535 Len=0"
"7107","168.084347","lga15s46-in-f35.1e100.net","10.8.0.1","TLSv1.3","1432","Application Data [TCP segment of a reassembled PDU]"
"7108","168.084433","10.8.0.1","lga15s46-in-f35.1e100.net","TCP","54","45252  >  443 [ACK] Seq=874 Ack=368176 Win=65535 Len=0"
"7109","168.084800","lga15s46-in-f35.1e100.net","10.8.0.1","TLSv1.3","1432","Application Data [TCP segment of a reassembled PDU]"
"7110","168.121816","10.8.0.1","lga15s46-in-f35.1e100.net","TCP","54","45252  >  443 [ACK] Seq=874 Ack=369554 Win=65535 Len=0"
"7111","168.121906","lga15s46-in-f35.1e100.net","10.8.0.1","TLSv1.3","42772","Application Data, Application Data, Application Data, Application Data, Application Data, Application Data, Application Data, Application Data, Application Data, Application Data, Application Data, Application Data, Application Data, Application Data, Application Data, Application Data, Application Data, Application Data, Application Data, Application Data, Application Data, Application Data, Application Data, Application Data, Application Data, Application Data, Application Data, Application Data, Application Data, Application Data, Application Data"
"7112","168.121961","10.8.0.1","lga15s46-in-f35.1e100.net","TCP","54","45252  >  443 [ACK] Seq=874 Ack=412272 Win=65535 Len=0"
"7113","168.123056","lga15s46-in-f35.1e100.net","10.8.0.1","TLSv1.3","9700","Application Data, Application Data, Application Data, Application Data, Application Data, Application Data, Application Data"
"7114","168.123073","10.8.0.1","lga15s46-in-f35.1e100.net","TCP","54","45252  >  443 [ACK] Seq=874 Ack=421918 Win=65535 Len=0"
"7115","168.123103","lga15s46-in-f35.1e100.net","10.8.0.1","TLSv1.3","2810","Application Data, Application Data"
"7116","168.123108","10.8.0.1","lga15s46-in-f35.1e100.net","TCP","54","45252  >  443 [ACK] Seq=874 Ack=424674 Win=65535 Len=0"
"7117","168.129924","lga15s46-in-f35.1e100.net","10.8.0.1","TLSv1.3","1432","Application Data [TCP segment of a reassembled PDU]"
"7118","168.130008","10.8.0.1","lga15s46-in-f35.1e100.net","TCP","54","45252  >  443 [ACK] Seq=874 Ack=426052 Win=65535 Len=0"
"7119","168.134826","lga15s46-in-f35.1e100.net","10.8.0.1","TLSv1.3","6944","Application Data, Application Data, Application Data, Application Data, Application Data"
"7120","168.134838","10.8.0.1","lga15s46-in-f35.1e100.net","TCP","54","45252  >  443 [ACK] Seq=874 Ack=432942 Win=65535 Len=0"
"7121","168.152971","lga15s46-in-f35.1e100.net","10.8.0.1","TLSv1.3","1432","Application Data [TCP segment of a reassembled PDU]"
"7122","168.153523","10.8.0.1","lga15s46-in-f35.1e100.net","TCP","54","45252  >  443 [ACK] Seq=874 Ack=434320 Win=65535 Len=0"
"7123","168.159046","lga15s46-in-f35.1e100.net","10.8.0.1","TLSv1.3","6944","Application Data, Application Data, Application Data, Application Data, Application Data"
"7124","168.159057","10.8.0.1","lga15s46-in-f35.1e100.net","TCP","54","45252  >  443 [ACK] Seq=874 Ack=441210 Win=65535 Len=0"
"7125","168.159094","lga15s46-in-f35.1e100.net","10.8.0.1","TLSv1.3","8322","Application Data, Application Data, Application Data, Application Data, Application Data, Application Data"
"7126","168.159109","10.8.0.1","lga15s46-in-f35.1e100.net","TCP","54","45252  >  443 [ACK] Seq=874 Ack=449478 Win=65535 Len=0"
"7127","168.159137","lga15s46-in-f35.1e100.net","10.8.0.1","TLSv1.3","8322","Application Data, Application Data, Application Data, Application Data, Application Data, Application Data"
"7128","168.159152","10.8.0.1","lga15s46-in-f35.1e100.net","TCP","54","45252  >  443 [ACK] Seq=874 Ack=457746 Win=65535 Len=0"
"7129","168.159183","lga15s46-in-f35.1e100.net","10.8.0.1","TLSv1.3","8322","Application Data, Application Data, Application Data, Application Data, Application Data, Application Data"
"7130","168.159198","10.8.0.1","lga15s46-in-f35.1e100.net","TCP","54","45252  >  443 [ACK] Seq=874 Ack=466014 Win=65535 Len=0"
"7131","168.159224","lga15s46-in-f35.1e100.net","10.8.0.1","TLSv1.3","8322","Application Data, Application Data, Application Data, Application Data, Application Data, Application Data"
"7132","168.159238","10.8.0.1","lga15s46-in-f35.1e100.net","TCP","54","45252  >  443 [ACK] Seq=874 Ack=474282 Win=65535 Len=0"
"7133","168.164810","lga15s46-in-f35.1e100.net","10.8.0.1","TLSv1.3","11078","Application Data, Application Data, Application Data, Application Data, Application Data, Application Data, Application Data"
"7134","168.164827","10.8.0.1","lga15s46-in-f35.1e100.net","TCP","54","45252  >  443 [ACK] Seq=874 Ack=485306 Win=65535 Len=0"
"7135","168.164850","lga15s46-in-f35.1e100.net","10.8.0.1","TLSv1.3","5566","Application Data, Application Data, Application Data, Application Data"
"7136","168.164862","10.8.0.1","lga15s46-in-f35.1e100.net","TCP","54","45252  >  443 [ACK] Seq=874 Ack=490818 Win=65535 Len=0"
"7137","168.164884","lga15s46-in-f35.1e100.net","10.8.0.1","TLSv1.3","5566","Application Data, Application Data, Application Data, Application Data"
"7138","168.164894","10.8.0.1","lga15s46-in-f35.1e100.net","TCP","54","45252  >  443 [ACK] Seq=874 Ack=496330 Win=65535 Len=0"
"7139","168.164916","lga15s46-in-f35.1e100.net","10.8.0.1","TLSv1.3","5566","Application Data, Application Data, Application Data, Application Data"
"7140","168.164926","10.8.0.1","lga15s46-in-f35.1e100.net","TCP","54","45252  >  443 [ACK] Seq=874 Ack=501842 Win=65535 Len=0"
"7141","168.164940","lga15s46-in-f35.1e100.net","10.8.0.1","TLSv1.3","1432","Application Data [TCP segment of a reassembled PDU]"
"7142","168.165754","10.8.0.1","lga15s46-in-f35.1e100.net","TCP","54","45252  >  443 [ACK] Seq=874 Ack=503220 Win=65535 Len=0"
"7143","168.170798","lga15s46-in-f35.1e100.net","10.8.0.1","TLSv1.3","1432","Application Data [TCP segment of a reassembled PDU]"
"7144","168.210008","10.8.0.1","lga15s46-in-f35.1e100.net","TCP","54","45252  >  443 [ACK] Seq=874 Ack=504598 Win=65535 Len=0"
"7145","168.210075","Google_00:00:01","Google_00:00:02","IPv4","65554","Bogus IP length (4, less than header length 20)"
"7146","168.729562","lga15s46-in-f35.1e100.net","10.8.0.1","TCP","54","[TCP Previous segment not captured] 443  >  45252 [FIN, ACK] Seq=570098 Ack=874 Win=65535 Len=0"
"7147","168.729674","10.8.0.1","lga15s46-in-f35.1e100.net","TCP","54","[TCP Dup ACK 7144#1] 45252  >  443 [ACK] Seq=874 Ack=504598 Win=65535 Len=0"
"7148","168.798109","10.8.0.1","ord37s35-in-f14.1e100.net","TCP","74","[TCP Retransmission] 34930  >  443 [FIN, PSH, ACK] Seq=1142 Ack=7204 Win=65535 Len=20"
"7149","168.798137","ord37s35-in-f14.1e100.net","10.8.0.1","TCP","54","[TCP Keep-Alive] 443  >  34930 [ACK] Seq=7204 Ack=1143 Win=65535 Len=0"
"7150","168.798146","ord37s35-in-f14.1e100.net","10.8.0.1","TCP","54","[TCP Retransmission] 443  >  34930 [FIN, ACK] Seq=7204 Ack=1143 Win=65535 Len=0"
"7151","169.030716","10.8.0.1","104.244.42.66","TLSv1.3","93","Application Data"
"7152","169.030759","104.244.42.66","10.8.0.1","TCP","54","443  >  55812 [ACK] Seq=5510 Ack=6181 Win=65535 Len=0"
"7153","169.128521","104.244.42.66","10.8.0.1","TLSv1.3","93","Application Data"
"7154","169.128533","10.8.0.1","104.244.42.66","TCP","54","55812  >  443 [ACK] Seq=6181 Ack=5549 Win=65535 Len=0"
"7155","169.527000","a23-35-209-55.deploy.static.akamaitechnologies.com","10.8.0.1","TLSv1.2","85","Encrypted Alert"
"7156","169.527040","10.8.0.1","a23-35-209-55.deploy.static.akamaitechnologies.com","TCP","54","39488  >  443 [ACK] Seq=1380 Ack=6956 Win=65535 Len=0"
"7157","169.527061","a23-35-209-55.deploy.static.akamaitechnologies.com","10.8.0.1","TCP","54","443  >  39488 [FIN, ACK] Seq=6956 Ack=1380 Win=65535 Len=0"
"7158","169.528752","10.8.0.1","a23-35-209-55.deploy.static.akamaitechnologies.com","TLSv1.2","85","Encrypted Alert"
"7159","169.529559","10.8.0.1","a23-35-209-55.deploy.static.akamaitechnologies.com","TCP","54","39488  >  443 [FIN, ACK] Seq=1411 Ack=6957 Win=65535 Len=0"
"7160","169.529714","a23-35-209-55.deploy.static.akamaitechnologies.com","10.8.0.1","TCP","54","443  >  39488 [ACK] Seq=6957 Ack=1412 Win=65535 Len=0"
"7161","169.529764","a23-35-209-55.deploy.static.akamaitechnologies.com","10.8.0.1","TCP","54","443  >  39488 [FIN, ACK] Seq=6957 Ack=1412 Win=65535 Len=0"
"7162","169.529774","10.8.0.1","a23-35-209-55.deploy.static.akamaitechnologies.com","TCP","54","39488  >  443 [RST] Seq=1412 Win=0 Len=0"
"7163","169.530876","a23-35-209-55.deploy.static.akamaitechnologies.com","10.8.0.1","TLSv1.2","85","Encrypted Alert"
"7164","169.530885","10.8.0.1","a23-35-209-55.deploy.static.akamaitechnologies.com","TCP","54","39492  >  443 [ACK] Seq=925 Ack=5096 Win=65535 Len=0"
"7165","169.530899","a23-35-209-55.deploy.static.akamaitechnologies.com","10.8.0.1","TCP","54","443  >  39492 [FIN, ACK] Seq=5096 Ack=925 Win=65535 Len=0"
"7166","169.531742","10.8.0.1","a23-35-209-55.deploy.static.akamaitechnologies.com","TLSv1.2","85","Encrypted Alert"
"7167","169.532246","10.8.0.1","a23-35-209-55.deploy.static.akamaitechnologies.com","TCP","54","39492  >  443 [FIN, ACK] Seq=956 Ack=5097 Win=65535 Len=0"
"7168","169.532305","a23-35-209-55.deploy.static.akamaitechnologies.com","10.8.0.1","TCP","54","443  >  39492 [ACK] Seq=5097 Ack=957 Win=65535 Len=0"
"7169","169.532332","a23-35-209-55.deploy.static.akamaitechnologies.com","10.8.0.1","TCP","54","443  >  39492 [FIN, ACK] Seq=5097 Ack=957 Win=65535 Len=0"
"7170","169.532341","10.8.0.1","a23-35-209-55.deploy.static.akamaitechnologies.com","TCP","54","39492  >  443 [RST] Seq=957 Win=0 Len=0"
"7171","171.847954","ec2-44-235-254-117.us-west-2.compute.amazonaws.com","10.8.0.1","TCP","54","443  >  46790 [FIN, ACK] Seq=6957 Ack=941 Win=65535 Len=0"
"7172","171.848229","10.8.0.1","ec2-44-235-254-117.us-west-2.compute.amazonaws.com","TCP","54","46790  >  443 [FIN, ACK] Seq=941 Ack=6958 Win=65535 Len=0"
"7173","171.848255","ec2-44-235-254-117.us-west-2.compute.amazonaws.com","10.8.0.1","TCP","54","443  >  46790 [ACK] Seq=6958 Ack=942 Win=65535 Len=0"
"7174","171.848291","ec2-44-235-254-117.us-west-2.compute.amazonaws.com","10.8.0.1","TCP","54","443  >  46790 [FIN, ACK] Seq=6958 Ack=942 Win=65535 Len=0"
"7175","171.848297","10.8.0.1","ec2-44-235-254-117.us-west-2.compute.amazonaws.com","TCP","54","46790  >  443 [RST] Seq=942 Win=0 Len=0"
"7176","174.942127","10.8.0.1","ord37s32-in-f3.1e100.net","TCP","118","[TCP Retransmission] 57828  >  443 [PSH, ACK] Seq=518 Ack=4713 Win=65535 Len=64"
"7177","177.758107","10.8.0.1","ord38s18-in-f2.1e100.net","TCP","210","[TCP Retransmission] 60806  >  443 [PSH, ACK] Seq=518 Ack=4309 Win=67107840 Len=156"
"7178","179.335093","10.8.0.1","ord37s35-in-f14.1e100.net","TCP","74","35030  >  443 [SYN] Seq=0 Win=65535 Len=0 MSS=1460 SACK_PERM=1 TSval=2465011871 TSecr=0 WS=1024"
"7179","179.336121","ord37s35-in-f14.1e100.net","10.8.0.1","TCP","54","443  >  35030 [SYN, ACK] Seq=0 Ack=1 Win=65535 Len=0"
"7180","179.336151","10.8.0.1","ord37s35-in-f14.1e100.net","TCP","54","35030  >  443 [ACK] Seq=1 Ack=1 Win=65535 Len=0"
"7181","179.338183","10.8.0.1","ord37s35-in-f14.1e100.net","TLSv1.3","571","Client Hello"
"7182","179.338210","ord37s35-in-f14.1e100.net","10.8.0.1","TCP","54","443  >  35030 [ACK] Seq=1 Ack=518 Win=65535 Len=0"
"7183","179.683503","ord37s35-in-f14.1e100.net","10.8.0.1","TLSv1.3","1432","Server Hello, Change Cipher Spec"
"7184","179.683534","10.8.0.1","ord37s35-in-f14.1e100.net","TCP","54","35030  >  443 [ACK] Seq=518 Ack=1379 Win=65535 Len=0"
"7185","179.683554","ord37s35-in-f14.1e100.net","10.8.0.1","TCP","94","443  >  35030 [PSH, ACK] Seq=1379 Ack=518 Win=65535 Len=40 [TCP segment of a reassembled PDU]"
"7186","179.683577","10.8.0.1","ord37s35-in-f14.1e100.net","TCP","54","35030  >  443 [ACK] Seq=518 Ack=1419 Win=65535 Len=0"
"7187","179.685308","ord37s35-in-f14.1e100.net","10.8.0.1","TCP","2810","443  >  35030 [PSH, ACK] Seq=1419 Ack=518 Win=65535 Len=2756 [TCP segment of a reassembled PDU]"
"7188","179.685314","10.8.0.1","ord37s35-in-f14.1e100.net","TCP","54","35030  >  443 [ACK] Seq=518 Ack=4175 Win=65535 Len=0"
"7189","179.735163","ord37s35-in-f14.1e100.net","10.8.0.1","TCP","1432","443  >  35030 [PSH, ACK] Seq=4175 Ack=518 Win=65535 Len=1378 [TCP segment of a reassembled PDU]"
"7190","179.735182","10.8.0.1","ord37s35-in-f14.1e100.net","TCP","54","35030  >  443 [ACK] Seq=518 Ack=5553 Win=65535 Len=0"
"7191","179.812613","ord37s35-in-f14.1e100.net","10.8.0.1","TLSv1.3","1146","Application Data"
"7192","179.812620","10.8.0.1","ord37s35-in-f14.1e100.net","TCP","54","35030  >  443 [ACK] Seq=518 Ack=6645 Win=65535 Len=0"
"7193","179.828777","10.8.0.1","ord37s35-in-f14.1e100.net","TLSv1.3","118","Change Cipher Spec, Application Data"
"7194","179.828793","ord37s35-in-f14.1e100.net","10.8.0.1","TCP","54","443  >  35030 [ACK] Seq=6645 Ack=582 Win=65535 Len=0"
"7195","179.834559","10.8.0.1","ord37s35-in-f14.1e100.net","TCP","590","35030  >  443 [ACK] Seq=582 Ack=6645 Win=65535 Len=536 [TCP segment of a reassembled PDU]"
"7196","179.834585","ord37s35-in-f14.1e100.net","10.8.0.1","TCP","54","443  >  35030 [ACK] Seq=6645 Ack=1118 Win=65535 Len=0"
"7197","179.834591","10.8.0.1","ord37s35-in-f14.1e100.net","TLSv1.3","74","Application Data"
"7198","179.834603","ord37s35-in-f14.1e100.net","10.8.0.1","TCP","54","443  >  35030 [ACK] Seq=6645 Ack=1138 Win=65535 Len=0"
"7199","180.181830","ord37s35-in-f14.1e100.net","10.8.0.1","TLSv1.3","1323","Application Data, Application Data"
"7200","180.181841","10.8.0.1","ord37s35-in-f14.1e100.net","TCP","54","35030  >  443 [ACK] Seq=1138 Ack=7914 Win=65535 Len=0"
"7201","180.252677","ord37s35-in-f14.1e100.net","10.8.0.1","TLSv1.3","816","Application Data, Application Data, Application Data"
"7202","180.252702","10.8.0.1","ord37s35-in-f14.1e100.net","TCP","54","35030  >  443 [ACK] Seq=1138 Ack=8676 Win=65535 Len=0"
"7203","180.254384","10.8.0.1","ord37s33-in-f2.1e100.net","TLSv1.3","78","Application Data"
"7204","180.254401","ord37s33-in-f2.1e100.net","10.8.0.1","TCP","54","443  >  43322 [ACK] Seq=6270 Ack=1254 Win=65535 Len=0"
"7205","180.254787","10.8.0.1","ord37s33-in-f2.1e100.net","TCP","54","43322  >  443 [FIN, ACK] Seq=1254 Ack=6270 Win=65535 Len=0"
"7206","180.254884","ord37s33-in-f2.1e100.net","10.8.0.1","TCP","54","443  >  43322 [ACK] Seq=6270 Ack=1255 Win=65535 Len=0"
"7207","180.254931","ord37s33-in-f2.1e100.net","10.8.0.1","TCP","54","443  >  43322 [FIN, ACK] Seq=6270 Ack=1255 Win=65535 Len=0"
"7208","180.255026","10.8.0.1","ord37s33-in-f2.1e100.net","TCP","54","43322  >  443 [ACK] Seq=1255 Ack=6271 Win=65535 Len=0"
"7209","184.814945","ec2-54-185-210-229.us-west-2.compute.amazonaws.com","10.8.0.1","TLSv1.2","85","Encrypted Alert"
"7210","184.814983","10.8.0.1","ec2-54-185-210-229.us-west-2.compute.amazonaws.com","TCP","54","52128  >  443 [ACK] Seq=2328 Ack=6963 Win=65535 Len=0"
"7211","184.815008","ec2-54-185-210-229.us-west-2.compute.amazonaws.com","10.8.0.1","TCP","54","443  >  52128 [FIN, ACK] Seq=6963 Ack=2328 Win=65535 Len=0"
"7212","184.815655","10.8.0.1","ec2-54-185-210-229.us-west-2.compute.amazonaws.com","TCP","54","52128  >  443 [FIN, ACK] Seq=2328 Ack=6964 Win=65535 Len=0"
"7213","184.815675","ec2-54-185-210-229.us-west-2.compute.amazonaws.com","10.8.0.1","TCP","54","443  >  52128 [ACK] Seq=6964 Ack=2329 Win=65535 Len=0"
"7214","184.815710","ec2-54-185-210-229.us-west-2.compute.amazonaws.com","10.8.0.1","TCP","54","443  >  52128 [FIN, ACK] Seq=6964 Ack=2329 Win=65535 Len=0"
"7215","184.815715","10.8.0.1","ec2-54-185-210-229.us-west-2.compute.amazonaws.com","TCP","54","52128  >  443 [RST] Seq=2329 Win=0 Len=0"
"7216","188.172532","10.8.0.1","lga15s46-in-f35.1e100.net","TLSv1.3","78","Application Data"
"7217","188.178795","10.8.0.1","lga15s46-in-f35.1e100.net","TCP","54","45252  >  443 [FIN, ACK] Seq=898 Ack=504598 Win=65535 Len=0"
"7218","188.178933","lga15s46-in-f35.1e100.net","10.8.0.1","TCP","54","443  >  45252 [ACK] Seq=504598 Ack=899 Win=65535 Len=0"
"7219","188.178981","lga15s46-in-f35.1e100.net","10.8.0.1","TCP","54","[TCP Retransmission] 443  >  45252 [FIN, ACK] Seq=504598 Ack=899 Win=65535 Len=0"
"7220","188.178990","10.8.0.1","lga15s46-in-f35.1e100.net","TCP","54","45252  >  443 [ACK] Seq=899 Ack=504599 Win=65535 Len=0"
"7221","188.653711","40.70.161.102","10.8.0.1","TLSv1.2","85","Encrypted Alert"
"7222","188.653733","10.8.0.1","40.70.161.102","TCP","54","40794  >  443 [ACK] Seq=1503 Ack=5664 Win=65535 Len=0"
"7223","188.653755","40.70.161.102","10.8.0.1","TCP","54","443  >  40794 [FIN, ACK] Seq=5664 Ack=1503 Win=65535 Len=0"
"7224","188.654180","10.8.0.1","40.70.161.102","TCP","54","40794  >  443 [FIN, ACK] Seq=1503 Ack=5665 Win=65535 Len=0"
"7225","188.654204","40.70.161.102","10.8.0.1","TCP","54","443  >  40794 [ACK] Seq=5665 Ack=1504 Win=65535 Len=0"
"7226","188.654225","40.70.161.102","10.8.0.1","TCP","54","443  >  40794 [FIN, ACK] Seq=5665 Ack=1504 Win=65535 Len=0"
"7227","188.654230","10.8.0.1","40.70.161.102","TCP","54","40794  >  443 [RST] Seq=1504 Win=0 Len=0"
"7228","188.893462","ec2-34-215-33-174.us-west-2.compute.amazonaws.com","10.8.0.1","TLSv1.2","131","Application Data, Encrypted Alert"
"7229","188.893487","10.8.0.1","ec2-34-215-33-174.us-west-2.compute.amazonaws.com","TCP","54","51998  >  443 [ACK] Seq=5785 Ack=6264 Win=65535 Len=0"
"7230","188.893509","ec2-34-215-33-174.us-west-2.compute.amazonaws.com","10.8.0.1","TCP","54","443  >  51998 [FIN, ACK] Seq=6264 Ack=5785 Win=65535 Len=0"
"7231","188.893726","10.8.0.1","ec2-34-215-33-174.us-west-2.compute.amazonaws.com","TCP","54","51998  >  443 [FIN, ACK] Seq=5785 Ack=6265 Win=65535 Len=0"
"7232","188.893742","ec2-34-215-33-174.us-west-2.compute.amazonaws.com","10.8.0.1","TCP","54","443  >  51998 [ACK] Seq=6265 Ack=5786 Win=65535 Len=0"
"7233","188.893763","ec2-34-215-33-174.us-west-2.compute.amazonaws.com","10.8.0.1","TCP","54","443  >  51998 [FIN, ACK] Seq=6265 Ack=5786 Win=65535 Len=0"
"7234","188.893767","10.8.0.1","ec2-34-215-33-174.us-west-2.compute.amazonaws.com","TCP","54","51998  >  443 [RST] Seq=5786 Win=0 Len=0"
"7235","189.031812","10.8.0.1","104.244.42.66","TLSv1.3","93","Application Data"
"7236","189.031839","104.244.42.66","10.8.0.1","TCP","54","443  >  55812 [ACK] Seq=5549 Ack=6220 Win=65535 Len=0"
"7237","189.212253","104.244.42.66","10.8.0.1","TLSv1.3","93","Application Data"
"7238","189.212263","10.8.0.1","104.244.42.66","TCP","54","55812  >  443 [ACK] Seq=6220 Ack=5588 Win=65535 Len=0"
"7239","190.046079","10.8.0.1","ord37s35-in-f14.1e100.net","TCP","73","[TCP Retransmission] 34930  >  443 [FIN, PSH, ACK] Seq=1143 Ack=7204 Win=65535 Len=19"
"7240","190.046151","ord37s35-in-f14.1e100.net","10.8.0.1","TCP","54","[TCP Keep-Alive] 443  >  34930 [ACK] Seq=7204 Ack=1144 Win=65535 Len=0"
"7241","190.046163","ord37s35-in-f14.1e100.net","10.8.0.1","TCP","54","[TCP Retransmission] 443  >  34930 [FIN, ACK] Seq=7204 Ack=1144 Win=65535 Len=0"
"7242","190.046169","10.8.0.1","ord37s34-in-f14.1e100.net","TCP","118","[TCP Retransmission] 46060  >  443 [FIN, PSH, ACK] Seq=679 Ack=4707 Win=65535 Len=64"
"7243","190.046180","ord37s34-in-f14.1e100.net","10.8.0.1","TCP","54","[TCP Keep-Alive] 443  >  46060 [ACK] Seq=4707 Ack=680 Win=65535 Len=0"
"7244","190.046186","ord37s34-in-f14.1e100.net","10.8.0.1","TCP","54","[TCP Retransmission] 443  >  46060 [FIN, ACK] Seq=4707 Ack=680 Win=65535 Len=0"
"7245","195.403639","10.8.0.1","ftp8.ofertadasorte.com.br","NTP","90","NTP Version 3, client"
"7246","195.694443","ftp8.ofertadasorte.com.br","10.8.0.1","NTP","90","NTP Version 3, server"
"7247","196.190081","10.8.0.1","104.244.42.66","TCP","107","[TCP Retransmission] 55314  >  443 [FIN, PSH, ACK] Seq=7778 Ack=6016 Win=65535 Len=53"
"7248","196.190175","104.244.42.66","10.8.0.1","TCP","54","[TCP Keep-Alive] 443  >  55314 [ACK] Seq=6016 Ack=7779 Win=65535 Len=0"
"7249","196.190188","104.244.42.66","10.8.0.1","TCP","54","[TCP Retransmission] 443  >  55314 [FIN, ACK] Seq=6016 Ack=7779 Win=65535 Len=0"
"7250","198.894501","ord37s34-in-f10.1e100.net","10.8.0.1","TCP","54","443  >  59282 [FIN, ACK] Seq=2026 Ack=1833 Win=65535 Len=0"
"7251","198.894965","10.8.0.1","ord37s34-in-f10.1e100.net","TCP","54","59282  >  443 [FIN, ACK] Seq=1833 Ack=2027 Win=65535 Len=0"
"7252","198.894990","ord37s34-in-f10.1e100.net","10.8.0.1","TCP","54","443  >  59282 [ACK] Seq=2027 Ack=1834 Win=65535 Len=0"
"7253","198.895027","ord37s34-in-f10.1e100.net","10.8.0.1","TCP","54","443  >  59282 [FIN, ACK] Seq=2027 Ack=1834 Win=65535 Len=0"
"7254","198.895032","10.8.0.1","ord37s34-in-f10.1e100.net","TCP","54","59282  >  443 [RST] Seq=1834 Win=0 Len=0"
"7255","202.334065","10.8.0.1","ord37s32-in-f3.1e100.net","TCP","118","[TCP Retransmission] 57828  >  443 [PSH, ACK] Seq=518 Ack=4713 Win=65535 Len=64"
"7256","202.334113","10.8.0.1","ord37s34-in-f10.1e100.net","TCP","210","[TCP Retransmission] 59734  >  443 [PSH, ACK] Seq=518 Ack=4681 Win=67107840 Len=156"
"7257","202.334176","10.8.0.1","ord37s34-in-f10.1e100.net","TCP","118","[TCP Retransmission] 59740  >  443 [PSH, ACK] Seq=518 Ack=4681 Win=67107840 Len=64"
"7258","205.965220","ord37s34-in-f4.1e100.net","10.8.0.1","TCP","54","443  >  37358 [FIN, ACK] Seq=6237 Ack=12921 Win=65535 Len=0"
"7259","205.965652","10.8.0.1","ord37s34-in-f4.1e100.net","TCP","54","37358  >  443 [FIN, ACK] Seq=12921 Ack=6238 Win=65535 Len=0"
"7260","205.965690","ord37s34-in-f4.1e100.net","10.8.0.1","TCP","54","443  >  37358 [ACK] Seq=6238 Ack=12922 Win=65535 Len=0"
"7261","205.965725","ord37s34-in-f4.1e100.net","10.8.0.1","TCP","54","443  >  37358 [FIN, ACK] Seq=6238 Ack=12922 Win=65535 Len=0"
"7262","205.965731","10.8.0.1","ord37s34-in-f4.1e100.net","TCP","54","37358  >  443 [RST] Seq=12922 Win=0 Len=0"
"7263","206.706547","10.8.0.1","104.244.42.66","TCP","590","55812  >  443 [ACK] Seq=6220 Ack=5588 Win=65535 Len=536 [TCP segment of a reassembled PDU]"
"7264","206.706626","104.244.42.66","10.8.0.1","TCP","54","443  >  55812 [ACK] Seq=5588 Ack=6756 Win=65535 Len=0"
"7265","206.706633","10.8.0.1","104.244.42.66","TCP","590","55812  >  443 [PSH, ACK] Seq=6756 Ack=5588 Win=65535 Len=536 [TCP segment of a reassembled PDU]"
"7266","206.706645","104.244.42.66","10.8.0.1","TCP","54","443  >  55812 [ACK] Seq=5588 Ack=7292 Win=65535 Len=0"
"7267","206.706649","10.8.0.1","104.244.42.66","TCP","590","55812  >  443 [ACK] Seq=7292 Ack=5588 Win=65535 Len=536 [TCP segment of a reassembled PDU]"
"7268","206.706658","104.244.42.66","10.8.0.1","TCP","54","443  >  55812 [ACK] Seq=5588 Ack=7828 Win=65535 Len=0"
"7269","206.706667","10.8.0.1","104.244.42.66","TLSv1.3","559","Application Data"
"7270","206.706702","104.244.42.66","10.8.0.1","TCP","54","443  >  55812 [ACK] Seq=5588 Ack=8333 Win=65535 Len=0"
"7271","206.706708","10.8.0.1","104.244.42.66","TLSv1.3","85","Application Data"
"7272","206.706716","104.244.42.66","10.8.0.1","TCP","54","443  >  55812 [ACK] Seq=5588 Ack=8364 Win=65535 Len=0"
"7273","206.893214","104.244.42.66","10.8.0.1","TLSv1.3","184","Application Data"
"7274","206.893241","10.8.0.1","104.244.42.66","TCP","54","55812  >  443 [ACK] Seq=8364 Ack=5718 Win=65535 Len=0"
"7275","206.914539","10.8.0.1","104.244.42.66","TCP","590","55812  >  443 [ACK] Seq=8364 Ack=5718 Win=65535 Len=536 [TCP segment of a reassembled PDU]"
"7276","206.914556","104.244.42.66","10.8.0.1","TCP","54","443  >  55812 [ACK] Seq=5718 Ack=8900 Win=65535 Len=0"
"7277","206.914561","10.8.0.1","104.244.42.66","TCP","590","55812  >  443 [PSH, ACK] Seq=8900 Ack=5718 Win=65535 Len=536 [TCP segment of a reassembled PDU]"
"7278","206.914571","104.244.42.66","10.8.0.1","TCP","54","443  >  55812 [ACK] Seq=5718 Ack=9436 Win=65535 Len=0"
"7279","206.914575","10.8.0.1","104.244.42.66","TCP","590","55812  >  443 [ACK] Seq=9436 Ack=5718 Win=65535 Len=536 [TCP segment of a reassembled PDU]"
"7280","206.914582","104.244.42.66","10.8.0.1","TCP","54","443  >  55812 [ACK] Seq=5718 Ack=9972 Win=65535 Len=0"
"7281","206.914589","10.8.0.1","104.244.42.66","TLSv1.3","461","Application Data"
"7282","206.914599","104.244.42.66","10.8.0.1","TCP","54","443  >  55812 [ACK] Seq=5718 Ack=10379 Win=65535 Len=0"
"7283","207.133254","104.244.42.66","10.8.0.1","TLSv1.3","169","Application Data"
"7284","207.169847","10.8.0.1","104.244.42.66","TCP","54","55812  >  443 [ACK] Seq=10379 Ack=5833 Win=65535 Len=0"
"7285","207.453778","ord37s34-in-f10.1e100.net","10.8.0.1","TCP","54","443  >  59332 [FIN, ACK] Seq=7583 Ack=16049 Win=65535 Len=0"
"7286","207.453971","10.8.0.1","ord37s34-in-f10.1e100.net","TCP","54","59332  >  443 [FIN, ACK] Seq=16049 Ack=7584 Win=65535 Len=0"
"7287","207.453998","ord37s34-in-f10.1e100.net","10.8.0.1","TCP","54","443  >  59332 [ACK] Seq=7584 Ack=16050 Win=65535 Len=0"
"7288","207.454032","ord37s34-in-f10.1e100.net","10.8.0.1","TCP","54","443  >  59332 [FIN, ACK] Seq=7584 Ack=16050 Win=65535 Len=0"
"7289","207.454038","10.8.0.1","ord37s34-in-f10.1e100.net","TCP","54","59332  >  443 [RST] Seq=16050 Win=0 Len=0"
"7290","207.934120","ord37s34-in-f10.1e100.net","10.8.0.1","TCP","54","443  >  59284 [FIN, ACK] Seq=3477 Ack=2802 Win=65535 Len=0"
"7291","207.934275","10.8.0.1","ord37s34-in-f10.1e100.net","TCP","54","59284  >  443 [FIN, ACK] Seq=2802 Ack=3478 Win=65535 Len=0"
"7292","207.934298","ord37s34-in-f10.1e100.net","10.8.0.1","TCP","54","443  >  59284 [ACK] Seq=3478 Ack=2803 Win=65535 Len=0"
"7293","207.934344","ord37s34-in-f10.1e100.net","10.8.0.1","TCP","54","443  >  59284 [FIN, ACK] Seq=3478 Ack=2803 Win=65535 Len=0"
"7294","207.934349","10.8.0.1","ord37s34-in-f10.1e100.net","TCP","54","59284  >  443 [RST] Seq=2803 Win=0 Len=0"
"7295","209.032721","10.8.0.1","104.244.42.66","TLSv1.3","93","Application Data"
"7296","209.032809","104.244.42.66","10.8.0.1","TCP","54","443  >  55812 [ACK] Seq=5833 Ack=10418 Win=65535 Len=0"
"7297","209.073433","ord37s34-in-f10.1e100.net","10.8.0.1","TCP","54","443  >  59336 [FIN, ACK] Seq=183201 Ack=36699 Win=65535 Len=0"
"7298","209.073763","10.8.0.1","ord37s34-in-f10.1e100.net","TCP","54","59336  >  443 [FIN, ACK] Seq=36699 Ack=183202 Win=65535 Len=0"
"7299","209.073781","ord37s34-in-f10.1e100.net","10.8.0.1","TCP","54","443  >  59336 [ACK] Seq=183202 Ack=36700 Win=65535 Len=0"
"7300","209.073824","ord37s34-in-f10.1e100.net","10.8.0.1","TCP","54","443  >  59336 [FIN, ACK] Seq=183202 Ack=36700 Win=65535 Len=0"
"7301","209.073829","10.8.0.1","ord37s34-in-f10.1e100.net","TCP","54","59336  >  443 [RST] Seq=36700 Win=0 Len=0"
"7302","209.150390","104.244.42.66","10.8.0.1","TLSv1.3","93","Application Data"
"7303","209.150396","10.8.0.1","104.244.42.66","TCP","54","55812  >  443 [ACK] Seq=10418 Ack=5872 Win=65535 Len=0"
"7304","209.634920","10.8.0.1","199.232.6.133","TLSv1.2","85","Encrypted Alert"
"7305","209.634962","199.232.6.133","10.8.0.1","TCP","54","443  >  34718 [ACK] Seq=5307 Ack=1017 Win=65535 Len=0"
"7306","210.253195","10.8.0.1","ec2-35-171-137-144.compute-1.amazonaws.com","TLSv1.2","85","Encrypted Alert"
"7307","210.253252","ec2-35-171-137-144.compute-1.amazonaws.com","10.8.0.1","TCP","54","443  >  48680 [ACK] Seq=6272 Ack=1055 Win=65535 Len=0"
"7308","210.293430","ec2-35-171-137-144.compute-1.amazonaws.com","10.8.0.1","TLSv1.2","100","Application Data"
"7309","210.293441","10.8.0.1","ec2-35-171-137-144.compute-1.amazonaws.com","TCP","54","48680  >  443 [ACK] Seq=1055 Ack=6318 Win=65535 Len=0"
"7310","210.293459","ec2-35-171-137-144.compute-1.amazonaws.com","10.8.0.1","TLSv1.2","85","Encrypted Alert"
"7311","210.293464","10.8.0.1","ec2-35-171-137-144.compute-1.amazonaws.com","TCP","54","48680  >  443 [ACK] Seq=1055 Ack=6349 Win=65535 Len=0"
"7312","210.293479","ec2-35-171-137-144.compute-1.amazonaws.com","10.8.0.1","TCP","54","443  >  48680 [FIN, ACK] Seq=6349 Ack=1055 Win=65535 Len=0"
"7313","210.293834","10.8.0.1","199.232.6.133","TCP","54","34718  >  443 [FIN, ACK] Seq=1017 Ack=5307 Win=65535 Len=0"
"7314","210.293846","199.232.6.133","10.8.0.1","TCP","54","443  >  34718 [ACK] Seq=5307 Ack=1018 Win=65535 Len=0"
"7315","210.293852","199.232.6.133","10.8.0.1","TCP","54","443  >  34718 [FIN, ACK] Seq=5307 Ack=1018 Win=65535 Len=0"
"7316","210.293917","10.8.0.1","199.232.6.133","TCP","54","34718  >  443 [ACK] Seq=1018 Ack=5308 Win=65535 Len=0"
"7317","210.294288","10.8.0.1","ec2-35-171-137-144.compute-1.amazonaws.com","TCP","54","48680  >  443 [RST, ACK] Seq=1055 Ack=6350 Win=65535 Len=0"
"7318","210.525948","10.8.0.1","lga15s46-in-f22.1e100.net","TCP","207","[TCP Retransmission] 33402  >  443 [FIN, PSH, ACK] Seq=678 Ack=4752 Win=65535 Len=153"
"7319","210.525974","lga15s46-in-f22.1e100.net","10.8.0.1","TCP","54","[TCP Keep-Alive] 443  >  33402 [ACK] Seq=4752 Ack=679 Win=65535 Len=0"
"7320","210.525983","lga15s46-in-f22.1e100.net","10.8.0.1","TCP","54","[TCP Retransmission] 443  >  33402 [FIN, ACK] Seq=4752 Ack=679 Win=65535 Len=0"
"7321","210.525997","10.8.0.1","ord38s28-in-f10.1e100.net","TCP","215","[TCP Retransmission] 46678  >  443 [FIN, PSH, ACK] Seq=678 Ack=4684 Win=65535 Len=161"
"7322","210.526005","ord38s28-in-f10.1e100.net","10.8.0.1","TCP","54","[TCP Keep-Alive] 443  >  46678 [ACK] Seq=4684 Ack=679 Win=65535 Len=0"
"7323","210.526011","ord38s28-in-f10.1e100.net","10.8.0.1","TCP","54","[TCP Retransmission] 443  >  46678 [FIN, ACK] Seq=4684 Ack=679 Win=65535 Len=0"
"7324","218.125499","ord37s33-in-f10.1e100.net","10.8.0.1","TCP","54","443  >  49214 [FIN, ACK] Seq=1 Ack=518 Win=65535 Len=0"
"7325","218.125848","10.8.0.1","ord37s33-in-f10.1e100.net","TCP","54","49214  >  443 [FIN, ACK] Seq=518 Ack=2 Win=67107840 Len=0"
"7326","218.125862","ord37s33-in-f10.1e100.net","10.8.0.1","TCP","54","443  >  49214 [ACK] Seq=2 Ack=519 Win=65535 Len=0"
"7327","218.125870","ord37s33-in-f10.1e100.net","10.8.0.1","TCP","54","443  >  49214 [FIN, ACK] Seq=2 Ack=519 Win=65535 Len=0"
"7328","218.435087","10.8.0.1","lga15s46-in-f35.1e100.net","TCP","74","45260  >  443 [SYN] Seq=0 Win=65535 Len=0 MSS=1460 SACK_PERM=1 TSval=2005136748 TSecr=0 WS=1024"
"7329","218.436051","lga15s46-in-f35.1e100.net","10.8.0.1","TCP","54","443  >  45260 [SYN, ACK] Seq=0 Ack=1 Win=65535 Len=0"
"7330","218.436071","10.8.0.1","lga15s46-in-f35.1e100.net","TCP","54","45260  >  443 [ACK] Seq=1 Ack=1 Win=65535 Len=0"
"7331","218.438363","10.8.0.1","lga15s46-in-f35.1e100.net","TLSv1.3","571","Client Hello"
"7332","218.438382","lga15s46-in-f35.1e100.net","10.8.0.1","TCP","54","443  >  45260 [ACK] Seq=1 Ack=518 Win=65535 Len=0"
"7333","218.579551","lga15s46-in-f35.1e100.net","10.8.0.1","TLSv1.3","1432","Server Hello, Change Cipher Spec"
"7334","218.579581","10.8.0.1","lga15s46-in-f35.1e100.net","TCP","54","45260  >  443 [ACK] Seq=518 Ack=1379 Win=65535 Len=0"
"7335","218.579595","lga15s46-in-f35.1e100.net","10.8.0.1","TCP","94","443  >  45260 [PSH, ACK] Seq=1379 Ack=518 Win=65535 Len=40 [TCP segment of a reassembled PDU]"
"7336","218.579644","10.8.0.1","lga15s46-in-f35.1e100.net","TCP","54","45260  >  443 [ACK] Seq=518 Ack=1419 Win=65535 Len=0"
"7337","218.579659","lga15s46-in-f35.1e100.net","10.8.0.1","TCP","1432","443  >  45260 [PSH, ACK] Seq=1419 Ack=518 Win=65535 Len=1378 [TCP segment of a reassembled PDU]"
"7338","218.579664","10.8.0.1","lga15s46-in-f35.1e100.net","TCP","54","45260  >  443 [ACK] Seq=518 Ack=2797 Win=65535 Len=0"
"7339","218.581309","lga15s46-in-f35.1e100.net","10.8.0.1","TCP","1432","443  >  45260 [PSH, ACK] Seq=2797 Ack=518 Win=65535 Len=1378 [TCP segment of a reassembled PDU]"
"7340","218.581318","10.8.0.1","lga15s46-in-f35.1e100.net","TCP","54","45260  >  443 [ACK] Seq=518 Ack=4175 Win=65535 Len=0"
"7341","218.634284","lga15s46-in-f35.1e100.net","10.8.0.1","TLSv1.3","224","Application Data"
"7342","218.634292","10.8.0.1","lga15s46-in-f35.1e100.net","TCP","54","45260  >  443 [ACK] Seq=518 Ack=4345 Win=65535 Len=0"
"7343","218.656017","10.8.0.1","lga15s46-in-f35.1e100.net","TLSv1.3","118","Change Cipher Spec, Application Data"
"7344","218.656035","lga15s46-in-f35.1e100.net","10.8.0.1","TCP","54","443  >  45260 [ACK] Seq=4345 Ack=582 Win=65535 Len=0"
"7345","218.657362","10.8.0.1","lga15s46-in-f35.1e100.net","TLSv1.3","346","Application Data"
"7346","218.657373","lga15s46-in-f35.1e100.net","10.8.0.1","TCP","54","443  >  45260 [ACK] Seq=4345 Ack=874 Win=65535 Len=0"
"7347","218.878238","lga15s46-in-f35.1e100.net","10.8.0.1","TLSv1.3","1432","Application Data"
"7348","218.878256","10.8.0.1","lga15s46-in-f35.1e100.net","TCP","54","45260  >  443 [ACK] Seq=874 Ack=5723 Win=65535 Len=0"
"7349","218.878274","lga15s46-in-f35.1e100.net","10.8.0.1","TCP","94","443  >  45260 [PSH, ACK] Seq=5723 Ack=874 Win=65535 Len=40 [TCP segment of a reassembled PDU]"
"7350","218.878279","10.8.0.1","lga15s46-in-f35.1e100.net","TCP","54","45260  >  443 [ACK] Seq=874 Ack=5763 Win=65535 Len=0"
"7351","218.878312","lga15s46-in-f35.1e100.net","10.8.0.1","TLSv1.3","1432","Application Data [TCP segment of a reassembled PDU]"
"7352","218.878331","10.8.0.1","lga15s46-in-f35.1e100.net","TCP","54","45260  >  443 [ACK] Seq=874 Ack=7141 Win=65535 Len=0"
"7353","218.879097","lga15s46-in-f35.1e100.net","10.8.0.1","TLSv1.3","2810","Application Data, Application Data"
"7354","218.879102","10.8.0.1","lga15s46-in-f35.1e100.net","TCP","54","45260  >  443 [ACK] Seq=874 Ack=9897 Win=65535 Len=0"
"7355","218.881111","lga15s46-in-f35.1e100.net","10.8.0.1","TLSv1.3","2810","Application Data, Application Data"
"7356","218.881119","10.8.0.1","lga15s46-in-f35.1e100.net","TCP","54","45260  >  443 [ACK] Seq=874 Ack=12653 Win=65535 Len=0"
"7357","218.883121","lga15s46-in-f35.1e100.net","10.8.0.1","TLSv1.3","1432","Application Data [TCP segment of a reassembled PDU]"
"7358","218.883126","10.8.0.1","lga15s46-in-f35.1e100.net","TCP","54","45260  >  443 [ACK] Seq=874 Ack=14031 Win=65535 Len=0"
"7359","218.935227","lga15s46-in-f35.1e100.net","10.8.0.1","TLSv1.3","2810","Application Data, Application Data"
"7360","218.935250","10.8.0.1","lga15s46-in-f35.1e100.net","TCP","54","45260  >  443 [ACK] Seq=874 Ack=16787 Win=65535 Len=0"
"7361","218.935269","lga15s46-in-f35.1e100.net","10.8.0.1","TLSv1.3","1432","Application Data [TCP segment of a reassembled PDU]"
"7362","218.935332","10.8.0.1","lga15s46-in-f35.1e100.net","TCP","54","45260  >  443 [ACK] Seq=874 Ack=18165 Win=65535 Len=0"
"7363","218.937140","lga15s46-in-f35.1e100.net","10.8.0.1","TLSv1.3","1432","Application Data [TCP segment of a reassembled PDU]"
"7364","218.937147","10.8.0.1","lga15s46-in-f35.1e100.net","TCP","54","45260  >  443 [ACK] Seq=874 Ack=19543 Win=65535 Len=0"
"7365","218.937223","lga15s46-in-f35.1e100.net","10.8.0.1","TLSv1.3","4188","Application Data, Application Data, Application Data"
"7366","218.937232","10.8.0.1","lga15s46-in-f35.1e100.net","TCP","54","45260  >  443 [ACK] Seq=874 Ack=23677 Win=65535 Len=0"
"7367","218.939145","lga15s46-in-f35.1e100.net","10.8.0.1","TLSv1.3","1432","Application Data [TCP segment of a reassembled PDU]"
"7368","218.939150","10.8.0.1","lga15s46-in-f35.1e100.net","TCP","54","45260  >  443 [ACK] Seq=874 Ack=25055 Win=65535 Len=0"
"7369","218.939194","lga15s46-in-f35.1e100.net","10.8.0.1","TLSv1.3","4188","Application Data, Application Data, Application Data"
"7370","218.939203","10.8.0.1","lga15s46-in-f35.1e100.net","TCP","54","45260  >  443 [ACK] Seq=874 Ack=29189 Win=65535 Len=0"
"7371","218.941112","lga15s46-in-f35.1e100.net","10.8.0.1","TLSv1.3","1432","Application Data [TCP segment of a reassembled PDU]"
"7372","218.941119","10.8.0.1","lga15s46-in-f35.1e100.net","TCP","54","45260  >  443 [ACK] Seq=874 Ack=30567 Win=65535 Len=0"
"7373","218.941156","lga15s46-in-f35.1e100.net","10.8.0.1","TLSv1.3","1432","Application Data [TCP segment of a reassembled PDU]"
"7374","218.941160","10.8.0.1","lga15s46-in-f35.1e100.net","TCP","54","45260  >  443 [ACK] Seq=874 Ack=31945 Win=65535 Len=0"
"7375","218.943104","lga15s46-in-f35.1e100.net","10.8.0.1","TLSv1.3","1432","Application Data [TCP segment of a reassembled PDU]"
"7376","218.943109","10.8.0.1","lga15s46-in-f35.1e100.net","TCP","54","45260  >  443 [ACK] Seq=874 Ack=33323 Win=65535 Len=0"
"7377","218.988250","lga15s46-in-f35.1e100.net","10.8.0.1","TLSv1.3","1432","Application Data [TCP segment of a reassembled PDU]"
"7378","218.988259","10.8.0.1","lga15s46-in-f35.1e100.net","TCP","54","45260  >  443 [ACK] Seq=874 Ack=34701 Win=65535 Len=0"
"7379","218.989132","lga15s46-in-f35.1e100.net","10.8.0.1","TLSv1.3","4188","Application Data, Application Data"
"7380","218.989141","10.8.0.1","lga15s46-in-f35.1e100.net","TCP","54","45260  >  443 [ACK] Seq=874 Ack=38835 Win=65535 Len=0"
"7381","218.991140","lga15s46-in-f35.1e100.net","10.8.0.1","TLSv1.3","2810","Application Data, Application Data, Application Data"
"7382","218.991148","10.8.0.1","lga15s46-in-f35.1e100.net","TCP","54","45260  >  443 [ACK] Seq=874 Ack=41591 Win=65535 Len=0"
"7383","219.002341","lga15s46-in-f35.1e100.net","10.8.0.1","TLSv1.3","2810","Application Data, Application Data"
"7384","219.002346","10.8.0.1","lga15s46-in-f35.1e100.net","TCP","54","45260  >  443 [ACK] Seq=874 Ack=44347 Win=65535 Len=0"
"7385","219.003137","lga15s46-in-f35.1e100.net","10.8.0.1","TLSv1.3","2810","Application Data, Application Data"
"7386","219.003144","10.8.0.1","lga15s46-in-f35.1e100.net","TCP","54","45260  >  443 [ACK] Seq=874 Ack=47103 Win=65535 Len=0"
"7387","219.005133","lga15s46-in-f35.1e100.net","10.8.0.1","TLSv1.3","5566","Application Data, Application Data, Application Data, Application Data"
"7388","219.005142","10.8.0.1","lga15s46-in-f35.1e100.net","TCP","54","45260  >  443 [ACK] Seq=874 Ack=52615 Win=65535 Len=0"
"7389","219.005181","lga15s46-in-f35.1e100.net","10.8.0.1","TLSv1.3","1432","Application Data [TCP segment of a reassembled PDU]"
"7390","219.005723","10.8.0.1","lga15s46-in-f35.1e100.net","TCP","54","45260  >  443 [ACK] Seq=874 Ack=53993 Win=65535 Len=0"
"7391","219.007129","lga15s46-in-f35.1e100.net","10.8.0.1","TLSv1.3","2810","Application Data, Application Data"
"7392","219.007134","10.8.0.1","lga15s46-in-f35.1e100.net","TCP","54","45260  >  443 [ACK] Seq=874 Ack=56749 Win=65535 Len=0"
"7393","219.009131","lga15s46-in-f35.1e100.net","10.8.0.1","TLSv1.3","5566","Application Data, Application Data, Application Data, Application Data"
"7394","219.009143","10.8.0.1","lga15s46-in-f35.1e100.net","TCP","54","45260  >  443 [ACK] Seq=874 Ack=62261 Win=65535 Len=0"
"7395","219.011161","lga15s46-in-f35.1e100.net","10.8.0.1","TLSv1.3","1432","Application Data [TCP segment of a reassembled PDU]"
"7396","219.011241","10.8.0.1","lga15s46-in-f35.1e100.net","TCP","54","45260  >  443 [ACK] Seq=874 Ack=63639 Win=65535 Len=0"
"7397","219.011259","lga15s46-in-f35.1e100.net","10.8.0.1","TLSv1.3","4188","Application Data, Application Data, Application Data"
"7398","219.011268","10.8.0.1","lga15s46-in-f35.1e100.net","TCP","54","45260  >  443 [ACK] Seq=874 Ack=67773 Win=65535 Len=0"
"7399","219.013196","lga15s46-in-f35.1e100.net","10.8.0.1","TLSv1.3","1432","Application Data [TCP segment of a reassembled PDU]"
"7400","219.013274","10.8.0.1","lga15s46-in-f35.1e100.net","TCP","54","45260  >  443 [ACK] Seq=874 Ack=69151 Win=65535 Len=0"
"7401","219.013293","lga15s46-in-f35.1e100.net","10.8.0.1","TLSv1.3","2810","Application Data, Application Data"
"7402","219.013297","10.8.0.1","lga15s46-in-f35.1e100.net","TCP","54","45260  >  443 [ACK] Seq=874 Ack=71907 Win=65535 Len=0"
"7403","219.046131","lga15s46-in-f35.1e100.net","10.8.0.1","TLSv1.3","1432","Application Data [TCP segment of a reassembled PDU]"
"7404","219.046228","10.8.0.1","lga15s46-in-f35.1e100.net","TCP","54","45260  >  443 [ACK] Seq=874 Ack=73285 Win=65535 Len=0"
"7405","219.047283","lga15s46-in-f35.1e100.net","10.8.0.1","TLSv1.3","1432","Application Data [TCP segment of a reassembled PDU]"
"7406","219.085847","10.8.0.1","lga15s46-in-f35.1e100.net","TCP","54","45260  >  443 [ACK] Seq=874 Ack=74663 Win=65535 Len=0"
"7407","219.085963","lga15s46-in-f35.1e100.net","10.8.0.1","TLSv1.3","62064","Application Data, Application Data, Application Data, Application Data, Application Data, Application Data, Application Data, Application Data, Application Data, Application Data, Application Data, Application Data, Application Data, Application Data, Application Data, Application Data, Application Data, Application Data, Application Data, Application Data, Application Data, Application Data, Application Data, Application Data, Application Data, Application Data, Application Data, Application Data, Application Data, Application Data, Application Data, Application Data, Application Data, Application Data, Application Data, Application Data, Application Data, Application Data, Application Data, Application Data, Application Data, Application Data, Application Data, Application Data"
"7408","219.086044","10.8.0.1","lga15s46-in-f35.1e100.net","TCP","54","45260  >  443 [ACK] Seq=874 Ack=136673 Win=65535 Len=0"
"7409","219.086950","lga15s46-in-f35.1e100.net","10.8.0.1","TLSv1.3","4188","Application Data, Application Data, Application Data, Application Data"
"7410","219.086959","10.8.0.1","lga15s46-in-f35.1e100.net","TCP","54","45260  >  443 [ACK] Seq=874 Ack=140807 Win=65535 Len=0"
"7411","219.087010","lga15s46-in-f35.1e100.net","10.8.0.1","TLSv1.3","8322","Application Data, Application Data, Application Data, Application Data, Application Data, Application Data"
"7412","219.087022","10.8.0.1","lga15s46-in-f35.1e100.net","TCP","54","45260  >  443 [ACK] Seq=874 Ack=149075 Win=65535 Len=0"
"7413","219.131190","lga15s46-in-f35.1e100.net","10.8.0.1","TLSv1.3","1432","Application Data [TCP segment of a reassembled PDU]"
"7414","219.131279","10.8.0.1","lga15s46-in-f35.1e100.net","TCP","54","45260  >  443 [ACK] Seq=874 Ack=150453 Win=65535 Len=0"
"7415","219.133163","lga15s46-in-f35.1e100.net","10.8.0.1","TCP","1432","443  >  45260 [PSH, ACK] Seq=150453 Ack=874 Win=65535 Len=1378 [TCP segment of a reassembled PDU]"
"7416","219.169818","10.8.0.1","lga15s46-in-f35.1e100.net","TCP","54","45260  >  443 [ACK] Seq=874 Ack=151831 Win=65535 Len=0"
"7417","219.169911","lga15s46-in-f35.1e100.net","10.8.0.1","TLSv1.3","57930","Application Data, Application Data, Application Data, Application Data, Application Data, Application Data, Application Data, Application Data, Application Data, Application Data, Application Data, Application Data, Application Data, Application Data, Application Data, Application Data, Application Data, Application Data, Application Data, Application Data, Application Data, Application Data, Application Data, Application Data, Application Data, Application Data, Application Data, Application Data, Application Data, Application Data, Application Data, Application Data, Application Data, Application Data, Application Data, Application Data, Application Data, Application Data, Application Data, Application Data, Application Data, Application Data"
"7418","219.169987","10.8.0.1","lga15s46-in-f35.1e100.net","TCP","54","45260  >  443 [ACK] Seq=874 Ack=209707 Win=65535 Len=0"
"7419","219.171132","lga15s46-in-f35.1e100.net","10.8.0.1","TLSv1.3","2810","Application Data, Application Data"
"7420","219.171141","10.8.0.1","lga15s46-in-f35.1e100.net","TCP","54","45260  >  443 [ACK] Seq=874 Ack=212463 Win=65535 Len=0"
"7421","219.173145","lga15s46-in-f35.1e100.net","10.8.0.1","TLSv1.3","2810","Application Data, Application Data"
"7422","219.173152","10.8.0.1","lga15s46-in-f35.1e100.net","TCP","54","45260  >  443 [ACK] Seq=874 Ack=215219 Win=65535 Len=0"
"7423","219.175118","lga15s46-in-f35.1e100.net","10.8.0.1","TLSv1.3","2810","Application Data, Application Data"
"7424","219.175123","10.8.0.1","lga15s46-in-f35.1e100.net","TCP","54","45260  >  443 [ACK] Seq=874 Ack=217975 Win=65535 Len=0"
"7425","219.177245","lga15s46-in-f35.1e100.net","10.8.0.1","TLSv1.3","2810","Application Data, Application Data"
"7426","219.177252","10.8.0.1","lga15s46-in-f35.1e100.net","TCP","54","45260  >  443 [ACK] Seq=874 Ack=220731 Win=65535 Len=0"
"7427","219.177306","lga15s46-in-f35.1e100.net","10.8.0.1","TLSv1.3","2810","Application Data, Application Data"
"7428","219.177312","10.8.0.1","lga15s46-in-f35.1e100.net","TCP","54","45260  >  443 [ACK] Seq=874 Ack=223487 Win=65535 Len=0"
"7429","219.184314","lga15s46-in-f35.1e100.net","10.8.0.1","TLSv1.3","1432","Application Data [TCP segment of a reassembled PDU]"
"7430","219.184404","10.8.0.1","lga15s46-in-f35.1e100.net","TCP","54","45260  >  443 [ACK] Seq=874 Ack=224865 Win=65535 Len=0"
"7431","219.185104","lga15s46-in-f35.1e100.net","10.8.0.1","TLSv1.3","4188","Application Data, Application Data, Application Data"
"7432","219.185112","10.8.0.1","lga15s46-in-f35.1e100.net","TCP","54","45260  >  443 [ACK] Seq=874 Ack=228999 Win=65535 Len=0"
"7433","219.189163","lga15s46-in-f35.1e100.net","10.8.0.1","TLSv1.3","2810","Application Data, Application Data"
"7434","219.189170","10.8.0.1","lga15s46-in-f35.1e100.net","TCP","54","45260  >  443 [ACK] Seq=874 Ack=231755 Win=65535 Len=0"
"7435","219.189227","lga15s46-in-f35.1e100.net","10.8.0.1","TLSv1.3","5566","Application Data, Application Data, Application Data, Application Data"
"7436","219.189237","10.8.0.1","lga15s46-in-f35.1e100.net","TCP","54","45260  >  443 [ACK] Seq=874 Ack=237267 Win=65535 Len=0"
"7437","219.191165","lga15s46-in-f35.1e100.net","10.8.0.1","TLSv1.3","2810","Application Data, Application Data"
"7438","219.191174","10.8.0.1","lga15s46-in-f35.1e100.net","TCP","54","45260  >  443 [ACK] Seq=874 Ack=240023 Win=65535 Len=0"
"7439","219.202397","lga15s46-in-f35.1e100.net","10.8.0.1","TLSv1.3","1432","Application Data [TCP segment of a reassembled PDU]"
"7440","219.202482","10.8.0.1","lga15s46-in-f35.1e100.net","TCP","54","45260  >  443 [ACK] Seq=874 Ack=241401 Win=65535 Len=0"
"7441","219.203126","lga15s46-in-f35.1e100.net","10.8.0.1","TLSv1.3","1432","Application Data [TCP segment of a reassembled PDU]"
"7442","219.241826","10.8.0.1","lga15s46-in-f35.1e100.net","TCP","54","45260  >  443 [ACK] Seq=874 Ack=242779 Win=65535 Len=0"
"7443","219.241934","lga15s46-in-f35.1e100.net","10.8.0.1","TLSv1.3","45528","Application Data, Application Data, Application Data, Application Data, Application Data, Application Data, Application Data, Application Data, Application Data, Application Data, Application Data, Application Data, Application Data, Application Data, Application Data, Application Data, Application Data, Application Data, Application Data, Application Data, Application Data, Application Data, Application Data, Application Data, Application Data, Application Data, Application Data, Application Data, Application Data, Application Data, Application Data, Application Data, Application Data"
"7444","219.241984","10.8.0.1","lga15s46-in-f35.1e100.net","TCP","54","45260  >  443 [ACK] Seq=874 Ack=288253 Win=65535 Len=0"
"7445","219.243225","lga15s46-in-f35.1e100.net","10.8.0.1","TLSv1.3","1432","Application Data [TCP segment of a reassembled PDU]"
"7446","219.244678","10.8.0.1","lga15s46-in-f35.1e100.net","TCP","54","45260  >  443 [ACK] Seq=874 Ack=289631 Win=65535 Len=0"
"7447","219.253876","lga15s46-in-f35.1e100.net","10.8.0.1","TLSv1.3","1432","Application Data [TCP segment of a reassembled PDU]"
"7448","219.293824","10.8.0.1","lga15s46-in-f35.1e100.net","TCP","54","45260  >  443 [ACK] Seq=874 Ack=291009 Win=65535 Len=0"
"7449","219.293878","lga15s46-in-f35.1e100.net","10.8.0.1","TLSv1.3","23480","Application Data, Application Data, Application Data, Application Data, Application Data, Application Data, Application Data, Application Data, Application Data, Application Data, Application Data, Application Data, Application Data, Application Data, Application Data, Application Data"
"7450","219.293909","10.8.0.1","lga15s46-in-f35.1e100.net","TCP","54","45260  >  443 [ACK] Seq=874 Ack=314435 Win=65535 Len=0"
"7451","219.302640","lga15s46-in-f35.1e100.net","10.8.0.1","TLSv1.3","1432","Application Data [TCP segment of a reassembled PDU]"
"7452","219.302714","10.8.0.1","lga15s46-in-f35.1e100.net","TCP","54","45260  >  443 [ACK] Seq=874 Ack=315813 Win=65535 Len=0"
"7453","219.303216","lga15s46-in-f35.1e100.net","10.8.0.1","TLSv1.3","1432","Application Data, Application Data"
"7454","219.341684","lga15s46-in-f35.1e100.net","10.8.0.1","TCP","54","443  >  45260 [FIN, ACK] Seq=317191 Ack=874 Win=65535 Len=0"
"7455","219.341917","10.8.0.1","lga15s46-in-f35.1e100.net","TCP","54","45260  >  443 [ACK] Seq=874 Ack=317192 Win=65535 Len=0"
"7456","219.342932","10.8.0.1","lga15s46-in-f35.1e100.net","TLSv1.3","78","Application Data"
"7457","219.343211","10.8.0.1","lga15s46-in-f35.1e100.net","TCP","54","45260  >  443 [FIN, ACK] Seq=898 Ack=317192 Win=65535 Len=0"
"7458","219.343261","lga15s46-in-f35.1e100.net","10.8.0.1","TCP","54","443  >  45260 [ACK] Seq=317192 Ack=899 Win=65535 Len=0"
"7459","219.343299","lga15s46-in-f35.1e100.net","10.8.0.1","TCP","54","443  >  45260 [FIN, ACK] Seq=317192 Ack=899 Win=65535 Len=0"
"7460","219.343305","10.8.0.1","lga15s46-in-f35.1e100.net","TCP","54","45260  >  443 [RST] Seq=899 Win=0 Len=0"
"7461","219.991665","10.8.0.1","nrt13s50-in-f3.1e100.net","TCP","74","36496  >  443 [SYN] Seq=0 Win=65535 Len=0 MSS=1460 SACK_PERM=1 TSval=705684993 TSecr=0 WS=1024"
"7462","219.992424","nrt13s50-in-f3.1e100.net","10.8.0.1","TCP","54","443  >  36496 [SYN, ACK] Seq=0 Ack=1 Win=65535 Len=0"
"7463","219.992444","10.8.0.1","nrt13s50-in-f3.1e100.net","TCP","54","36496  >  443 [ACK] Seq=1 Ack=1 Win=65535 Len=0"
"7464","219.993318","10.8.0.1","nrt13s50-in-f3.1e100.net","TLSv1.3","571","Client Hello"
"7465","219.993331","nrt13s50-in-f3.1e100.net","10.8.0.1","TCP","54","443  >  36496 [ACK] Seq=1 Ack=518 Win=65535 Len=0"
"7466","220.424605","nrt13s50-in-f3.1e100.net","10.8.0.1","TLSv1.3","2810","Server Hello, Change Cipher Spec"
"7467","220.424633","10.8.0.1","nrt13s50-in-f3.1e100.net","TCP","54","36496  >  443 [ACK] Seq=518 Ack=2757 Win=65535 Len=0"
"7468","220.424652","nrt13s50-in-f3.1e100.net","10.8.0.1","TCP","134","443  >  36496 [PSH, ACK] Seq=2757 Ack=518 Win=65535 Len=80 [TCP segment of a reassembled PDU]"
"7469","220.424657","10.8.0.1","nrt13s50-in-f3.1e100.net","TCP","54","36496  >  443 [ACK] Seq=518 Ack=2837 Win=65535 Len=0"
"7470","220.425405","nrt13s50-in-f3.1e100.net","10.8.0.1","TCP","1432","443  >  36496 [PSH, ACK] Seq=2837 Ack=518 Win=65535 Len=1378 [TCP segment of a reassembled PDU]"
"7471","220.425412","10.8.0.1","nrt13s50-in-f3.1e100.net","TCP","54","36496  >  443 [ACK] Seq=518 Ack=4215 Win=65535 Len=0"
"7472","220.574400","nrt13s50-in-f3.1e100.net","10.8.0.1","TLSv1.3","165","Application Data"
"7473","220.574411","10.8.0.1","nrt13s50-in-f3.1e100.net","TCP","54","36496  >  443 [ACK] Seq=518 Ack=4326 Win=65535 Len=0"
"7474","220.590405","10.8.0.1","nrt13s50-in-f3.1e100.net","TLSv1.3","118","Change Cipher Spec, Application Data"
"7475","220.590425","nrt13s50-in-f3.1e100.net","10.8.0.1","TCP","54","443  >  36496 [ACK] Seq=4326 Ack=582 Win=65535 Len=0"
"7476","220.590941","10.8.0.1","nrt13s50-in-f3.1e100.net","TLSv1.3","146","Application Data"
"7477","220.590951","nrt13s50-in-f3.1e100.net","10.8.0.1","TCP","54","443  >  36496 [ACK] Seq=4326 Ack=674 Win=65535 Len=0"
"7478","220.591436","10.8.0.1","nrt13s50-in-f3.1e100.net","TLSv1.3","324","Application Data"
"7479","220.591445","nrt13s50-in-f3.1e100.net","10.8.0.1","TCP","54","443  >  36496 [ACK] Seq=4326 Ack=944 Win=65535 Len=0"
"7480","220.813213","nrt13s50-in-f3.1e100.net","10.8.0.1","TLSv1.3","662","Application Data, Application Data"
"7481","220.813225","10.8.0.1","nrt13s50-in-f3.1e100.net","TCP","54","36496  >  443 [ACK] Seq=944 Ack=4934 Win=65535 Len=0"
"7482","220.813634","10.8.0.1","nrt13s50-in-f3.1e100.net","TLSv1.3","85","Application Data"
"7483","220.813645","nrt13s50-in-f3.1e100.net","10.8.0.1","TCP","54","443  >  36496 [ACK] Seq=4934 Ack=975 Win=65535 Len=0"
"7484","221.007290","nrt13s50-in-f3.1e100.net","10.8.0.1","TLSv1.3","85","Application Data"
"7485","221.007312","10.8.0.1","nrt13s50-in-f3.1e100.net","TCP","54","36496  >  443 [ACK] Seq=975 Ack=4965 Win=65535 Len=0"
"7486","221.056811","nrt13s50-in-f3.1e100.net","10.8.0.1","TLSv1.3","454","Application Data, Application Data, Application Data"
"7487","221.056822","10.8.0.1","nrt13s50-in-f3.1e100.net","TCP","54","36496  >  443 [ACK] Seq=975 Ack=5365 Win=65535 Len=0"
"7488","221.061358","10.8.0.1","nrt13s50-in-f3.1e100.net","QUIC","1292","Initial, DCID=96beb40d758551a7, PKN: 1, CRYPTO, PADDING, CRYPTO, PADDING, PING, PADDING, CRYPTO, CRYPTO, CRYPTO, PING, PING, PADDING, CRYPTO, CRYPTO"
"7489","221.295055","nrt13s50-in-f3.1e100.net","10.8.0.1","QUIC","1292","Initial, SCID=96beb40d758551a7, PKN: 1, ACK, CRYPTO, PADDING"
"7490","221.295169","10.8.0.1","nrt13s50-in-f3.1e100.net","TLSv1.3","93","Application Data"
"7491","221.295283","nrt13s50-in-f3.1e100.net","10.8.0.1","TCP","54","443  >  36496 [ACK] Seq=5365 Ack=1014 Win=65535 Len=0"
"7492","221.295301","10.8.0.1","nrt13s50-in-f3.1e100.net","TLSv1.3","89","Application Data"
"7493","221.295344","nrt13s50-in-f3.1e100.net","10.8.0.1","TCP","54","443  >  36496 [ACK] Seq=5365 Ack=1049 Win=65535 Len=0"
"7494","221.295476","10.8.0.1","nrt13s50-in-f3.1e100.net","TLSv1.3","143","Application Data"
"7495","221.295517","nrt13s50-in-f3.1e100.net","10.8.0.1","TCP","54","443  >  36496 [ACK] Seq=5365 Ack=1138 Win=65535 Len=0"
"7496","221.295529","10.8.0.1","nrt13s50-in-f3.1e100.net","TCP","590","36496  >  443 [ACK] Seq=1138 Ack=5365 Win=65535 Len=536 [TCP segment of a reassembled PDU]"
"7497","221.295549","nrt13s50-in-f3.1e100.net","10.8.0.1","TCP","54","443  >  36496 [ACK] Seq=5365 Ack=1674 Win=65535 Len=0"
"7498","221.295562","10.8.0.1","nrt13s50-in-f3.1e100.net","TLSv1.3","363","Application Data"
"7499","221.295581","nrt13s50-in-f3.1e100.net","10.8.0.1","TCP","54","443  >  36496 [ACK] Seq=5365 Ack=1983 Win=65535 Len=0"
"7500","221.295589","10.8.0.1","nrt13s50-in-f3.1e100.net","TCP","93","[TCP Out-Of-Order] 36496  >  443 [PSH, ACK] Seq=975 Ack=5365 Win=65535 Len=39"
"7501","221.295604","nrt13s50-in-f3.1e100.net","10.8.0.1","TCP","54","443  >  36496 [ACK] Seq=5365 Ack=1014 Win=65535 Len=0"
"7502","221.295622","10.8.0.1","nrt13s50-in-f3.1e100.net","TCP","89","[TCP Out-Of-Order] 36496  >  443 [PSH, ACK] Seq=1014 Ack=5365 Win=65535 Len=35"
"7503","221.295637","nrt13s50-in-f3.1e100.net","10.8.0.1","TCP","54","443  >  36496 [ACK] Seq=5365 Ack=1049 Win=65535 Len=0"
"7504","221.295645","10.8.0.1","nrt13s50-in-f3.1e100.net","TCP","143","[TCP Out-Of-Order] 36496  >  443 [PSH, ACK] Seq=1049 Ack=5365 Win=65535 Len=89"
"7505","221.295658","nrt13s50-in-f3.1e100.net","10.8.0.1","TCP","54","443  >  36496 [ACK] Seq=5365 Ack=1138 Win=65535 Len=0"
"7506","221.295671","10.8.0.1","nrt13s50-in-f3.1e100.net","TCP","590","[TCP Out-Of-Order] 36496  >  443 [ACK] Seq=1138 Ack=5365 Win=65535 Len=536"
"7507","221.295729","nrt13s50-in-f3.1e100.net","10.8.0.1","TCP","54","443  >  36496 [ACK] Seq=5365 Ack=1674 Win=65535 Len=0"
"7508","221.295739","10.8.0.1","nrt13s50-in-f3.1e100.net","TCP","363","[TCP Retransmission] 36496  >  443 [PSH, ACK] Seq=1674 Ack=5365 Win=65535 Len=309"
"7509","221.295755","nrt13s50-in-f3.1e100.net","10.8.0.1","TCP","54","443  >  36496 [ACK] Seq=5365 Ack=1983 Win=65535 Len=0"
"7510","221.297938","10.8.0.1","nrt13s50-in-f3.1e100.net","QUIC","1292","Initial, DCID=96beb40d758551a7, PKN: 2, ACK, PADDING"
"7511","222.303697","10.8.0.1","nrt13s50-in-f3.1e100.net","QUIC","83","Handshake, DCID=96beb40d758551a7"
"7512","222.580257","nrt13s50-in-f3.1e100.net","10.8.0.1","QUIC","136","Initial, SCID=96beb40d758551a7, PKN: 6, CC"
"7513","222.580458","nrt13s50-in-f3.1e100.net","10.8.0.1","TLSv1.3","78","Application Data"
"7514","222.580511","nrt13s50-in-f3.1e100.net","10.8.0.1","TCP","54","443  >  36496 [FIN, ACK] Seq=5389 Ack=1983 Win=65535 Len=0"
"7515","222.580803","10.8.0.1","nrt13s50-in-f3.1e100.net","QUIC","83","Handshake, DCID=96beb40d758551a7"
"7516","222.815726","nrt13s50-in-f3.1e100.net","10.8.0.1","QUIC","136","Initial, SCID=96beb40d758551a7, PKN: 6, CC"
"7517","222.815846","10.8.0.1","nrt13s50-in-f3.1e100.net","TLSv1.3","123","Application Data"
"7518","222.815868","10.8.0.1","nrt13s50-in-f3.1e100.net","TCP","54","36496  >  443 [FIN, ACK] Seq=2052 Ack=5390 Win=65535 Len=0"
"7519","222.816132","nrt13s50-in-f3.1e100.net","10.8.0.1","TCP","54","443  >  36496 [ACK] Seq=5390 Ack=2053 Win=65535 Len=0"
"7520","222.816299","nrt13s50-in-f3.1e100.net","10.8.0.1","TCP","54","443  >  36496 [FIN, ACK] Seq=5390 Ack=2053 Win=65535 Len=0"
"7521","222.816336","10.8.0.1","nrt13s50-in-f3.1e100.net","TCP","54","36496  >  443 [RST] Seq=2053 Win=0 Len=0"
"7522","223.184819","10.8.0.1","nrt13s50-in-f3.1e100.net","QUIC","83","Handshake, DCID=96beb40d758551a7"
"7523","225.062356","10.8.0.1","nrt13s50-in-f3.1e100.net","QUIC","83","Handshake, DCID=96beb40d758551a7"
"7524","225.299960","nrt13s50-in-f3.1e100.net","10.8.0.1","QUIC","136","Initial, SCID=96beb40d758551a7, PKN: 6, CC"
"7525","225.372177","20.42.65.84","10.8.0.1","TCP","54","443  >  45830 [FIN, ACK] Seq=6633 Ack=2101 Win=65535 Len=0"
"7526","225.372403","10.8.0.1","20.42.65.84","TCP","54","45830  >  443 [FIN, ACK] Seq=2101 Ack=6634 Win=65535 Len=0"
"7527","225.372463","20.42.65.84","10.8.0.1","TCP","54","443  >  45830 [ACK] Seq=6634 Ack=2102 Win=65535 Len=0"
"7528","225.372520","20.42.65.84","10.8.0.1","TCP","54","443  >  45830 [FIN, ACK] Seq=6634 Ack=2102 Win=65535 Len=0"
"7529","225.372534","10.8.0.1","20.42.65.84","TCP","54","45830  >  443 [RST] Seq=2102 Win=0 Len=0"
"7530","225.775427","10.8.0.1","nrt13s50-in-f3.1e100.net","QUIC","169","Handshake, DCID=96beb40d758551a7"
"7531","229.033647","10.8.0.1","104.244.42.66","TLSv1.3","93","Application Data"
"7532","229.033750","104.244.42.66","10.8.0.1","TCP","54","443  >  55812 [ACK] Seq=5872 Ack=10457 Win=65535 Len=0"
"7533","229.212111","104.244.42.66","10.8.0.1","TLSv1.3","93","Application Data"
"7534","229.212127","10.8.0.1","104.244.42.66","TCP","54","55812  >  443 [ACK] Seq=10457 Ack=5911 Win=65535 Len=0"
"7535","231.006273","10.8.0.1","ord37s34-in-f14.1e100.net","TCP","117","[TCP Retransmission] 46060  >  443 [FIN, PSH, ACK] Seq=680 Ack=4707 Win=65535 Len=63"
"7536","231.006352","ord37s34-in-f14.1e100.net","10.8.0.1","TCP","54","[TCP Keep-Alive] 443  >  46060 [ACK] Seq=4707 Ack=681 Win=65535 Len=0"
"7537","231.006362","ord37s34-in-f14.1e100.net","10.8.0.1","TCP","54","[TCP Retransmission] 443  >  46060 [FIN, ACK] Seq=4707 Ack=681 Win=65535 Len=0"
"7538","231.533933","ord38s28-in-f10.1e100.net","10.8.0.1","TCP","54","443  >  46818 [FIN, ACK] Seq=6429 Ack=2725 Win=65535 Len=0"
"7539","231.534060","ord37s34-in-f10.1e100.net","10.8.0.1","TCP","54","443  >  59522 [FIN, ACK] Seq=7620 Ack=8383 Win=65535 Len=0"
"7540","231.534082","10.8.0.1","ord38s28-in-f10.1e100.net","TCP","54","46818  >  443 [RST] Seq=2725 Win=0 Len=0"
"7541","231.534087","10.8.0.1","ord37s34-in-f10.1e100.net","TCP","54","59522  >  443 [RST] Seq=8383 Win=0 Len=0"
"7542","233.054050","10.8.0.1","ord37s35-in-f14.1e100.net","TCP","72","[TCP Retransmission] 34930  >  443 [FIN, PSH, ACK] Seq=1144 Ack=7204 Win=65535 Len=18"
"7543","233.054135","ord37s35-in-f14.1e100.net","10.8.0.1","TCP","54","[TCP Keep-Alive] 443  >  34930 [ACK] Seq=7204 Ack=1145 Win=65535 Len=0"
"7544","233.054146","ord37s35-in-f14.1e100.net","10.8.0.1","TCP","54","[TCP Retransmission] 443  >  34930 [FIN, ACK] Seq=7204 Ack=1145 Win=65535 Len=0"
"7545","235.054350","ord38s28-in-f10.1e100.net","10.8.0.1","TCP","54","443  >  46836 [FIN, ACK] Seq=5785 Ack=3920 Win=65535 Len=0"
"7546","235.054715","10.8.0.1","ord38s28-in-f10.1e100.net","TCP","54","46836  >  443 [FIN, ACK] Seq=3920 Ack=5786 Win=65535 Len=0"
"7547","235.054737","ord38s28-in-f10.1e100.net","10.8.0.1","TCP","54","443  >  46836 [ACK] Seq=5786 Ack=3921 Win=65535 Len=0"
"7548","235.054774","ord38s28-in-f10.1e100.net","10.8.0.1","TCP","54","443  >  46836 [FIN, ACK] Seq=5786 Ack=3921 Win=65535 Len=0"
"7549","235.054778","10.8.0.1","ord38s28-in-f10.1e100.net","TCP","54","46836  >  443 [RST] Seq=3921 Win=0 Len=0"
"7550","236.014219","ord37s36-in-f3.1e100.net","10.8.0.1","TCP","54","443  >  44266 [FIN, ACK] Seq=5181 Ack=836 Win=65535 Len=0"
"7551","236.014545","10.8.0.1","ord37s36-in-f3.1e100.net","TCP","54","44266  >  443 [FIN, ACK] Seq=836 Ack=5182 Win=65535 Len=0"
"7552","236.014567","ord37s36-in-f3.1e100.net","10.8.0.1","TCP","54","443  >  44266 [ACK] Seq=5182 Ack=837 Win=65535 Len=0"
"7553","236.014598","ord37s36-in-f3.1e100.net","10.8.0.1","TCP","54","443  >  44266 [FIN, ACK] Seq=5182 Ack=837 Win=65535 Len=0"
"7554","236.014602","10.8.0.1","ord37s36-in-f3.1e100.net","TCP","54","44266  >  443 [RST] Seq=837 Win=0 Len=0"
"7555","249.034739","10.8.0.1","104.244.42.66","TLSv1.3","93","Application Data"
"7556","249.034834","104.244.42.66","10.8.0.1","TCP","54","443  >  55812 [ACK] Seq=5911 Ack=10496 Win=65535 Len=0"
"7557","249.279377","104.244.42.66","10.8.0.1","TLSv1.3","93","Application Data"
"7558","249.279417","10.8.0.1","104.244.42.66","TCP","54","55812  >  443 [ACK] Seq=10496 Ack=5950 Win=65535 Len=0"
"7559","256.517153","10.8.0.1","ftp8.ofertadasorte.com.br","NTP","90","NTP Version 3, client"
"7560","256.774366","ftp8.ofertadasorte.com.br","10.8.0.1","NTP","90","NTP Version 3, server"
"7561","260.014067","ord37s33-in-f2.1e100.net","10.8.0.1","TCP","54","443  >  43330 [FIN, ACK] Seq=6269 Ack=1230 Win=65535 Len=0"
"7562","260.014291","ord37s34-in-f10.1e100.net","10.8.0.1","TCP","54","443  >  59688 [FIN, ACK] Seq=6180 Ack=2060 Win=65535 Len=0"
"7563","260.014312","10.8.0.1","ord37s33-in-f2.1e100.net","TCP","54","43330  >  443 [FIN, ACK] Seq=1230 Ack=6270 Win=65535 Len=0"
"7564","260.014333","ord37s33-in-f2.1e100.net","10.8.0.1","TCP","54","443  >  43330 [ACK] Seq=6270 Ack=1231 Win=65535 Len=0"
"7565","260.014345","ord37s33-in-f2.1e100.net","10.8.0.1","TCP","54","443  >  43330 [FIN, ACK] Seq=6270 Ack=1231 Win=65535 Len=0"
"7566","260.014350","10.8.0.1","ord37s34-in-f10.1e100.net","TCP","54","59688  >  443 [RST] Seq=2060 Win=0 Len=0"
"7567","260.014353","10.8.0.1","ord37s33-in-f2.1e100.net","TCP","54","43330  >  443 [RST] Seq=1231 Win=0 Len=0"
"7568","260.653710","ord37s33-in-f2.1e100.net","10.8.0.1","TCP","54","443  >  43334 [FIN, ACK] Seq=6268 Ack=1228 Win=65535 Len=0"
"7569","260.689826","10.8.0.1","ord37s33-in-f2.1e100.net","TCP","54","43334  >  443 [ACK] Seq=1228 Ack=6269 Win=65535 Len=0"
"7570","261.014825","10.8.0.1","ord37s33-in-f2.1e100.net","TCP","54","43334  >  443 [FIN, ACK] Seq=1228 Ack=6269 Win=65535 Len=0"
"7571","261.014879","ord37s33-in-f2.1e100.net","10.8.0.1","TCP","54","443  >  43334 [ACK] Seq=6269 Ack=1229 Win=65535 Len=0"
"7572","261.014916","ord37s33-in-f2.1e100.net","10.8.0.1","TCP","54","443  >  43334 [FIN, ACK] Seq=6269 Ack=1229 Win=65535 Len=0"
"7573","261.014921","10.8.0.1","ord37s33-in-f2.1e100.net","TCP","54","43334  >  443 [RST] Seq=1229 Win=0 Len=0"
"7574","261.726461","10.8.0.1","ord38s18-in-f2.1e100.net","TCP","210","[TCP Retransmission] 60806  >  443 [PSH, ACK] Seq=518 Ack=4309 Win=67107840 Len=156"
"7575","262.573906","203.104.160.12","10.8.0.1","TCP","54","443  >  50330 [FIN, ACK] Seq=5727 Ack=1458 Win=65535 Len=0"
"7576","262.574035","10.8.0.1","203.104.160.12","TCP","54","50330  >  443 [RST] Seq=1458 Win=0 Len=0"
"7577","264.136375","10.8.0.1","lga15s46-in-f35.1e100.net","TCP","74","45268  >  443 [SYN] Seq=0 Win=65535 Len=0 MSS=1460 SACK_PERM=1 TSval=2005182449 TSecr=0 WS=1024"
"7578","264.137170","lga15s46-in-f35.1e100.net","10.8.0.1","TCP","54","443  >  45268 [SYN, ACK] Seq=0 Ack=1 Win=65535 Len=0"
"7579","264.137189","10.8.0.1","lga15s46-in-f35.1e100.net","TCP","54","45268  >  443 [ACK] Seq=1 Ack=1 Win=65535 Len=0"
"7580","264.139553","10.8.0.1","lga15s46-in-f35.1e100.net","TLSv1.3","571","Client Hello"
"7581","264.139587","lga15s46-in-f35.1e100.net","10.8.0.1","TCP","54","443  >  45268 [ACK] Seq=1 Ack=518 Win=65535 Len=0"
"7582","264.290521","lga15s46-in-f35.1e100.net","10.8.0.1","TLSv1.3","1432","Server Hello, Change Cipher Spec"
"7583","264.290531","10.8.0.1","lga15s46-in-f35.1e100.net","TCP","54","45268  >  443 [ACK] Seq=518 Ack=1379 Win=65535 Len=0"
"7584","264.290565","lga15s46-in-f35.1e100.net","10.8.0.1","TCP","94","443  >  45268 [PSH, ACK] Seq=1379 Ack=518 Win=65535 Len=40 [TCP segment of a reassembled PDU]"
"7585","264.290569","10.8.0.1","lga15s46-in-f35.1e100.net","TCP","54","45268  >  443 [ACK] Seq=518 Ack=1419 Win=65535 Len=0"
"7586","264.297864","lga15s46-in-f35.1e100.net","10.8.0.1","TCP","1432","443  >  45268 [PSH, ACK] Seq=1419 Ack=518 Win=65535 Len=1378 [TCP segment of a reassembled PDU]"
"7587","264.297868","10.8.0.1","lga15s46-in-f35.1e100.net","TCP","54","45268  >  443 [ACK] Seq=518 Ack=2797 Win=65535 Len=0"
"7588","264.299390","lga15s46-in-f35.1e100.net","10.8.0.1","TCP","1432","443  >  45268 [PSH, ACK] Seq=2797 Ack=518 Win=65535 Len=1378 [TCP segment of a reassembled PDU]"
"7589","264.299403","10.8.0.1","lga15s46-in-f35.1e100.net","TCP","54","45268  >  443 [ACK] Seq=518 Ack=4175 Win=65535 Len=0"
"7590","264.348008","lga15s46-in-f35.1e100.net","10.8.0.1","TLSv1.3","222","Application Data"
"7591","264.348015","10.8.0.1","lga15s46-in-f35.1e100.net","TCP","54","45268  >  443 [ACK] Seq=518 Ack=4343 Win=65535 Len=0"
"7592","264.368304","10.8.0.1","lga15s46-in-f35.1e100.net","TLSv1.3","118","Change Cipher Spec, Application Data"
"7593","264.368321","lga15s46-in-f35.1e100.net","10.8.0.1","TCP","54","443  >  45268 [ACK] Seq=4343 Ack=582 Win=65535 Len=0"
"7594","264.369532","10.8.0.1","lga15s46-in-f35.1e100.net","TLSv1.3","346","Application Data"
"7595","264.369543","lga15s46-in-f35.1e100.net","10.8.0.1","TCP","54","443  >  45268 [ACK] Seq=4343 Ack=874 Win=65535 Len=0"
"7596","264.649561","lga15s46-in-f35.1e100.net","10.8.0.1","TLSv1.3","1432","Application Data"
"7597","264.649583","10.8.0.1","lga15s46-in-f35.1e100.net","TCP","54","45268  >  443 [ACK] Seq=874 Ack=5721 Win=65535 Len=0"
"7598","264.649599","lga15s46-in-f35.1e100.net","10.8.0.1","TLSv1.3","652","Application Data"
"7599","264.649652","10.8.0.1","lga15s46-in-f35.1e100.net","TCP","54","45268  >  443 [ACK] Seq=874 Ack=6319 Win=65535 Len=0"
"7600","264.651836","lga15s46-in-f35.1e100.net","10.8.0.1","TLSv1.3","6944","Application Data, Application Data, Application Data, Application Data"
"7601","264.651846","10.8.0.1","lga15s46-in-f35.1e100.net","TCP","54","45268  >  443 [ACK] Seq=874 Ack=13209 Win=65535 Len=0"
"7602","264.697179","lga15s46-in-f35.1e100.net","10.8.0.1","TLSv1.3","2810","Application Data, Application Data"
"7603","264.697210","10.8.0.1","lga15s46-in-f35.1e100.net","TCP","54","45268  >  443 [ACK] Seq=874 Ack=15965 Win=65535 Len=0"
"7604","264.699293","lga15s46-in-f35.1e100.net","10.8.0.1","TLSv1.3","1432","Application Data [TCP segment of a reassembled PDU]"
"7605","264.699298","10.8.0.1","lga15s46-in-f35.1e100.net","TCP","54","45268  >  443 [ACK] Seq=874 Ack=17343 Win=65535 Len=0"
"7606","264.703976","lga15s46-in-f35.1e100.net","10.8.0.1","TLSv1.3","2810","Application Data, Application Data"
"7607","264.703984","10.8.0.1","lga15s46-in-f35.1e100.net","TCP","54","45268  >  443 [ACK] Seq=874 Ack=20099 Win=65535 Len=0"
"7608","264.705384","lga15s46-in-f35.1e100.net","10.8.0.1","TLSv1.3","2810","Application Data, Application Data"
"7609","264.705391","10.8.0.1","lga15s46-in-f35.1e100.net","TCP","54","45268  >  443 [ACK] Seq=874 Ack=22855 Win=65535 Len=0"
"7610","264.707251","lga15s46-in-f35.1e100.net","10.8.0.1","TLSv1.3","4188","Application Data, Application Data, Application Data"
"7611","264.707261","10.8.0.1","lga15s46-in-f35.1e100.net","TCP","54","45268  >  443 [ACK] Seq=874 Ack=26989 Win=65535 Len=0"
"7612","264.709377","lga15s46-in-f35.1e100.net","10.8.0.1","TLSv1.3","4188","Application Data, Application Data, Application Data"
"7613","264.709385","10.8.0.1","lga15s46-in-f35.1e100.net","TCP","54","45268  >  443 [ACK] Seq=874 Ack=31123 Win=65535 Len=0"
"7614","264.748475","lga15s46-in-f35.1e100.net","10.8.0.1","TLSv1.3","1432","Application Data [TCP segment of a reassembled PDU]"
"7615","264.748482","10.8.0.1","lga15s46-in-f35.1e100.net","TCP","54","45268  >  443 [ACK] Seq=874 Ack=32501 Win=65535 Len=0"
"7616","264.749629","lga15s46-in-f35.1e100.net","10.8.0.1","TLSv1.3","2810","Application Data, Application Data"
"7617","264.749637","10.8.0.1","lga15s46-in-f35.1e100.net","TCP","54","45268  >  443 [ACK] Seq=874 Ack=35257 Win=65535 Len=0"
"7618","264.751302","lga15s46-in-f35.1e100.net","10.8.0.1","TLSv1.3","1432","Application Data [TCP segment of a reassembled PDU]"
"7619","264.751307","10.8.0.1","lga15s46-in-f35.1e100.net","TCP","54","45268  >  443 [ACK] Seq=874 Ack=36635 Win=65535 Len=0"
"7620","264.751357","lga15s46-in-f35.1e100.net","10.8.0.1","TLSv1.3","2810","Application Data, Application Data, Application Data"
"7621","264.751364","10.8.0.1","lga15s46-in-f35.1e100.net","TCP","54","45268  >  443 [ACK] Seq=874 Ack=39391 Win=65535 Len=0"
"7622","264.753846","lga15s46-in-f35.1e100.net","10.8.0.1","TLSv1.3","2810","Application Data, Application Data"
"7623","264.753853","10.8.0.1","lga15s46-in-f35.1e100.net","TCP","54","45268  >  443 [ACK] Seq=874 Ack=42147 Win=65535 Len=0"
"7624","264.755258","lga15s46-in-f35.1e100.net","10.8.0.1","TLSv1.3","1432","Application Data [TCP segment of a reassembled PDU]"
"7625","264.755262","10.8.0.1","lga15s46-in-f35.1e100.net","TCP","54","45268  >  443 [ACK] Seq=874 Ack=43525 Win=65535 Len=0"
"7626","264.757279","lga15s46-in-f35.1e100.net","10.8.0.1","TLSv1.3","1432","Application Data [TCP segment of a reassembled PDU]"
"7627","264.757283","10.8.0.1","lga15s46-in-f35.1e100.net","TCP","54","45268  >  443 [ACK] Seq=874 Ack=44903 Win=65535 Len=0"
"7628","264.757335","lga15s46-in-f35.1e100.net","10.8.0.1","TLSv1.3","2810","Application Data [TCP segment of a reassembled PDU]"
"7629","264.757341","10.8.0.1","lga15s46-in-f35.1e100.net","TCP","54","45268  >  443 [ACK] Seq=874 Ack=47659 Win=65535 Len=0"
"7630","264.759548","lga15s46-in-f35.1e100.net","10.8.0.1","TLSv1.3","2810","Application Data, Application Data"
"7631","264.759556","10.8.0.1","lga15s46-in-f35.1e100.net","TCP","54","45268  >  443 [ACK] Seq=874 Ack=50415 Win=65535 Len=0"
"7632","264.759602","lga15s46-in-f35.1e100.net","10.8.0.1","TLSv1.3","2810","Application Data, Application Data"
"7633","264.759609","10.8.0.1","lga15s46-in-f35.1e100.net","TCP","54","45268  >  443 [ACK] Seq=874 Ack=53171 Win=65535 Len=0"
"7634","264.761253","lga15s46-in-f35.1e100.net","10.8.0.1","TLSv1.3","2810","Application Data, Application Data"
"7635","264.761257","10.8.0.1","lga15s46-in-f35.1e100.net","TCP","54","45268  >  443 [ACK] Seq=874 Ack=55927 Win=65535 Len=0"
"7636","264.763482","lga15s46-in-f35.1e100.net","10.8.0.1","TLSv1.3","2810","Application Data, Application Data"
"7637","264.763489","10.8.0.1","lga15s46-in-f35.1e100.net","TCP","54","45268  >  443 [ACK] Seq=874 Ack=58683 Win=65535 Len=0"
"7638","264.763538","lga15s46-in-f35.1e100.net","10.8.0.1","TLSv1.3","2810","Application Data, Application Data"
"7639","264.763546","10.8.0.1","lga15s46-in-f35.1e100.net","TCP","54","45268  >  443 [ACK] Seq=874 Ack=61439 Win=65535 Len=0"
"7640","264.765280","lga15s46-in-f35.1e100.net","10.8.0.1","TLSv1.3","4188","Application Data, Application Data, Application Data"
"7641","264.765288","10.8.0.1","lga15s46-in-f35.1e100.net","TCP","54","45268  >  443 [ACK] Seq=874 Ack=65573 Win=65535 Len=0"
"7642","264.767286","lga15s46-in-f35.1e100.net","10.8.0.1","TLSv1.3","1432","Application Data [TCP segment of a reassembled PDU]"
"7643","264.767379","10.8.0.1","lga15s46-in-f35.1e100.net","TCP","54","45268  >  443 [ACK] Seq=874 Ack=66951 Win=65535 Len=0"
"7644","264.797164","lga15s46-in-f35.1e100.net","10.8.0.1","TLSv1.3","1432","Application Data [TCP segment of a reassembled PDU]"
"7645","264.833816","10.8.0.1","lga15s46-in-f35.1e100.net","TCP","54","45268  >  443 [ACK] Seq=874 Ack=68329 Win=65535 Len=0"
"7646","264.833913","lga15s46-in-f35.1e100.net","10.8.0.1","TLSv1.3","57078","Application Data, Application Data, Application Data, Application Data, Application Data, Application Data, Application Data, Application Data, Application Data, Application Data, Application Data, Application Data, Application Data, Application Data, Application Data, Application Data, Application Data, Application Data, Application Data, Application Data, Application Data, Application Data, Application Data, Application Data, Application Data, Application Data, Application Data, Application Data, Application Data, Application Data, Application Data, Application Data, Application Data, Application Data, Application Data, Application Data, Application Data, Application Data, Application Data, Application Data, Application Data, Application Data"
"7647","264.833975","10.8.0.1","lga15s46-in-f35.1e100.net","TCP","54","45268  >  443 [ACK] Seq=874 Ack=125353 Win=65535 Len=0"
"7648","264.833988","lga15s46-in-f35.1e100.net","10.8.0.1","TCP","54","443  >  45268 [FIN, ACK] Seq=125353 Ack=874 Win=65535 Len=0"
"7649","264.852068","10.8.0.1","lga15s46-in-f35.1e100.net","TLSv1.3","78","Application Data"
"7650","264.852410","10.8.0.1","lga15s46-in-f35.1e100.net","TCP","54","45268  >  443 [FIN, ACK] Seq=898 Ack=125354 Win=65535 Len=0"
"7651","264.852511","lga15s46-in-f35.1e100.net","10.8.0.1","TCP","54","443  >  45268 [ACK] Seq=125354 Ack=899 Win=65535 Len=0"
"7652","264.852553","lga15s46-in-f35.1e100.net","10.8.0.1","TCP","54","443  >  45268 [FIN, ACK] Seq=125354 Ack=899 Win=65535 Len=0"
"7653","264.852562","10.8.0.1","lga15s46-in-f35.1e100.net","TCP","54","45268  >  443 [RST] Seq=899 Win=0 Len=0"
"7654","268.654478","104.18.23.112","10.8.0.1","TCP","54","443  >  50978 [FIN, ACK] Seq=4869 Ack=1604 Win=65535 Len=0"
"7655","268.654571","10.8.0.1","104.18.23.112","TCP","54","50978  >  443 [RST] Seq=1604 Win=0 Len=0"
"7656","269.035501","10.8.0.1","104.244.42.66","TLSv1.3","93","Application Data"
"7657","269.035549","104.244.42.66","10.8.0.1","TCP","54","443  >  55812 [ACK] Seq=5950 Ack=10535 Win=65535 Len=0"
"7658","269.132164","104.244.42.66","10.8.0.1","TLSv1.3","93","Application Data"
"7659","269.132172","10.8.0.1","104.244.42.66","TCP","54","55812  >  443 [ACK] Seq=10535 Ack=5989 Win=65535 Len=0"
"7660","277.614092","20.42.65.89","10.8.0.1","TCP","54","443  >  40372 [FIN, ACK] Seq=1 Ack=518 Win=65535 Len=0"
"7661","277.614246","ord37s34-in-f10.1e100.net","10.8.0.1","TCP","54","443  >  59794 [FIN, ACK] Seq=1 Ack=518 Win=65535 Len=0"
"7662","277.614276","151.101.65.35","10.8.0.1","TCP","54","443  >  53130 [FIN, ACK] Seq=4834 Ack=3252 Win=65535 Len=0"
"7663","277.614296","151.101.65.35","10.8.0.1","TCP","54","443  >  53126 [FIN, ACK] Seq=5619 Ack=12089 Win=65535 Len=0"
"7664","277.614317","151.101.129.35","10.8.0.1","TCP","54","443  >  53826 [FIN, ACK] Seq=4968 Ack=5021 Win=65535 Len=0"
"7665","277.614521","104.16.51.111","10.8.0.1","TCP","54","443  >  33394 [FIN, ACK] Seq=3063 Ack=611 Win=65535 Len=0"
"7666","277.614668","151.101.130.133","10.8.0.1","TCP","54","443  >  59408 [FIN, ACK] Seq=8160 Ack=1036 Win=65535 Len=0"
"7667","277.614723","10.8.0.1","104.16.51.111","TCP","54","33394  >  443 [RST] Seq=611 Win=0 Len=0"
"7668","277.614730","10.8.0.1","20.42.65.89","TCP","54","40372  >  443 [FIN, ACK] Seq=518 Ack=2 Win=67107840 Len=0"
"7669","277.614750","20.42.65.89","10.8.0.1","TCP","54","443  >  40372 [ACK] Seq=2 Ack=519 Win=65535 Len=0"
"7670","277.614763","20.42.65.89","10.8.0.1","TCP","54","443  >  40372 [FIN, ACK] Seq=2 Ack=519 Win=65535 Len=0"
"7671","277.614767","10.8.0.1","151.101.130.133","TCP","54","59408  >  443 [RST] Seq=1036 Win=0 Len=0"
"7672","277.614770","10.8.0.1","20.42.65.89","TCP","54","40372  >  443 [RST] Seq=519 Win=0 Len=0"
"7673","278.256585","ord37s35-in-f14.1e100.net","10.8.0.1","TCP","54","443  >  34838 [FIN, ACK] Seq=8699 Ack=1138 Win=65535 Len=0"
"7674","278.257112","lga15s46-in-f22.1e100.net","10.8.0.1","TCP","54","443  >  34006 [FIN, ACK] Seq=5585 Ack=901 Win=65535 Len=0"
"7675","278.257414","10.8.0.1","ord37s35-in-f14.1e100.net","TCP","54","34838  >  443 [FIN, ACK] Seq=1138 Ack=8700 Win=65535 Len=0"
"7676","278.257523","ord37s35-in-f14.1e100.net","10.8.0.1","TCP","54","443  >  34838 [ACK] Seq=8700 Ack=1139 Win=65535 Len=0"
"7677","278.257649","ord37s35-in-f14.1e100.net","10.8.0.1","TCP","54","443  >  34838 [FIN, ACK] Seq=8700 Ack=1139 Win=65535 Len=0"
"7678","278.257676","10.8.0.1","ord37s35-in-f14.1e100.net","TCP","54","34838  >  443 [RST] Seq=1139 Win=0 Len=0"
"7679","278.258276","10.8.0.1","lga15s46-in-f22.1e100.net","TCP","54","34006  >  443 [FIN, ACK] Seq=901 Ack=5586 Win=65535 Len=0"
"7680","278.258358","lga15s46-in-f22.1e100.net","10.8.0.1","TCP","54","443  >  34006 [ACK] Seq=5586 Ack=902 Win=65535 Len=0"
"7681","278.258428","lga15s46-in-f22.1e100.net","10.8.0.1","TCP","54","443  >  34006 [FIN, ACK] Seq=5586 Ack=902 Win=65535 Len=0"
"7682","278.258449","10.8.0.1","lga15s46-in-f22.1e100.net","TCP","54","34006  >  443 [RST] Seq=902 Win=0 Len=0"
"7683","279.985868","10.8.0.1","lga15s46-in-f35.1e100.net","TLSv1.3","124","Application Data"
"7684","279.986342","lga15s46-in-f35.1e100.net","10.8.0.1","TCP","54","443  >  45244 [ACK] Seq=2120 Ack=2096 Win=65535 Len=0"
"7685","279.986380","10.8.0.1","lga15s46-in-f35.1e100.net","TLSv1.3","93","Application Data"
"7686","279.986439","lga15s46-in-f35.1e100.net","10.8.0.1","TCP","54","443  >  45244 [ACK] Seq=2120 Ack=2135 Win=65535 Len=0"
"7687","279.986973","10.8.0.1","lga15s46-in-f35.1e100.net","TCP","590","45244  >  443 [ACK] Seq=2135 Ack=2120 Win=65535 Len=536 [TCP segment of a reassembled PDU]"
"7688","279.987062","lga15s46-in-f35.1e100.net","10.8.0.1","TCP","54","443  >  45244 [ACK] Seq=2120 Ack=2671 Win=65535 Len=0"
"7689","279.987083","10.8.0.1","lga15s46-in-f35.1e100.net","TLSv1.3","365","Application Data"
"7690","279.987153","lga15s46-in-f35.1e100.net","10.8.0.1","TCP","54","443  >  45244 [ACK] Seq=2120 Ack=2982 Win=65535 Len=0"
"7691","280.173420","ord37s34-in-f10.1e100.net","10.8.0.1","TCP","54","443  >  59832 [FIN, ACK] Seq=119375 Ack=22534 Win=65535 Len=0"
"7692","280.224882","10.8.0.1","ord37s34-in-f10.1e100.net","TCP","54","59832  >  443 [FIN, ACK] Seq=22534 Ack=119376 Win=67107840 Len=0"
"7693","280.225262","ord37s34-in-f10.1e100.net","10.8.0.1","TCP","54","443  >  59832 [ACK] Seq=119376 Ack=22535 Win=65535 Len=0"
"7694","280.225450","ord37s34-in-f10.1e100.net","10.8.0.1","TCP","54","443  >  59832 [FIN, ACK] Seq=119376 Ack=22535 Win=65535 Len=0"
"7695","280.225491","10.8.0.1","ord37s34-in-f10.1e100.net","TCP","54","59832  >  443 [RST] Seq=22535 Win=0 Len=0"
"7696","280.230120","lga15s46-in-f35.1e100.net","10.8.0.1","TLSv1.3","93","Application Data"
"7697","280.281630","10.8.0.1","lga15s46-in-f35.1e100.net","TCP","54","45244  >  443 [ACK] Seq=2982 Ack=2159 Win=65535 Len=0"
"7698","280.295593","lga15s46-in-f35.1e100.net","10.8.0.1","TLSv1.3","119","Application Data"
"7699","280.346626","10.8.0.1","lga15s46-in-f35.1e100.net","TCP","54","45244  >  443 [ACK] Seq=2982 Ack=2224 Win=65535 Len=0"
"7700","280.346692","10.8.0.1","lga15s46-in-f35.1e100.net","TLSv1.3","89","Application Data"
"7701","280.346826","lga15s46-in-f35.1e100.net","10.8.0.1","TCP","54","443  >  45244 [ACK] Seq=2224 Ack=3017 Win=65535 Len=0"
"7702","280.398530","lga15s46-in-f35.1e100.net","10.8.0.1","TLSv1.3","124","Application Data, Application Data"
"7703","280.451303","10.8.0.1","lga15s46-in-f35.1e100.net","TCP","54","45244  >  443 [ACK] Seq=3017 Ack=2294 Win=65535 Len=0"
"7704","280.451424","10.8.0.1","lga15s46-in-f35.1e100.net","TLSv1.3","93","Application Data"
"7705","280.451642","lga15s46-in-f35.1e100.net","10.8.0.1","TCP","54","443  >  45244 [ACK] Seq=2294 Ack=3056 Win=65535 Len=0"
"7706","286.465066","10.8.0.1","20.50.201.200","TCP","74","49554  >  443 [SYN] Seq=0 Win=65535 Len=0 MSS=1460 SACK_PERM=1 TSval=4270158995 TSecr=0 WS=1024"
"7707","286.468387","20.50.201.200","10.8.0.1","TCP","54","443  >  49554 [SYN, ACK] Seq=0 Ack=1 Win=65535 Len=0"
"7708","286.468436","10.8.0.1","20.50.201.200","TCP","54","49554  >  443 [ACK] Seq=1 Ack=1 Win=65535 Len=0"
"7709","286.476356","10.8.0.1","20.50.201.200","TLSv1.2","571","Client Hello"
"7710","286.476531","20.50.201.200","10.8.0.1","TCP","54","443  >  49554 [ACK] Seq=1 Ack=518 Win=65535 Len=0"
"7711","286.823180","20.50.201.200","10.8.0.1","TCP","4434","443  >  49554 [PSH, ACK] Seq=1 Ack=518 Win=65535 Len=4380 [TCP segment of a reassembled PDU]"
"7712","286.874770","10.8.0.1","20.50.201.200","TCP","54","49554  >  443 [ACK] Seq=518 Ack=4381 Win=65535 Len=0"
"7713","286.875138","20.50.201.200","10.8.0.1","TCP","1432","443  >  49554 [PSH, ACK] Seq=4381 Ack=518 Win=65535 Len=1378 [TCP segment of a reassembled PDU]"
"7714","286.926581","10.8.0.1","20.50.201.200","TCP","54","49554  >  443 [ACK] Seq=518 Ack=5759 Win=65535 Len=0"
"7715","286.926924","20.50.201.200","10.8.0.1","TLSv1.2","471","Server Hello, Certificate, Certificate Status, Server Key Exchange, Server Hello Done"
"7716","286.978363","10.8.0.1","20.50.201.200","TCP","54","49554  >  443 [ACK] Seq=518 Ack=6176 Win=65535 Len=0"
"7717","286.978476","10.8.0.1","20.50.201.200","TLSv1.2","212","Client Key Exchange, Change Cipher Spec, Encrypted Handshake Message"
"7718","286.978668","20.50.201.200","10.8.0.1","TCP","54","443  >  49554 [ACK] Seq=6176 Ack=676 Win=65535 Len=0"
"7719","287.143835","20.50.201.200","10.8.0.1","TLSv1.2","105","Change Cipher Spec, Encrypted Handshake Message"
"7720","287.195399","10.8.0.1","20.50.201.200","TCP","54","49554  >  443 [ACK] Seq=676 Ack=6227 Win=65535 Len=0"
"7721","287.195536","10.8.0.1","20.50.201.200","TCP","590","49554  >  443 [ACK] Seq=676 Ack=6227 Win=65535 Len=536 [TCP segment of a reassembled PDU]"
"7722","287.195757","20.50.201.200","10.8.0.1","TCP","54","443  >  49554 [ACK] Seq=6227 Ack=1212 Win=65535 Len=0"
"7723","287.195788","10.8.0.1","20.50.201.200","TLSv1.2","444","Application Data"
"7724","287.195850","20.50.201.200","10.8.0.1","TCP","54","443  >  49554 [ACK] Seq=6227 Ack=1602 Win=65535 Len=0"
"7725","287.458056","20.50.201.200","10.8.0.1","TLSv1.2","536","Application Data"
"7726","287.508384","10.8.0.1","20.50.201.200","TCP","54","49554  >  443 [ACK] Seq=1602 Ack=6709 Win=65535 Len=0"
"7727","289.037474","10.8.0.1","104.244.42.66","TLSv1.3","93","Application Data"
"7728","289.037674","104.244.42.66","10.8.0.1","TCP","54","443  >  55812 [ACK] Seq=5989 Ack=10574 Win=65535 Len=0"
"7729","289.214925","104.244.42.66","10.8.0.1","TLSv1.3","93","Application Data"
"7730","289.266485","10.8.0.1","104.244.42.66","TCP","54","55812  >  443 [ACK] Seq=10574 Ack=6028 Win=65535 Len=0"
"7731","309.041781","10.8.0.1","104.244.42.66","TLSv1.3","93","Application Data"
"7732","309.042082","104.244.42.66","10.8.0.1","TCP","54","443  >  55812 [ACK] Seq=6028 Ack=10613 Win=65535 Len=0"
"7733","309.291728","104.244.42.66","10.8.0.1","TLSv1.3","93","Application Data"
"7734","309.342974","10.8.0.1","104.244.42.66","TCP","54","55812  >  443 [ACK] Seq=10613 Ack=6067 Win=65535 Len=0"
"7735","312.930418","10.8.0.1","ord37s34-in-f14.1e100.net","TCP","116","[TCP Retransmission] 46060  >  443 [FIN, PSH, ACK] Seq=681 Ack=4707 Win=65535 Len=62"
"7736","312.930864","ord37s34-in-f14.1e100.net","10.8.0.1","TCP","54","[TCP Keep-Alive] 443  >  46060 [ACK] Seq=4707 Ack=682 Win=65535 Len=0"
"7737","312.930917","ord37s34-in-f14.1e100.net","10.8.0.1","TCP","54","[TCP Retransmission] 443  >  46060 [FIN, ACK] Seq=4707 Ack=682 Win=65535 Len=0"
"7738","312.930956","10.8.0.1","ord37s34-in-f10.1e100.net","TCP","118","[TCP Retransmission] 59740  >  443 [PSH, ACK] Seq=518 Ack=4681 Win=67107840 Len=64"
"7739","312.930974","10.8.0.1","ord37s34-in-f10.1e100.net","TCP","210","[TCP Retransmission] 59734  >  443 [PSH, ACK] Seq=518 Ack=4681 Win=67107840 Len=156"
"7740","317.023304","10.8.0.1","104.244.42.66","TCP","106","[TCP Retransmission] 55314  >  443 [FIN, PSH, ACK] Seq=7779 Ack=6016 Win=65535 Len=52"
"7741","317.023529","104.244.42.66","10.8.0.1","TCP","54","[TCP Keep-Alive] 443  >  55314 [ACK] Seq=6016 Ack=7780 Win=65535 Len=0"
"7742","317.023580","104.244.42.66","10.8.0.1","TCP","54","[TCP Retransmission] 443  >  55314 [FIN, ACK] Seq=6016 Ack=7780 Win=65535 Len=0"
"7743","317.023608","10.8.0.1","ord37s35-in-f14.1e100.net","TCP","71","[TCP Retransmission] 34930  >  443 [FIN, PSH, ACK] Seq=1145 Ack=7204 Win=65535 Len=17"
"7744","317.023708","ord37s35-in-f14.1e100.net","10.8.0.1","TCP","54","[TCP Keep-Alive] 443  >  34930 [ACK] Seq=7204 Ack=1146 Win=65535 Len=0"
"7745","317.023743","ord37s35-in-f14.1e100.net","10.8.0.1","TCP","54","[TCP Retransmission] 443  >  34930 [FIN, ACK] Seq=7204 Ack=1146 Win=65535 Len=0"
"7746","317.058636","10.8.0.1","c-68-54-100-49.hsd1.mn.comcast.net","NTP","90","NTP Version 3, client"
"7747","317.176197","c-68-54-100-49.hsd1.mn.comcast.net","10.8.0.1","NTP","90","NTP Version 3, server"
"7748","329.046481","10.8.0.1","104.244.42.66","TLSv1.3","93","Application Data"
"7749","329.046959","104.244.42.66","10.8.0.1","TCP","54","443  >  55812 [ACK] Seq=6067 Ack=10652 Win=65535 Len=0"
"7750","329.373854","199.232.6.133","10.8.0.1","TCP","54","443  >  34676 [FIN, ACK] Seq=6247 Ack=911 Win=65535 Len=0"
"7751","329.374086","199.232.6.133","10.8.0.1","TCP","54","443  >  34674 [FIN, ACK] Seq=6789 Ack=914 Win=65535 Len=0"
"7752","329.374268","104.244.42.66","10.8.0.1","TLSv1.3","93","Application Data"
"7753","329.374304","10.8.0.1","104.244.42.66","TCP","54","55812  >  443 [ACK] Seq=10652 Ack=6106 Win=65535 Len=0"
"7754","329.375382","10.8.0.1","199.232.6.133","TCP","54","34676  >  443 [FIN, ACK] Seq=911 Ack=6248 Win=65535 Len=0"
"7755","329.375570","199.232.6.133","10.8.0.1","TCP","54","443  >  34676 [ACK] Seq=6248 Ack=912 Win=65535 Len=0"
"7756","329.375707","199.232.6.133","10.8.0.1","TCP","54","443  >  34676 [FIN, ACK] Seq=6248 Ack=912 Win=65535 Len=0"
"7757","329.375735","10.8.0.1","199.232.6.133","TCP","54","34676  >  443 [RST] Seq=912 Win=0 Len=0"
"7758","329.415124","10.8.0.1","199.232.6.133","TCP","54","34674  >  443 [ACK] Seq=914 Ack=6790 Win=65535 Len=0"
"7759","329.697104","199.232.6.133","10.8.0.1","TCP","54","443  >  34680 [FIN, ACK] Seq=5293 Ack=964 Win=65535 Len=0"
"7760","329.697711","199.232.6.133","10.8.0.1","TCP","54","443  >  34678 [FIN, ACK] Seq=6191 Ack=921 Win=65535 Len=0"
"7761","329.700874","10.8.0.1","199.232.6.133","TLSv1.2","100","Application Data"
"7762","329.703039","10.8.0.1","199.232.6.133","TLSv1.2","85","Encrypted Alert"
"7763","329.703223","199.232.6.133","10.8.0.1","TCP","54","443  >  34680 [ACK] Seq=5294 Ack=1011 Win=65535 Len=0"
"7764","329.703273","199.232.6.133","10.8.0.1","TCP","54","443  >  34680 [FIN, ACK] Seq=5294 Ack=1011 Win=65535 Len=0"
"7765","329.734999","10.8.0.1","199.232.6.133","TCP","54","34678  >  443 [ACK] Seq=921 Ack=6192 Win=65535 Len=0"
"7766","330.375845","10.8.0.1","199.232.6.133","TCP","54","34678  >  443 [FIN, ACK] Seq=921 Ack=6192 Win=65535 Len=0"
"7767","330.376091","199.232.6.133","10.8.0.1","TCP","54","443  >  34678 [ACK] Seq=6192 Ack=922 Win=65535 Len=0"
"7768","330.376216","199.232.6.133","10.8.0.1","TCP","54","443  >  34678 [FIN, ACK] Seq=6192 Ack=922 Win=65535 Len=0"
"7769","330.376243","10.8.0.1","199.232.6.133","TCP","54","34674  >  443 [FIN, ACK] Seq=914 Ack=6790 Win=65535 Len=0"
"7770","330.376290","199.232.6.133","10.8.0.1","TCP","54","443  >  34674 [ACK] Seq=6790 Ack=915 Win=65535 Len=0"
"7771","330.376344","199.232.6.133","10.8.0.1","TCP","54","443  >  34674 [FIN, ACK] Seq=6790 Ack=915 Win=65535 Len=0"
"7772","330.376362","10.8.0.1","199.232.6.133","TCP","54","34678  >  443 [RST] Seq=922 Win=0 Len=0"
"7773","330.376378","10.8.0.1","199.232.6.133","TCP","54","34674  >  443 [RST] Seq=915 Win=0 Len=0"
"7774","331.167494","10.8.0.1","199.232.6.133","TCP","84","[TCP Retransmission] 34680  >  443 [FIN, PSH, ACK] Seq=1011 Ack=5294 Win=65535 Len=30"
"7775","331.167715","199.232.6.133","10.8.0.1","TCP","54","[TCP Keep-Alive] 443  >  34680 [ACK] Seq=5294 Ack=1012 Win=65535 Len=0"
"7776","331.167765","199.232.6.133","10.8.0.1","TCP","54","[TCP Retransmission] 443  >  34680 [FIN, ACK] Seq=5294 Ack=1012 Win=65535 Len=0"
"7777","331.363818","10.8.0.1","ord38s28-in-f10.1e100.net","TCP","214","[TCP Retransmission] 46678  >  443 [FIN, PSH, ACK] Seq=679 Ack=4684 Win=65535 Len=160"
"7778","331.364079","ord38s28-in-f10.1e100.net","10.8.0.1","TCP","54","[TCP Keep-Alive] 443  >  46678 [ACK] Seq=4684 Ack=680 Win=65535 Len=0"
"7779","331.364132","ord38s28-in-f10.1e100.net","10.8.0.1","TCP","54","[TCP Retransmission] 443  >  46678 [FIN, ACK] Seq=4684 Ack=680 Win=65535 Len=0"
"7780","331.364161","10.8.0.1","lga15s46-in-f22.1e100.net","TCP","206","[TCP Retransmission] 33402  >  443 [FIN, PSH, ACK] Seq=679 Ack=4752 Win=65535 Len=152"
"7781","331.364205","lga15s46-in-f22.1e100.net","10.8.0.1","TCP","54","[TCP Keep-Alive] 443  >  33402 [ACK] Seq=4752 Ack=680 Win=65535 Len=0"
"7782","331.364238","lga15s46-in-f22.1e100.net","10.8.0.1","TCP","54","[TCP Retransmission] 443  >  33402 [FIN, ACK] Seq=4752 Ack=680 Win=65535 Len=0"
"7783","334.177126","10.8.0.1","199.232.6.133","TCP","83","[TCP Retransmission] 34680  >  443 [FIN, PSH, ACK] Seq=1012 Ack=5294 Win=65535 Len=29"
"7784","334.177546","199.232.6.133","10.8.0.1","TCP","54","[TCP Keep-Alive] 443  >  34680 [ACK] Seq=5294 Ack=1013 Win=65535 Len=0"
"7785","334.177598","199.232.6.133","10.8.0.1","TCP","54","[TCP Retransmission] 443  >  34680 [FIN, ACK] Seq=5294 Ack=1013 Win=65535 Len=0"
"7786","336.459668","ord37s32-in-f3.1e100.net","10.8.0.1","TCP","54","443  >  57874 [FIN, ACK] Seq=6183 Ack=4558 Win=65535 Len=0"
"7787","336.510844","10.8.0.1","ord37s32-in-f3.1e100.net","TCP","54","57874  >  443 [FIN, ACK] Seq=4558 Ack=6184 Win=65535 Len=0"
"7788","336.510999","ord37s32-in-f3.1e100.net","10.8.0.1","TCP","54","443  >  57874 [ACK] Seq=6184 Ack=4559 Win=65535 Len=0"
"7789","336.511099","ord37s32-in-f3.1e100.net","10.8.0.1","TCP","54","443  >  57874 [FIN, ACK] Seq=6184 Ack=4559 Win=65535 Len=0"
"7790","336.511127","10.8.0.1","ord37s32-in-f3.1e100.net","TCP","54","57874  >  443 [RST] Seq=4559 Win=0 Len=0"
"7791","337.703606","ord37s35-in-f10.1e100.net","10.8.0.1","TCP","54","443  >  51112 [FIN, ACK] Seq=6125 Ack=39146 Win=65535 Len=0"
"7792","337.754919","10.8.0.1","ord37s35-in-f10.1e100.net","TCP","54","51112  >  443 [FIN, ACK] Seq=39146 Ack=6126 Win=65535 Len=0"
"7793","337.755125","ord37s35-in-f10.1e100.net","10.8.0.1","TCP","54","443  >  51112 [ACK] Seq=6126 Ack=39147 Win=65535 Len=0"
"7794","337.755312","ord37s35-in-f10.1e100.net","10.8.0.1","TCP","54","443  >  51112 [FIN, ACK] Seq=6126 Ack=39147 Win=65535 Len=0"
"7795","337.755342","10.8.0.1","ord37s35-in-f10.1e100.net","TCP","54","51112  >  443 [RST] Seq=39147 Win=0 Len=0"
"7796","340.065002","10.8.0.1","199.232.6.133","TCP","82","[TCP Retransmission] 34680  >  443 [FIN, PSH, ACK] Seq=1013 Ack=5294 Win=65535 Len=28"
"7797","340.065268","199.232.6.133","10.8.0.1","TCP","54","[TCP Keep-Alive] 443  >  34680 [ACK] Seq=5294 Ack=1014 Win=65535 Len=0"
"7798","340.065319","199.232.6.133","10.8.0.1","TCP","54","[TCP Retransmission] 443  >  34680 [FIN, ACK] Seq=5294 Ack=1014 Win=65535 Len=0"
"7799","340.866029","ord38s28-in-f10.1e100.net","10.8.0.1","TCP","54","443  >  47436 [FIN, ACK] Seq=5825 Ack=5352 Win=65535 Len=0"
"7800","340.917558","10.8.0.1","ord38s28-in-f10.1e100.net","TCP","54","47436  >  443 [FIN, ACK] Seq=5352 Ack=5826 Win=65535 Len=0"
"7801","340.918031","ord38s28-in-f10.1e100.net","10.8.0.1","TCP","54","443  >  47436 [ACK] Seq=5826 Ack=5353 Win=65535 Len=0"
"7802","340.918231","ord38s28-in-f10.1e100.net","10.8.0.1","TCP","54","443  >  47436 [FIN, ACK] Seq=5826 Ack=5353 Win=65535 Len=0"
"7803","340.918266","10.8.0.1","ord38s28-in-f10.1e100.net","TCP","54","47436  >  443 [RST] Seq=5353 Win=0 Len=0"
"7804","349.052330","10.8.0.1","104.244.42.66","TLSv1.3","93","Application Data"
"7805","349.052828","104.244.42.66","10.8.0.1","TCP","54","443  >  55812 [ACK] Seq=6106 Ack=10691 Win=65535 Len=0"
"7806","349.185110","104.244.42.66","10.8.0.1","TLSv1.3","93","Application Data"
"7807","349.236789","10.8.0.1","104.244.42.66","TCP","54","55812  >  443 [ACK] Seq=10691 Ack=6145 Win=65535 Len=0"
"7808","351.845789","10.8.0.1","199.232.6.133","TCP","81","[TCP Retransmission] 34680  >  443 [FIN, PSH, ACK] Seq=1014 Ack=5294 Win=65535 Len=27"
"7809","351.846152","199.232.6.133","10.8.0.1","TCP","54","[TCP Keep-Alive] 443  >  34680 [ACK] Seq=5294 Ack=1015 Win=65535 Len=0"
"7810","351.846204","199.232.6.133","10.8.0.1","TCP","54","[TCP Retransmission] 443  >  34680 [FIN, ACK] Seq=5294 Ack=1015 Win=65535 Len=0"
"7811","354.961902","10.8.0.1","ord37s34-in-f10.1e100.net","TCP","74","60174  >  443 [SYN] Seq=0 Win=65535 Len=0 MSS=1460 SACK_PERM=1 TSval=2022622532 TSecr=0 WS=1024"
"7812","354.965012","ord37s34-in-f10.1e100.net","10.8.0.1","TCP","54","443  >  60174 [SYN, ACK] Seq=0 Ack=1 Win=65535 Len=0"
"7813","354.965062","10.8.0.1","ord37s34-in-f10.1e100.net","TCP","54","60174  >  443 [ACK] Seq=1 Ack=1 Win=65535 Len=0"
"7814","354.972665","10.8.0.1","ord37s34-in-f10.1e100.net","TLSv1.3","571","Client Hello"
"7815","354.972843","ord37s34-in-f10.1e100.net","10.8.0.1","TCP","54","443  >  60174 [ACK] Seq=1 Ack=518 Win=65535 Len=0"
"7816","355.106629","ord37s34-in-f10.1e100.net","10.8.0.1","TLSv1.3","4742","Server Hello, Change Cipher Spec, Application Data"
"7817","355.158131","10.8.0.1","ord37s34-in-f10.1e100.net","TCP","54","60174  >  443 [ACK] Seq=518 Ack=4689 Win=65535 Len=0"
"7818","355.158234","10.8.0.1","ord37s34-in-f10.1e100.net","TLSv1.3","118","Change Cipher Spec, Application Data"
"7819","355.158398","ord37s34-in-f10.1e100.net","10.8.0.1","TCP","54","443  >  60174 [ACK] Seq=4689 Ack=582 Win=65535 Len=0"
"7820","355.158429","10.8.0.1","ord37s34-in-f10.1e100.net","TLSv1.3","267","Application Data"
"7821","355.158485","ord37s34-in-f10.1e100.net","10.8.0.1","TCP","54","443  >  60174 [ACK] Seq=4689 Ack=795 Win=65535 Len=0"
"7822","358.144001","ord37s34-in-f10.1e100.net","10.8.0.1","TLSv1.3","1761","Application Data, Application Data"
"7823","358.195619","10.8.0.1","ord37s34-in-f10.1e100.net","TCP","54","60174  >  443 [ACK] Seq=795 Ack=6396 Win=65535 Len=0"
"7824","358.204004","ord37s34-in-f10.1e100.net","10.8.0.1","TLSv1.3","190","Application Data, Application Data"
"7825","358.255097","10.8.0.1","ord37s34-in-f10.1e100.net","TCP","54","60174  >  443 [ACK] Seq=795 Ack=6532 Win=65535 Len=0"
"7826","358.255180","10.8.0.1","ord37s34-in-f10.1e100.net","TCP","590","60174  >  443 [ACK] Seq=795 Ack=6532 Win=65535 Len=536 [TCP segment of a reassembled PDU]"
"7827","358.255310","ord37s34-in-f10.1e100.net","10.8.0.1","TCP","54","443  >  60174 [ACK] Seq=6532 Ack=1331 Win=65535 Len=0"
"7828","358.255334","10.8.0.1","ord37s34-in-f10.1e100.net","TCP","590","60174  >  443 [ACK] Seq=1331 Ack=6532 Win=65535 Len=536 [TCP segment of a reassembled PDU]"
"7829","358.255381","ord37s34-in-f10.1e100.net","10.8.0.1","TCP","54","443  >  60174 [ACK] Seq=6532 Ack=1867 Win=65535 Len=0"
"7830","358.255401","10.8.0.1","ord37s34-in-f10.1e100.net","TCP","590","60174  >  443 [PSH, ACK] Seq=1867 Ack=6532 Win=65535 Len=536 [TCP segment of a reassembled PDU]"
"7831","358.255442","ord37s34-in-f10.1e100.net","10.8.0.1","TCP","54","443  >  60174 [ACK] Seq=6532 Ack=2403 Win=65535 Len=0"
"7832","358.255461","10.8.0.1","ord37s34-in-f10.1e100.net","TCP","590","60174  >  443 [ACK] Seq=2403 Ack=6532 Win=65535 Len=536 [TCP segment of a reassembled PDU]"
"7833","358.255528","ord37s34-in-f10.1e100.net","10.8.0.1","TCP","54","443  >  60174 [ACK] Seq=6532 Ack=2939 Win=65535 Len=0"
"7834","358.255559","10.8.0.1","ord37s34-in-f10.1e100.net","TLSv1.3","557","Application Data"
"7835","358.255596","ord37s34-in-f10.1e100.net","10.8.0.1","TCP","54","443  >  60174 [ACK] Seq=6532 Ack=3442 Win=65535 Len=0"
"7836","358.399008","ord37s34-in-f10.1e100.net","10.8.0.1","TLSv1.3","850","Application Data"
"7837","358.450575","10.8.0.1","ord37s34-in-f10.1e100.net","TCP","54","60174  >  443 [ACK] Seq=3442 Ack=7328 Win=65535 Len=0"
"7838","358.450933","ord37s34-in-f10.1e100.net","10.8.0.1","TLSv1.3","159","Application Data, Application Data"
"7839","358.501943","10.8.0.1","ord37s34-in-f10.1e100.net","TCP","54","60174  >  443 [ACK] Seq=3442 Ack=7433 Win=65535 Len=0"
"7840","360.387339","ord37s35-in-f14.1e100.net","10.8.0.1","TCP","54","443  >  35030 [FIN, ACK] Seq=8676 Ack=1138 Win=65535 Len=0"
"7841","360.438976","10.8.0.1","ord37s35-in-f14.1e100.net","TCP","54","35030  >  443 [ACK] Seq=1138 Ack=8677 Win=65535 Len=0"
"7842","360.801718","10.8.0.1","ord37s35-in-f14.1e100.net","TCP","54","35030  >  443 [FIN, ACK] Seq=1138 Ack=8677 Win=65535 Len=0"
"7843","360.802083","ord37s35-in-f14.1e100.net","10.8.0.1","TCP","54","443  >  35030 [ACK] Seq=8677 Ack=1139 Win=65535 Len=0"
"7844","360.802227","ord37s35-in-f14.1e100.net","10.8.0.1","TCP","54","443  >  35030 [FIN, ACK] Seq=8677 Ack=1139 Win=65535 Len=0"
"7845","360.802260","10.8.0.1","ord37s35-in-f14.1e100.net","TCP","54","35030  >  443 [RST] Seq=1139 Win=0 Len=0"
"7846","369.055013","10.8.0.1","104.244.42.66","TLSv1.3","93","Application Data"
"7847","369.055327","104.244.42.66","10.8.0.1","TCP","54","443  >  55812 [ACK] Seq=6145 Ack=10730 Win=65535 Len=0"
"7848","369.182258","104.244.42.66","10.8.0.1","TLSv1.3","93","Application Data"
"7849","369.233779","10.8.0.1","104.244.42.66","TCP","54","55812  >  443 [ACK] Seq=10730 Ack=6184 Win=65535 Len=0"
"7850","376.414499","10.8.0.1","199.232.6.133","TCP","80","[TCP Retransmission] 34680  >  443 [FIN, PSH, ACK] Seq=1015 Ack=5294 Win=65535 Len=26"
"7851","376.414943","199.232.6.133","10.8.0.1","TCP","54","[TCP Keep-Alive] 443  >  34680 [ACK] Seq=5294 Ack=1016 Win=65535 Len=0"
"7852","376.415007","199.232.6.133","10.8.0.1","TCP","54","[TCP Retransmission] 443  >  34680 [FIN, ACK] Seq=5294 Ack=1016 Win=65535 Len=0"
"7853","377.035141","gh-in-f188.1e100.net","10.8.0.1","TLSv1.3","865","Application Data"
"7854","377.085369","10.8.0.1","gh-in-f188.1e100.net","TCP","54","56728  >  5228 [ACK] Seq=1002 Ack=3724 Win=65535 Len=0"
"7855","378.165196","10.8.0.1","c-68-54-100-49.hsd1.mn.comcast.net","NTP","90","NTP Version 3, client"
"7856","378.302496","c-68-54-100-49.hsd1.mn.comcast.net","10.8.0.1","NTP","90","NTP Version 3, server"
"7857","382.559510","10.8.0.1","ord38s18-in-f2.1e100.net","TCP","210","[TCP Retransmission] 60806  >  443 [PSH, ACK] Seq=518 Ack=4309 Win=67107840 Len=156"
"7858","389.059232","10.8.0.1","104.244.42.66","TLSv1.3","93","Application Data"
"7859","389.059521","104.244.42.66","10.8.0.1","TCP","54","443  >  55812 [ACK] Seq=6184 Ack=10769 Win=65535 Len=0"
"7860","389.302065","104.244.42.66","10.8.0.1","TLSv1.3","93","Application Data"
"7861","389.353272","10.8.0.1","104.244.42.66","TCP","54","55812  >  443 [ACK] Seq=10769 Ack=6223 Win=65535 Len=0"
"7862","407.348807","10.8.0.1","ec2-35-164-165-135.us-west-2.compute.amazonaws.com","TCP","74","53488  >  443 [SYN] Seq=0 Win=65535 Len=0 MSS=1460 SACK_PERM=1 TSval=1589770192 TSecr=0 WS=1024"
"7863","407.351708","ec2-35-164-165-135.us-west-2.compute.amazonaws.com","10.8.0.1","TCP","54","443  >  53488 [SYN, ACK] Seq=0 Ack=1 Win=65535 Len=0"
"7864","407.351753","10.8.0.1","ec2-35-164-165-135.us-west-2.compute.amazonaws.com","TCP","54","53488  >  443 [ACK] Seq=1 Ack=1 Win=65535 Len=0"
"7865","407.358269","10.8.0.1","ec2-35-164-165-135.us-west-2.compute.amazonaws.com","TLSv1.2","579","Client Hello"
"7866","407.358437","ec2-35-164-165-135.us-west-2.compute.amazonaws.com","10.8.0.1","TCP","54","443  >  53488 [ACK] Seq=1 Ack=526 Win=65535 Len=0"
"7867","407.588385","ec2-35-164-165-135.us-west-2.compute.amazonaws.com","10.8.0.1","TLSv1.2","2810","Server Hello"
"7868","407.639594","10.8.0.1","ec2-35-164-165-135.us-west-2.compute.amazonaws.com","TCP","54","53488  >  443 [ACK] Seq=526 Ack=2757 Win=65535 Len=0"
"7869","407.639865","ec2-35-164-165-135.us-west-2.compute.amazonaws.com","10.8.0.1","TCP","1432","443  >  53488 [PSH, ACK] Seq=2757 Ack=526 Win=65535 Len=1378 [TCP segment of a reassembled PDU]"
"7870","407.691022","10.8.0.1","ec2-35-164-165-135.us-west-2.compute.amazonaws.com","TCP","54","53488  >  443 [ACK] Seq=526 Ack=4135 Win=65535 Len=0"
"7871","407.691376","ec2-35-164-165-135.us-west-2.compute.amazonaws.com","10.8.0.1","TLSv1.2","1435","Certificate, Server Key Exchange, Server Hello Done"
"7872","407.743559","10.8.0.1","ec2-35-164-165-135.us-west-2.compute.amazonaws.com","TCP","54","53488  >  443 [ACK] Seq=526 Ack=5516 Win=65535 Len=0"
"7873","407.743696","10.8.0.1","ec2-35-164-165-135.us-west-2.compute.amazonaws.com","TLSv1.2","180","Client Key Exchange, Change Cipher Spec, Encrypted Handshake Message"
"7874","407.743915","ec2-35-164-165-135.us-west-2.compute.amazonaws.com","10.8.0.1","TCP","54","443  >  53488 [ACK] Seq=5516 Ack=652 Win=65535 Len=0"
"7875","407.859448","ec2-35-164-165-135.us-west-2.compute.amazonaws.com","10.8.0.1","TLSv1.2","413","New Session Ticket, Change Cipher Spec, Encrypted Handshake Message, Application Data"
"7876","407.910704","10.8.0.1","ec2-35-164-165-135.us-west-2.compute.amazonaws.com","TCP","54","53488  >  443 [ACK] Seq=652 Ack=5875 Win=65535 Len=0"
"7877","407.910803","10.8.0.1","ec2-35-164-165-135.us-west-2.compute.amazonaws.com","TLSv1.2","107","Application Data"
"7878","407.910985","ec2-35-164-165-135.us-west-2.compute.amazonaws.com","10.8.0.1","TCP","54","443  >  53488 [ACK] Seq=5875 Ack=705 Win=65535 Len=0"
"7879","407.911017","10.8.0.1","ec2-35-164-165-135.us-west-2.compute.amazonaws.com","TLSv1.2","590","Application Data, Application Data"
"7880","407.911075","ec2-35-164-165-135.us-west-2.compute.amazonaws.com","10.8.0.1","TCP","54","443  >  53488 [ACK] Seq=5875 Ack=1241 Win=65535 Len=0"
"7881","407.911107","10.8.0.1","ec2-35-164-165-135.us-west-2.compute.amazonaws.com","TCP","590","53488  >  443 [PSH, ACK] Seq=1241 Ack=5875 Win=65535 Len=536 [TCP segment of a reassembled PDU]"
"7882","407.911151","ec2-35-164-165-135.us-west-2.compute.amazonaws.com","10.8.0.1","TCP","54","443  >  53488 [ACK] Seq=5875 Ack=1777 Win=65535 Len=0"
"7883","407.911170","10.8.0.1","ec2-35-164-165-135.us-west-2.compute.amazonaws.com","TCP","590","53488  >  443 [ACK] Seq=1777 Ack=5875 Win=65535 Len=536 [TCP segment of a reassembled PDU]"
"7884","407.911208","ec2-35-164-165-135.us-west-2.compute.amazonaws.com","10.8.0.1","TCP","54","443  >  53488 [ACK] Seq=5875 Ack=2313 Win=65535 Len=0"
"7885","407.911231","10.8.0.1","ec2-35-164-165-135.us-west-2.compute.amazonaws.com","TLSv1.2","402","Application Data, Application Data"
"7886","407.911267","ec2-35-164-165-135.us-west-2.compute.amazonaws.com","10.8.0.1","TCP","54","443  >  53488 [ACK] Seq=5875 Ack=2661 Win=65535 Len=0"
"7887","408.042830","ec2-35-164-165-135.us-west-2.compute.amazonaws.com","10.8.0.1","TLSv1.2","92","Application Data"
"7888","408.094921","10.8.0.1","ec2-35-164-165-135.us-west-2.compute.amazonaws.com","TCP","54","53488  >  443 [ACK] Seq=2661 Ack=5913 Win=65535 Len=0"
"7889","408.099709","ec2-35-164-165-135.us-west-2.compute.amazonaws.com","10.8.0.1","TLSv1.2","191","Application Data"
"7890","408.150927","10.8.0.1","ec2-35-164-165-135.us-west-2.compute.amazonaws.com","TCP","54","53488  >  443 [ACK] Seq=2661 Ack=6050 Win=65535 Len=0"
"7891","409.061202","10.8.0.1","104.244.42.66","TLSv1.3","93","Application Data"
"7892","409.061523","104.244.42.66","10.8.0.1","TCP","54","443  >  55812 [ACK] Seq=6223 Ack=10808 Win=65535 Len=0"
"7893","409.179132","104.244.42.66","10.8.0.1","TLSv1.3","93","Application Data"
"7894","409.230504","10.8.0.1","104.244.42.66","TCP","54","55812  >  443 [ACK] Seq=10808 Ack=6262 Win=65535 Len=0"
"7895","412.505645","20.50.201.200","10.8.0.1","TCP","54","443  >  49554 [FIN, ACK] Seq=6709 Ack=1602 Win=65535 Len=0"
"7896","412.557405","10.8.0.1","20.50.201.200","TCP","54","49554  >  443 [FIN, ACK] Seq=1602 Ack=6710 Win=65535 Len=0"
"7897","412.557787","20.50.201.200","10.8.0.1","TCP","54","443  >  49554 [ACK] Seq=6710 Ack=1603 Win=65535 Len=0"
"7898","412.558166","20.50.201.200","10.8.0.1","TCP","54","443  >  49554 [FIN, ACK] Seq=6710 Ack=1603 Win=65535 Len=0"
"7899","412.558203","10.8.0.1","20.50.201.200","TCP","54","49554  >  443 [RST] Seq=1603 Win=0 Len=0"
"7900","423.522734","10.8.0.1","199.232.6.133","TCP","79","[TCP Retransmission] 34680  >  443 [FIN, PSH, ACK] Seq=1016 Ack=5294 Win=65535 Len=25"
"7901","423.523255","199.232.6.133","10.8.0.1","TCP","54","[TCP Keep-Alive] 443  >  34680 [ACK] Seq=5294 Ack=1017 Win=65535 Len=0"
"7902","423.523394","199.232.6.133","10.8.0.1","TCP","54","[TCP Retransmission] 443  >  34680 [FIN, ACK] Seq=5294 Ack=1017 Win=65535 Len=0"
"7903","429.065751","10.8.0.1","104.244.42.66","TLSv1.3","93","Application Data"
"7904","429.066108","104.244.42.66","10.8.0.1","TCP","54","443  >  55812 [ACK] Seq=6262 Ack=10847 Win=65535 Len=0"
"7905","429.321882","104.244.42.66","10.8.0.1","TLSv1.3","93","Application Data"
"7906","429.373012","10.8.0.1","104.244.42.66","TCP","54","55812  >  443 [ACK] Seq=10847 Ack=6301 Win=65535 Len=0"
"7907","433.760909","10.8.0.1","ord37s34-in-f10.1e100.net","TCP","210","[TCP Retransmission] 59734  >  443 [PSH, ACK] Seq=518 Ack=4681 Win=67107840 Len=156"
"7908","433.761048","10.8.0.1","ord37s34-in-f10.1e100.net","TCP","118","[TCP Retransmission] 59740  >  443 [PSH, ACK] Seq=518 Ack=4681 Win=67107840 Len=64"
"7909","433.761072","10.8.0.1","ord37s34-in-f14.1e100.net","TCP","115","[TCP Retransmission] 46060  >  443 [FIN, PSH, ACK] Seq=682 Ack=4707 Win=65535 Len=61"
"7910","433.761300","ord37s34-in-f14.1e100.net","10.8.0.1","TCP","54","[TCP Keep-Alive] 443  >  46060 [ACK] Seq=4707 Ack=683 Win=65535 Len=0"
"7911","433.761363","ord37s34-in-f14.1e100.net","10.8.0.1","TCP","54","[TCP Retransmission] 443  >  46060 [FIN, ACK] Seq=4707 Ack=683 Win=65535 Len=0"
"7912","437.858748","10.8.0.1","104.244.42.66","TCP","105","[TCP Retransmission] 55314  >  443 [FIN, PSH, ACK] Seq=7780 Ack=6016 Win=65535 Len=51"
"7913","437.859019","104.244.42.66","10.8.0.1","TCP","54","[TCP Keep-Alive] 443  >  55314 [ACK] Seq=6016 Ack=7781 Win=65535 Len=0"
"7914","437.859072","104.244.42.66","10.8.0.1","TCP","54","[TCP Retransmission] 443  >  55314 [FIN, ACK] Seq=6016 Ack=7781 Win=65535 Len=0"
"7915","437.859101","10.8.0.1","ord37s35-in-f14.1e100.net","TCP","70","[TCP Retransmission] 34930  >  443 [FIN, PSH, ACK] Seq=1146 Ack=7204 Win=65535 Len=16"
"7916","437.859148","ord37s35-in-f14.1e100.net","10.8.0.1","TCP","54","[TCP Keep-Alive] 443  >  34930 [ACK] Seq=7204 Ack=1147 Win=65535 Len=0"
"7917","437.859180","ord37s35-in-f14.1e100.net","10.8.0.1","TCP","54","[TCP Retransmission] 443  >  34930 [FIN, ACK] Seq=7204 Ack=1147 Win=65535 Len=0"
"7918","438.808807","10.8.0.1","159.203.158.197","NTP","90","NTP Version 3, client"
"7919","438.913359","159.203.158.197","10.8.0.1","NTP","90","NTP Version 3, server"
"7920","449.065736","10.8.0.1","104.244.42.66","TLSv1.3","93","Application Data"
"7921","449.065987","104.244.42.66","10.8.0.1","TCP","54","443  >  55812 [ACK] Seq=6301 Ack=10886 Win=65535 Len=0"
"7922","449.366495","104.244.42.66","10.8.0.1","TLSv1.3","93","Application Data"
"7923","449.419115","10.8.0.1","104.244.42.66","TCP","54","55812  >  443 [ACK] Seq=10886 Ack=6340 Win=65535 Len=0"
"7924","452.195095","10.8.0.1","lga15s46-in-f22.1e100.net","TCP","205","[TCP Retransmission] 33402  >  443 [FIN, PSH, ACK] Seq=680 Ack=4752 Win=65535 Len=151"
"7925","452.195503","lga15s46-in-f22.1e100.net","10.8.0.1","TCP","54","[TCP Keep-Alive] 443  >  33402 [ACK] Seq=4752 Ack=681 Win=65535 Len=0"
"7926","452.195554","lga15s46-in-f22.1e100.net","10.8.0.1","TCP","54","[TCP Retransmission] 443  >  33402 [FIN, ACK] Seq=4752 Ack=681 Win=65535 Len=0"
"7927","452.195583","10.8.0.1","ord38s28-in-f10.1e100.net","TCP","213","[TCP Retransmission] 46678  >  443 [FIN, PSH, ACK] Seq=680 Ack=4684 Win=65535 Len=159"
"7928","452.195626","ord38s28-in-f10.1e100.net","10.8.0.1","TCP","54","[TCP Keep-Alive] 443  >  46678 [ACK] Seq=4684 Ack=681 Win=65535 Len=0"
"7929","452.195657","ord38s28-in-f10.1e100.net","10.8.0.1","TCP","54","[TCP Retransmission] 443  >  46678 [FIN, ACK] Seq=4684 Ack=681 Win=65535 Len=0"
"7930","461.930241","lga15s46-in-f35.1e100.net","10.8.0.1","TCP","54","443  >  45244 [FIN, ACK] Seq=2294 Ack=3056 Win=65535 Len=0"
"7931","461.981593","10.8.0.1","lga15s46-in-f35.1e100.net","TCP","54","45244  >  443 [FIN, ACK] Seq=3056 Ack=2295 Win=65535 Len=0"
"7932","461.981904","lga15s46-in-f35.1e100.net","10.8.0.1","TCP","54","443  >  45244 [ACK] Seq=2295 Ack=3057 Win=65535 Len=0"
"7933","461.982056","lga15s46-in-f35.1e100.net","10.8.0.1","TCP","54","443  >  45244 [FIN, ACK] Seq=2295 Ack=3057 Win=65535 Len=0"
"7934","461.982087","10.8.0.1","lga15s46-in-f35.1e100.net","TCP","54","45244  >  443 [RST] Seq=3057 Win=0 Len=0"
"7935","469.070135","10.8.0.1","104.244.42.66","TLSv1.3","93","Application Data"
"7936","469.070682","104.244.42.66","10.8.0.1","TCP","54","443  >  55812 [ACK] Seq=6340 Ack=10925 Win=65535 Len=0"
"7937","469.310096","ec2-35-164-165-135.us-west-2.compute.amazonaws.com","10.8.0.1","TLSv1.2","131","Application Data, Encrypted Alert"
"7938","469.361435","ec2-35-164-165-135.us-west-2.compute.amazonaws.com","10.8.0.1","TCP","54","443  >  53488 [FIN, ACK] Seq=6127 Ack=2661 Win=65535 Len=0"
"7939","469.362154","104.244.42.66","10.8.0.1","TLSv1.3","93","Application Data"
"7940","469.362196","10.8.0.1","ec2-35-164-165-135.us-west-2.compute.amazonaws.com","TCP","54","53488  >  443 [ACK] Seq=2661 Ack=6127 Win=65535 Len=0"
"7941","469.362224","10.8.0.1","ec2-35-164-165-135.us-west-2.compute.amazonaws.com","TLSv1.2","85","Encrypted Alert"
"7942","469.362243","10.8.0.1","ec2-35-164-165-135.us-west-2.compute.amazonaws.com","TCP","54","53488  >  443 [FIN, ACK] Seq=2692 Ack=6128 Win=65535 Len=0"
"7943","469.362475","ec2-35-164-165-135.us-west-2.compute.amazonaws.com","10.8.0.1","TCP","54","443  >  53488 [ACK] Seq=6128 Ack=2693 Win=65535 Len=0"
"7944","469.362639","ec2-35-164-165-135.us-west-2.compute.amazonaws.com","10.8.0.1","TCP","54","443  >  53488 [FIN, ACK] Seq=6128 Ack=2693 Win=65535 Len=0"
"7945","469.362725","10.8.0.1","104.244.42.66","TCP","54","55812  >  443 [ACK] Seq=10925 Ack=6379 Win=65535 Len=0"
"7946","469.362751","10.8.0.1","ec2-35-164-165-135.us-west-2.compute.amazonaws.com","TCP","54","53488  >  443 [RST] Seq=2693 Win=0 Len=0"
"7947","489.079455","10.8.0.1","104.244.42.66","TLSv1.3","93","Application Data"
"7948","489.079950","104.244.42.66","10.8.0.1","TCP","54","443  >  55812 [ACK] Seq=6379 Ack=10964 Win=65535 Len=0"
"7949","489.322791","104.244.42.66","10.8.0.1","TLSv1.3","93","Application Data"
"7950","489.374070","10.8.0.1","104.244.42.66","TCP","54","55812  >  443 [ACK] Seq=10964 Ack=6418 Win=65535 Len=0"
"7951","499.791870","10.8.0.1","159.203.158.197","NTP","90","NTP Version 3, client"
"7952","500.047956","159.203.158.197","10.8.0.1","NTP","90","NTP Version 3, server"
"7953","503.399134","10.8.0.1","ord38s18-in-f2.1e100.net","TCP","210","[TCP Retransmission] 60806  >  443 [PSH, ACK] Seq=518 Ack=4309 Win=67107840 Len=156"
"7954","507.142276","10.8.0.1","104.244.42.66","TLSv1.3","78","Application Data"
"7955","507.142578","104.244.42.66","10.8.0.1","TCP","54","443  >  55812 [ACK] Seq=6418 Ack=10988 Win=65535 Len=0"
"7956","507.394768","104.244.42.66","10.8.0.1","TLSv1.3","117","Application Data, Application Data"
"7957","507.446173","104.244.42.66","10.8.0.1","TCP","54","443  >  55812 [FIN, ACK] Seq=6481 Ack=10988 Win=65535 Len=0"
"7958","507.446336","10.8.0.1","104.244.42.66","TCP","54","55812  >  443 [ACK] Seq=10988 Ack=6481 Win=65535 Len=0"
"7959","507.447538","10.8.0.1","104.244.42.66","TCP","54","55812  >  443 [RST, ACK] Seq=10988 Ack=6482 Win=65535 Len=0"
"7960","517.734104","10.8.0.1","199.232.6.133","TCP","78","[TCP Retransmission] 34680  >  443 [FIN, PSH, ACK] Seq=1017 Ack=5294 Win=65535 Len=24"
"7961","517.734642","199.232.6.133","10.8.0.1","TCP","54","[TCP Keep-Alive] 443  >  34680 [ACK] Seq=5294 Ack=1018 Win=65535 Len=0"
"7962","517.734702","199.232.6.133","10.8.0.1","TCP","54","[TCP Retransmission] 443  >  34680 [FIN, ACK] Seq=5294 Ack=1018 Win=65535 Len=0"
"7963","532.788268","10.8.0.1","ord37s32-in-f10.1e100.net","TCP","74","38502  >  443 [SYN] Seq=0 Win=65535 Len=0 MSS=1460 SACK_PERM=1 TSval=172989384 TSecr=0 WS=1024"
"7964","532.790747","ord37s32-in-f10.1e100.net","10.8.0.1","TCP","54","443  >  38502 [SYN, ACK] Seq=0 Ack=1 Win=65535 Len=0"
"7965","532.790793","10.8.0.1","ord37s32-in-f10.1e100.net","TCP","54","38502  >  443 [ACK] Seq=1 Ack=1 Win=65535 Len=0"
"7966","532.799819","10.8.0.1","ord37s32-in-f10.1e100.net","TCP","590","38502  >  443 [ACK] Seq=1 Ack=1 Win=65535 Len=536 [TCP segment of a reassembled PDU]"
"7967","532.799969","ord37s32-in-f10.1e100.net","10.8.0.1","TCP","54","443  >  38502 [ACK] Seq=1 Ack=537 Win=65535 Len=0"
"7968","532.799999","10.8.0.1","ord37s32-in-f10.1e100.net","TLSv1.3","63","Client Hello"
"7969","532.800045","ord37s32-in-f10.1e100.net","10.8.0.1","TCP","54","443  >  38502 [ACK] Seq=1 Ack=546 Win=65535 Len=0"
"7970","532.948007","ord37s32-in-f10.1e100.net","10.8.0.1","TLSv1.3","261","Server Hello, Change Cipher Spec, Application Data"
"7971","532.999616","10.8.0.1","ord37s32-in-f10.1e100.net","TCP","54","38502  >  443 [ACK] Seq=546 Ack=208 Win=65535 Len=0"
"7972","532.999740","10.8.0.1","ord37s32-in-f10.1e100.net","TLSv1.3","254","Change Cipher Spec, Application Data"
"7973","533.000042","ord37s32-in-f10.1e100.net","10.8.0.1","TCP","54","443  >  38502 [ACK] Seq=208 Ack=746 Win=65535 Len=0"
"7974","533.000077","10.8.0.1","ord37s32-in-f10.1e100.net","TCP","590","38502  >  443 [ACK] Seq=746 Ack=208 Win=65535 Len=536 [TCP segment of a reassembled PDU]"
"7975","533.000136","ord37s32-in-f10.1e100.net","10.8.0.1","TCP","54","443  >  38502 [ACK] Seq=208 Ack=1282 Win=65535 Len=0"
"7976","533.000241","10.8.0.1","ord37s32-in-f10.1e100.net","TCP","590","38502  >  443 [PSH, ACK] Seq=1282 Ack=208 Win=65535 Len=536 [TCP segment of a reassembled PDU]"
"7977","533.000294","ord37s32-in-f10.1e100.net","10.8.0.1","TCP","54","443  >  38502 [ACK] Seq=208 Ack=1818 Win=65535 Len=0"
"7978","533.000313","10.8.0.1","ord37s32-in-f10.1e100.net","TLSv1.3","92","Application Data"
"7979","533.000349","ord37s32-in-f10.1e100.net","10.8.0.1","TCP","54","443  >  38502 [ACK] Seq=208 Ack=1856 Win=65535 Len=0"
"7980","533.140143","ord37s32-in-f10.1e100.net","10.8.0.1","TLSv1.3","1210","Application Data, Application Data"
"7981","533.191348","10.8.0.1","ord37s32-in-f10.1e100.net","TCP","54","38502  >  443 [ACK] Seq=1856 Ack=1364 Win=65535 Len=0"
"7982","533.219309","ord37s32-in-f10.1e100.net","10.8.0.1","TLSv1.3","688","Application Data, Application Data, Application Data"
"7983","533.269557","10.8.0.1","ord37s32-in-f10.1e100.net","TCP","54","38502  >  443 [ACK] Seq=1856 Ack=1998 Win=65535 Len=0"
"7984","533.281748","10.8.0.1","ord37s32-in-f10.1e100.net","TCP","590","38502  >  443 [ACK] Seq=1856 Ack=1998 Win=65535 Len=536 [TCP segment of a reassembled PDU]"
"7985","533.281910","ord37s32-in-f10.1e100.net","10.8.0.1","TCP","54","443  >  38502 [ACK] Seq=1998 Ack=2392 Win=65535 Len=0"
"7986","533.281942","10.8.0.1","ord37s32-in-f10.1e100.net","TCP","590","38502  >  443 [PSH, ACK] Seq=2392 Ack=1998 Win=65535 Len=536 [TCP segment of a reassembled PDU]"
"7987","533.282023","ord37s32-in-f10.1e100.net","10.8.0.1","TCP","54","443  >  38502 [ACK] Seq=1998 Ack=2928 Win=65535 Len=0"
"7988","533.282045","10.8.0.1","ord37s32-in-f10.1e100.net","TLSv1.3","93","Application Data"
"7989","533.282084","ord37s32-in-f10.1e100.net","10.8.0.1","TCP","54","443  >  38502 [ACK] Seq=1998 Ack=2967 Win=65535 Len=0"
"7990","533.382990","ord37s32-in-f10.1e100.net","10.8.0.1","TLSv1.3","676","Application Data"
"7991","533.434576","10.8.0.1","ord37s32-in-f10.1e100.net","TCP","54","38502  >  443 [ACK] Seq=2967 Ack=2620 Win=65535 Len=0"
"7992","533.442401","ord37s32-in-f10.1e100.net","10.8.0.1","TLSv1.3","708","Application Data, Application Data, Application Data"
"7993","533.492625","10.8.0.1","ord37s32-in-f10.1e100.net","TCP","54","38502  >  443 [ACK] Seq=2967 Ack=3274 Win=65535 Len=0"
"7994","533.501604","10.8.0.1","ord37s32-in-f10.1e100.net","TCP","590","38502  >  443 [ACK] Seq=2967 Ack=3274 Win=65535 Len=536 [TCP segment of a reassembled PDU]"
"7995","533.501729","ord37s32-in-f10.1e100.net","10.8.0.1","TCP","54","443  >  38502 [ACK] Seq=3274 Ack=3503 Win=65535 Len=0"
"7996","533.501759","10.8.0.1","ord37s32-in-f10.1e100.net","TCP","590","38502  >  443 [PSH, ACK] Seq=3503 Ack=3274 Win=65535 Len=536 [TCP segment of a reassembled PDU]"
"7997","533.501850","ord37s32-in-f10.1e100.net","10.8.0.1","TCP","54","443  >  38502 [ACK] Seq=3274 Ack=4039 Win=65535 Len=0"
"7998","533.501873","10.8.0.1","ord37s32-in-f10.1e100.net","TLSv1.3","92","Application Data"
"7999","533.501913","ord37s32-in-f10.1e100.net","10.8.0.1","TCP","54","443  >  38502 [ACK] Seq=3274 Ack=4077 Win=65535 Len=0"
"8000","533.705648","ord37s32-in-f10.1e100.net","10.8.0.1","TLSv1.3","676","Application Data"
"8001","533.757171","10.8.0.1","ord37s32-in-f10.1e100.net","TCP","54","38502  >  443 [ACK] Seq=4077 Ack=3896 Win=65535 Len=0"
"8002","533.782854","ord37s32-in-f10.1e100.net","10.8.0.1","TLSv1.3","767","Application Data, Application Data, Application Data"
"8003","533.833117","10.8.0.1","ord37s32-in-f10.1e100.net","TCP","54","38502  >  443 [ACK] Seq=4077 Ack=4609 Win=65535 Len=0"
"8004","533.897261","10.8.0.1","ord37s32-in-f10.1e100.net","TCP","590","38502  >  443 [ACK] Seq=4077 Ack=4609 Win=65535 Len=536 [TCP segment of a reassembled PDU]"
"8005","533.897409","ord37s32-in-f10.1e100.net","10.8.0.1","TCP","54","443  >  38502 [ACK] Seq=4609 Ack=4613 Win=65535 Len=0"
"8006","533.897440","10.8.0.1","ord37s32-in-f10.1e100.net","TCP","590","38502  >  443 [PSH, ACK] Seq=4613 Ack=4609 Win=65535 Len=536 [TCP segment of a reassembled PDU]"
"8007","533.897490","ord37s32-in-f10.1e100.net","10.8.0.1","TCP","54","443  >  38502 [ACK] Seq=4609 Ack=5149 Win=65535 Len=0"
"8008","533.897510","10.8.0.1","ord37s32-in-f10.1e100.net","TLSv1.3","97","Application Data"
"8009","533.897546","ord37s32-in-f10.1e100.net","10.8.0.1","TCP","54","443  >  38502 [ACK] Seq=4609 Ack=5192 Win=65535 Len=0"
"8010","534.023141","ord37s32-in-f10.1e100.net","10.8.0.1","TLSv1.3","676","Application Data"
"8011","534.074389","10.8.0.1","ord37s32-in-f10.1e100.net","TCP","54","38502  >  443 [ACK] Seq=5192 Ack=5231 Win=65535 Len=0"
"8012","534.074698","ord37s32-in-f10.1e100.net","10.8.0.1","TLSv1.3","627","Application Data, Application Data, Application Data"
"8013","534.124894","10.8.0.1","ord37s32-in-f10.1e100.net","TCP","54","38502  >  443 [ACK] Seq=5192 Ack=5804 Win=65535 Len=0"
"8014","534.141693","10.8.0.1","ord37s32-in-f10.1e100.net","TCP","590","38502  >  443 [ACK] Seq=5192 Ack=5804 Win=65535 Len=536 [TCP segment of a reassembled PDU]"
"8015","534.141928","ord37s32-in-f10.1e100.net","10.8.0.1","TCP","54","443  >  38502 [ACK] Seq=5804 Ack=5728 Win=65535 Len=0"
"8016","534.141982","10.8.0.1","ord37s32-in-f10.1e100.net","TCP","590","38502  >  443 [ACK] Seq=5728 Ack=5804 Win=65535 Len=536 [TCP segment of a reassembled PDU]"
"8017","534.142047","ord37s32-in-f10.1e100.net","10.8.0.1","TCP","54","443  >  38502 [ACK] Seq=5804 Ack=6264 Win=65535 Len=0"
"8018","534.142069","10.8.0.1","ord37s32-in-f10.1e100.net","TLSv1.3","98","Application Data"
"8019","534.142107","ord37s32-in-f10.1e100.net","10.8.0.1","TCP","54","443  >  38502 [ACK] Seq=5804 Ack=6308 Win=65535 Len=0"
"8020","534.260076","ord37s32-in-f10.1e100.net","10.8.0.1","TLSv1.3","676","Application Data"
"8021","534.312387","10.8.0.1","ord37s32-in-f10.1e100.net","TCP","54","38502  >  443 [ACK] Seq=6308 Ack=6426 Win=65535 Len=0"
"8022","534.340982","ord37s32-in-f10.1e100.net","10.8.0.1","TLSv1.3","728","Application Data, Application Data, Application Data"
"8023","534.391247","10.8.0.1","ord37s32-in-f10.1e100.net","TCP","54","38502  >  443 [ACK] Seq=6308 Ack=7100 Win=65535 Len=0"
"8024","534.398362","10.8.0.1","ord37s32-in-f10.1e100.net","TCP","590","38502  >  443 [ACK] Seq=6308 Ack=7100 Win=65535 Len=536 [TCP segment of a reassembled PDU]"
"8025","534.398492","ord37s32-in-f10.1e100.net","10.8.0.1","TCP","54","443  >  38502 [ACK] Seq=7100 Ack=6844 Win=65535 Len=0"
"8026","534.398521","10.8.0.1","ord37s32-in-f10.1e100.net","TCP","590","38502  >  443 [ACK] Seq=6844 Ack=7100 Win=65535 Len=536 [TCP segment of a reassembled PDU]"
"8027","534.398600","ord37s32-in-f10.1e100.net","10.8.0.1","TCP","54","443  >  38502 [ACK] Seq=7100 Ack=7380 Win=65535 Len=0"
"8028","534.398620","10.8.0.1","ord37s32-in-f10.1e100.net","TLSv1.3","97","Application Data"
"8029","534.398659","ord37s32-in-f10.1e100.net","10.8.0.1","TCP","54","443  >  38502 [ACK] Seq=7100 Ack=7423 Win=65535 Len=0"
"8030","534.582633","ord37s32-in-f10.1e100.net","10.8.0.1","TLSv1.3","676","Application Data"
"8031","534.633936","10.8.0.1","ord37s32-in-f10.1e100.net","TCP","54","38502  >  443 [ACK] Seq=7423 Ack=7722 Win=65535 Len=0"
"8032","534.664776","ord37s32-in-f10.1e100.net","10.8.0.1","TLSv1.3","714","Application Data, Application Data, Application Data"
"8033","534.714966","10.8.0.1","ord37s32-in-f10.1e100.net","TCP","54","38502  >  443 [ACK] Seq=7423 Ack=8382 Win=65535 Len=0"
"8034","538.743421","ord37s34-in-f10.1e100.net","10.8.0.1","TCP","54","443  >  60174 [FIN, ACK] Seq=7433 Ack=3442 Win=65535 Len=0"
"8035","538.795076","10.8.0.1","ord37s34-in-f10.1e100.net","TCP","54","60174  >  443 [FIN, ACK] Seq=3442 Ack=7434 Win=65535 Len=0"
"8036","538.795337","ord37s34-in-f10.1e100.net","10.8.0.1","TCP","54","443  >  60174 [ACK] Seq=7434 Ack=3443 Win=65535 Len=0"
"8037","538.795507","ord37s34-in-f10.1e100.net","10.8.0.1","TCP","54","443  >  60174 [FIN, ACK] Seq=7434 Ack=3443 Win=65535 Len=0"
"8038","538.795534","10.8.0.1","ord37s34-in-f10.1e100.net","TCP","54","60174  >  443 [RST] Seq=3443 Win=0 Len=0"
"8039","554.598564","10.8.0.1","ord37s34-in-f14.1e100.net","TCP","114","[TCP Retransmission] 46060  >  443 [FIN, PSH, ACK] Seq=683 Ack=4707 Win=65535 Len=60"
"8040","554.599039","ord37s34-in-f14.1e100.net","10.8.0.1","TCP","54","[TCP Keep-Alive] 443  >  46060 [ACK] Seq=4707 Ack=684 Win=65535 Len=0"
"8041","554.599100","ord37s34-in-f14.1e100.net","10.8.0.1","TCP","54","[TCP Retransmission] 443  >  46060 [FIN, ACK] Seq=4707 Ack=684 Win=65535 Len=0"
"8042","554.599136","10.8.0.1","ord37s34-in-f10.1e100.net","TCP","118","[TCP Retransmission] 59740  >  443 [PSH, ACK] Seq=518 Ack=4681 Win=67107840 Len=64"
"8043","554.599154","10.8.0.1","ord37s34-in-f10.1e100.net","TCP","210","[TCP Retransmission] 59734  >  443 [PSH, ACK] Seq=518 Ack=4681 Win=67107840 Len=156"
"8044","558.690033","10.8.0.1","104.244.42.66","TCP","104","[TCP Retransmission] 55314  >  443 [FIN, PSH, ACK] Seq=7781 Ack=6016 Win=65535 Len=50"
"8045","558.690568","104.244.42.66","10.8.0.1","TCP","54","[TCP Keep-Alive] 443  >  55314 [ACK] Seq=6016 Ack=7782 Win=65535 Len=0"
"8046","558.690627","104.244.42.66","10.8.0.1","TCP","54","[TCP Retransmission] 443  >  55314 [FIN, ACK] Seq=6016 Ack=7782 Win=65535 Len=0"
"8047","558.690664","10.8.0.1","ord37s35-in-f14.1e100.net","TCP","69","[TCP Retransmission] 34930  >  443 [FIN, PSH, ACK] Seq=1147 Ack=7204 Win=65535 Len=15"
"8048","558.690713","ord37s35-in-f14.1e100.net","10.8.0.1","TCP","54","[TCP Keep-Alive] 443  >  34930 [ACK] Seq=7204 Ack=1148 Win=65535 Len=0"
"8049","558.690744","ord37s35-in-f14.1e100.net","10.8.0.1","TCP","54","[TCP Retransmission] 443  >  34930 [FIN, ACK] Seq=7204 Ack=1148 Win=65535 Len=0"
"8050","561.009282","10.8.0.1","159.203.158.197","NTP","90","NTP Version 3, client"
"8051","561.395865","159.203.158.197","10.8.0.1","NTP","90","NTP Version 3, server"
"8052","565.486296","10.8.0.1","ord37s32-in-f10.1e100.net","QUIC","1392","Initial, DCID=4273f868325072ac, PKN: 1, CRYPTO, PADDING"
"8053","565.592358","ord37s32-in-f10.1e100.net","10.8.0.1","QUIC","1392","Initial, SCID=4273f868325072ac, PKN: 1, ACK, CRYPTO, PADDING"
"8054","565.592462","10.8.0.1","ord37s32-in-f10.1e100.net","TCP","74","38506  >  443 [SYN] Seq=0 Win=65535 Len=0 MSS=1460 SACK_PERM=1 TSval=173022084 TSecr=0 WS=1024"
"8055","565.595590","ord37s32-in-f10.1e100.net","10.8.0.1","TCP","54","443  >  38506 [SYN, ACK] Seq=0 Ack=1 Win=65535 Len=0"
"8056","565.595649","10.8.0.1","ord37s32-in-f10.1e100.net","TCP","54","38506  >  443 [ACK] Seq=1 Ack=1 Win=65535 Len=0"
"8057","565.597483","10.8.0.1","ord37s32-in-f10.1e100.net","QUIC","1392","Initial, DCID=4273f868325072ac, PKN: 2, ACK, PADDING"
"8058","566.623699","10.8.0.1","ord37s32-in-f10.1e100.net","TCP","590","38506  >  443 [ACK] Seq=1 Ack=1 Win=65535 Len=536 [TCP segment of a reassembled PDU]"
"8059","566.624073","ord37s32-in-f10.1e100.net","10.8.0.1","TCP","54","443  >  38506 [ACK] Seq=1 Ack=537 Win=65535 Len=0"
"8060","566.624113","10.8.0.1","ord37s32-in-f10.1e100.net","TLSv1.3","117","Client Hello"
"8061","566.624166","ord37s32-in-f10.1e100.net","10.8.0.1","TCP","54","443  >  38506 [ACK] Seq=1 Ack=600 Win=65535 Len=0"
"8062","566.624190","10.8.0.1","ord37s32-in-f10.1e100.net","QUIC","83","Handshake, DCID=4273f868325072ac"
"8063","566.713054","ord37s32-in-f10.1e100.net","10.8.0.1","QUIC","136","Initial, SCID=4273f868325072ac, PKN: 6, CC"
"8064","566.713319","10.8.0.1","ord37s32-in-f10.1e100.net","TCP","590","[TCP Spurious Retransmission] 38506  >  443 [ACK] Seq=1 Ack=1 Win=65535 Len=536"
"8065","566.713398","ord37s32-in-f10.1e100.net","10.8.0.1","TCP","54","443  >  38506 [ACK] Seq=1 Ack=537 Win=65535 Len=0"
"8066","566.713420","10.8.0.1","ord37s32-in-f10.1e100.net","QUIC","83","Handshake, DCID=4273f868325072ac"
"8067","566.792274","ord37s32-in-f10.1e100.net","10.8.0.1","QUIC","136","Initial, SCID=4273f868325072ac, PKN: 6, CC"
"8068","566.792363","10.8.0.1","ord37s32-in-f10.1e100.net","QUIC","83","Handshake, DCID=4273f868325072ac"
"8069","567.808453","10.8.0.1","ord37s32-in-f10.1e100.net","TCP","590","[TCP Spurious Retransmission] 38506  >  443 [ACK] Seq=1 Ack=1 Win=65535 Len=536"
"8070","567.808764","ord37s32-in-f10.1e100.net","10.8.0.1","TCP","54","[TCP Dup ACK 8065#1] 443  >  38506 [ACK] Seq=1 Ack=537 Win=65535 Len=0"
"8071","567.808975","ord37s32-in-f10.1e100.net","10.8.0.1","TLSv1.3","266","Server Hello, Change Cipher Spec, Application Data"
"8072","567.809012","10.8.0.1","ord37s32-in-f10.1e100.net","TCP","117","[TCP Retransmission] 38506  >  443 [PSH, ACK] Seq=537 Ack=1 Win=65535 Len=63"
"8073","567.809087","ord37s32-in-f10.1e100.net","10.8.0.1","TCP","54","443  >  38506 [ACK] Seq=1 Ack=600 Win=65535 Len=0"
"8074","567.809111","10.8.0.1","ord37s32-in-f10.1e100.net","QUIC","83","Handshake, DCID=4273f868325072ac"
"8075","567.911868","ord37s32-in-f10.1e100.net","10.8.0.1","QUIC","136","Initial, SCID=4273f868325072ac, PKN: 6, CC"
"8076","567.912184","10.8.0.1","ord37s32-in-f10.1e100.net","TCP","54","38506  >  443 [ACK] Seq=600 Ack=213 Win=65535 Len=0"
"8077","567.912217","10.8.0.1","ord37s32-in-f10.1e100.net","TCP","54","[TCP Dup ACK 8076#1] 38506  >  443 [ACK] Seq=600 Ack=213 Win=65535 Len=0"
"8078","567.912240","10.8.0.1","ord37s32-in-f10.1e100.net","TLSv1.3","118","Change Cipher Spec, Application Data"
"8079","567.912390","ord37s32-in-f10.1e100.net","10.8.0.1","TCP","54","443  >  38506 [ACK] Seq=213 Ack=664 Win=65535 Len=0"
"8080","567.912417","10.8.0.1","ord37s32-in-f10.1e100.net","TLSv1.3","146","Application Data"
"8081","567.912496","ord37s32-in-f10.1e100.net","10.8.0.1","TCP","54","443  >  38506 [ACK] Seq=213 Ack=756 Win=65535 Len=0"
"8082","567.912543","10.8.0.1","ord37s32-in-f10.1e100.net","TCP","590","38506  >  443 [ACK] Seq=756 Ack=213 Win=65535 Len=536 [TCP segment of a reassembled PDU]"
"8083","567.912651","ord37s32-in-f10.1e100.net","10.8.0.1","TCP","54","443  >  38506 [ACK] Seq=213 Ack=1292 Win=65535 Len=0"
"8084","567.912674","10.8.0.1","ord37s32-in-f10.1e100.net","TCP","590","38506  >  443 [ACK] Seq=1292 Ack=213 Win=65535 Len=536 [TCP segment of a reassembled PDU]"
"8085","567.912736","ord37s32-in-f10.1e100.net","10.8.0.1","TCP","54","443  >  38506 [ACK] Seq=213 Ack=1828 Win=65535 Len=0"
"8086","567.912756","10.8.0.1","ord37s32-in-f10.1e100.net","TLSv1.3","590","Application Data [TCP segment of a reassembled PDU]"
"8087","567.912814","ord37s32-in-f10.1e100.net","10.8.0.1","TCP","54","443  >  38506 [ACK] Seq=213 Ack=2364 Win=65535 Len=0"
"8088","567.912836","10.8.0.1","ord37s32-in-f10.1e100.net","TCP","590","38506  >  443 [ACK] Seq=2364 Ack=213 Win=65535 Len=536 [TCP segment of a reassembled PDU]"
"8089","567.912890","ord37s32-in-f10.1e100.net","10.8.0.1","TCP","54","443  >  38506 [ACK] Seq=213 Ack=2900 Win=65535 Len=0"
"8090","567.912916","10.8.0.1","ord37s32-in-f10.1e100.net","TCP","590","38506  >  443 [PSH, ACK] Seq=2900 Ack=213 Win=65535 Len=536 [TCP segment of a reassembled PDU]"
"8091","567.912983","ord37s32-in-f10.1e100.net","10.8.0.1","TCP","54","443  >  38506 [ACK] Seq=213 Ack=3436 Win=65535 Len=0"
"8092","567.913002","10.8.0.1","ord37s32-in-f10.1e100.net","TCP","590","38506  >  443 [ACK] Seq=3436 Ack=213 Win=65535 Len=536 [TCP segment of a reassembled PDU]"
"8093","567.913061","ord37s32-in-f10.1e100.net","10.8.0.1","TCP","54","443  >  38506 [ACK] Seq=213 Ack=3972 Win=65535 Len=0"
"8094","567.913084","10.8.0.1","ord37s32-in-f10.1e100.net","TCP","590","38506  >  443 [ACK] Seq=3972 Ack=213 Win=65535 Len=536 [TCP segment of a reassembled PDU]"
"8095","567.913161","ord37s32-in-f10.1e100.net","10.8.0.1","TCP","54","443  >  38506 [ACK] Seq=213 Ack=4508 Win=65535 Len=0"
"8096","567.913181","10.8.0.1","ord37s32-in-f10.1e100.net","TCP","590","38506  >  443 [ACK] Seq=4508 Ack=213 Win=65535 Len=536 [TCP segment of a reassembled PDU]"
"8097","567.913239","ord37s32-in-f10.1e100.net","10.8.0.1","TCP","54","443  >  38506 [ACK] Seq=213 Ack=5044 Win=65535 Len=0"
"8098","567.913258","10.8.0.1","ord37s32-in-f10.1e100.net","TCP","590","38506  >  443 [ACK] Seq=5044 Ack=213 Win=65535 Len=536 [TCP segment of a reassembled PDU]"
"8099","567.913316","ord37s32-in-f10.1e100.net","10.8.0.1","TCP","54","443  >  38506 [ACK] Seq=213 Ack=5580 Win=65535 Len=0"
"8100","567.913335","10.8.0.1","ord37s32-in-f10.1e100.net","TCP","590","38506  >  443 [ACK] Seq=5580 Ack=213 Win=65535 Len=536 [TCP segment of a reassembled PDU]"
"8101","567.913392","ord37s32-in-f10.1e100.net","10.8.0.1","TCP","54","443  >  38506 [ACK] Seq=213 Ack=6116 Win=65535 Len=0"
"8102","567.913412","10.8.0.1","ord37s32-in-f10.1e100.net","TCP","590","38506  >  443 [PSH, ACK] Seq=6116 Ack=213 Win=65535 Len=536 [TCP segment of a reassembled PDU]"
"8103","567.913474","ord37s32-in-f10.1e100.net","10.8.0.1","TCP","54","443  >  38506 [ACK] Seq=213 Ack=6652 Win=65535 Len=0"
"8104","567.913493","10.8.0.1","ord37s32-in-f10.1e100.net","TCP","590","38506  >  443 [ACK] Seq=6652 Ack=213 Win=65535 Len=536 [TCP segment of a reassembled PDU]"
"8105","567.913546","ord37s32-in-f10.1e100.net","10.8.0.1","TCP","54","443  >  38506 [ACK] Seq=213 Ack=7188 Win=65535 Len=0"
"8106","567.913570","10.8.0.1","ord37s32-in-f10.1e100.net","TCP","590","38506  >  443 [ACK] Seq=7188 Ack=213 Win=65535 Len=536 [TCP segment of a reassembled PDU]"
"8107","567.913644","ord37s32-in-f10.1e100.net","10.8.0.1","TCP","54","443  >  38506 [ACK] Seq=213 Ack=7724 Win=65535 Len=0"
"8108","567.913665","10.8.0.1","ord37s32-in-f10.1e100.net","TCP","590","38506  >  443 [ACK] Seq=7724 Ack=213 Win=65535 Len=536 [TCP segment of a reassembled PDU]"
"8109","567.913719","ord37s32-in-f10.1e100.net","10.8.0.1","TCP","54","443  >  38506 [ACK] Seq=213 Ack=8260 Win=65535 Len=0"
"8110","567.913737","10.8.0.1","ord37s32-in-f10.1e100.net","TCP","590","38506  >  443 [ACK] Seq=8260 Ack=213 Win=65535 Len=536 [TCP segment of a reassembled PDU]"
"8111","567.913791","ord37s32-in-f10.1e100.net","10.8.0.1","TCP","54","443  >  38506 [ACK] Seq=213 Ack=8796 Win=65535 Len=0"
"8112","567.913878","10.8.0.1","ord37s32-in-f10.1e100.net","TCP","590","38506  >  443 [ACK] Seq=8796 Ack=213 Win=65535 Len=536 [TCP segment of a reassembled PDU]"
"8113","567.913967","ord37s32-in-f10.1e100.net","10.8.0.1","TCP","54","443  >  38506 [ACK] Seq=213 Ack=9332 Win=65535 Len=0"
"8114","567.914006","10.8.0.1","ord37s32-in-f10.1e100.net","TCP","590","38506  >  443 [ACK] Seq=9332 Ack=213 Win=65535 Len=536 [TCP segment of a reassembled PDU]"
"8115","567.914104","ord37s32-in-f10.1e100.net","10.8.0.1","TCP","54","443  >  38506 [ACK] Seq=213 Ack=9868 Win=65535 Len=0"
"8116","567.914125","10.8.0.1","ord37s32-in-f10.1e100.net","TCP","590","38506  >  443 [PSH, ACK] Seq=9868 Ack=213 Win=65535 Len=536 [TCP segment of a reassembled PDU]"
"8117","567.914234","ord37s32-in-f10.1e100.net","10.8.0.1","TCP","54","443  >  38506 [ACK] Seq=213 Ack=10404 Win=65535 Len=0"
"8118","567.914259","10.8.0.1","ord37s32-in-f10.1e100.net","TCP","590","38506  >  443 [ACK] Seq=10404 Ack=213 Win=65535 Len=536 [TCP segment of a reassembled PDU]"
"8119","567.914342","ord37s32-in-f10.1e100.net","10.8.0.1","TCP","54","443  >  38506 [ACK] Seq=213 Ack=10940 Win=65535 Len=0"
"8120","567.914373","10.8.0.1","ord37s32-in-f10.1e100.net","TCP","590","38506  >  443 [ACK] Seq=10940 Ack=213 Win=65535 Len=536 [TCP segment of a reassembled PDU]"
"8121","567.914432","ord37s32-in-f10.1e100.net","10.8.0.1","TCP","54","443  >  38506 [ACK] Seq=213 Ack=11476 Win=65535 Len=0"
"8122","567.914452","10.8.0.1","ord37s32-in-f10.1e100.net","TCP","590","38506  >  443 [ACK] Seq=11476 Ack=213 Win=65535 Len=536 [TCP segment of a reassembled PDU]"
"8123","567.914488","ord37s32-in-f10.1e100.net","10.8.0.1","TCP","54","443  >  38506 [ACK] Seq=213 Ack=12012 Win=65535 Len=0"
"8124","567.914505","10.8.0.1","ord37s32-in-f10.1e100.net","TCP","590","38506  >  443 [ACK] Seq=12012 Ack=213 Win=65535 Len=536 [TCP segment of a reassembled PDU]"
"8125","567.914543","ord37s32-in-f10.1e100.net","10.8.0.1","TCP","54","443  >  38506 [ACK] Seq=213 Ack=12548 Win=65535 Len=0"
"8126","567.914560","10.8.0.1","ord37s32-in-f10.1e100.net","TCP","590","38506  >  443 [ACK] Seq=12548 Ack=213 Win=65535 Len=536 [TCP segment of a reassembled PDU]"
"8127","567.914600","ord37s32-in-f10.1e100.net","10.8.0.1","TCP","54","443  >  38506 [ACK] Seq=213 Ack=13084 Win=65535 Len=0"
"8128","567.914617","10.8.0.1","ord37s32-in-f10.1e100.net","TCP","590","38506  >  443 [ACK] Seq=13084 Ack=213 Win=65535 Len=536 [TCP segment of a reassembled PDU]"
"8129","567.914655","ord37s32-in-f10.1e100.net","10.8.0.1","TCP","54","443  >  38506 [ACK] Seq=213 Ack=13620 Win=65535 Len=0"
"8130","567.914673","10.8.0.1","ord37s32-in-f10.1e100.net","TCP","590","38506  >  443 [ACK] Seq=13620 Ack=213 Win=65535 Len=536 [TCP segment of a reassembled PDU]"
"8131","567.914725","ord37s32-in-f10.1e100.net","10.8.0.1","TCP","54","443  >  38506 [ACK] Seq=213 Ack=14156 Win=65535 Len=0"
"8132","567.914743","10.8.0.1","ord37s32-in-f10.1e100.net","TCP","590","38506  >  443 [PSH, ACK] Seq=14156 Ack=213 Win=65535 Len=536 [TCP segment of a reassembled PDU]"
"8133","567.914777","ord37s32-in-f10.1e100.net","10.8.0.1","TCP","54","443  >  38506 [ACK] Seq=213 Ack=14692 Win=65535 Len=0"
"8134","567.914796","10.8.0.1","ord37s32-in-f10.1e100.net","TCP","590","38506  >  443 [ACK] Seq=14692 Ack=213 Win=65535 Len=536 [TCP segment of a reassembled PDU]"
"8135","567.914830","ord37s32-in-f10.1e100.net","10.8.0.1","TCP","54","443  >  38506 [ACK] Seq=213 Ack=15228 Win=65535 Len=0"
"8136","567.914852","10.8.0.1","ord37s32-in-f10.1e100.net","TLSv1.3","523","Application Data"
"8137","567.914886","ord37s32-in-f10.1e100.net","10.8.0.1","TCP","54","443  >  38506 [ACK] Seq=213 Ack=15697 Win=65535 Len=0"
"8138","567.996957","ord37s32-in-f10.1e100.net","10.8.0.1","TLSv1.3","78","Application Data"
"8139","568.047549","10.8.0.1","ord37s32-in-f10.1e100.net","TCP","54","38506  >  443 [ACK] Seq=15697 Ack=237 Win=65535 Len=0"
"8140","568.047691","ord37s32-in-f10.1e100.net","10.8.0.1","TCP","54","443  >  38506 [FIN, ACK] Seq=237 Ack=15697 Win=65535 Len=0"
"8141","568.047880","10.8.0.1","ord37s32-in-f10.1e100.net","TLSv1.3","123","Application Data"
"8142","568.047891","10.8.0.1","ord37s32-in-f10.1e100.net","TCP","54","38506  >  443 [FIN, ACK] Seq=15766 Ack=237 Win=65535 Len=0"
"8143","568.047911","ord37s32-in-f10.1e100.net","10.8.0.1","TCP","54","[TCP Keep-Alive] 443  >  38506 [ACK] Seq=237 Ack=15767 Win=65535 Len=0"
"8144","568.048035","ord37s32-in-f10.1e100.net","10.8.0.1","TCP","54","[TCP Out-Of-Order] 443  >  38506 [FIN, ACK] Seq=237 Ack=15767 Win=65535 Len=0"
"8145","568.048049","10.8.0.1","ord37s32-in-f10.1e100.net","TCP","54","38506  >  443 [ACK] Seq=15767 Ack=238 Win=65535 Len=0"
"8146","569.068297","10.8.0.1","ord37s32-in-f10.1e100.net","QUIC","83","Handshake, DCID=4273f868325072ac"
"8147","570.082482","10.8.0.1","ord37s32-in-f10.1e100.net","QUIC","169","Handshake, DCID=4273f868325072ac"
"8148","571.802876","gh-in-f188.1e100.net","10.8.0.1","TLSv1.3","296","Application Data"
"8149","571.853519","10.8.0.1","gh-in-f188.1e100.net","TCP","54","56728  >  5228 [ACK] Seq=1002 Ack=3966 Win=65535 Len=0"
"8150","571.853586","10.8.0.1","gh-in-f188.1e100.net","TLSv1.3","92","Application Data"
"8151","571.853733","gh-in-f188.1e100.net","10.8.0.1","TCP","54","5228  >  56728 [ACK] Seq=3966 Ack=1040 Win=65535 Len=0"
"8152","573.026581","10.8.0.1","ord38s28-in-f10.1e100.net","TCP","212","[TCP Retransmission] 46678  >  443 [FIN, PSH, ACK] Seq=681 Ack=4684 Win=65535 Len=158"
"8153","573.026903","ord38s28-in-f10.1e100.net","10.8.0.1","TCP","54","[TCP Keep-Alive] 443  >  46678 [ACK] Seq=4684 Ack=682 Win=65535 Len=0"
"8154","573.026958","ord38s28-in-f10.1e100.net","10.8.0.1","TCP","54","[TCP Retransmission] 443  >  46678 [FIN, ACK] Seq=4684 Ack=682 Win=65535 Len=0"
"8155","573.026986","10.8.0.1","lga15s46-in-f22.1e100.net","TCP","204","[TCP Retransmission] 33402  >  443 [FIN, PSH, ACK] Seq=681 Ack=4752 Win=65535 Len=150"
"8156","573.027030","lga15s46-in-f22.1e100.net","10.8.0.1","TCP","54","[TCP Keep-Alive] 443  >  33402 [ACK] Seq=4752 Ack=682 Win=65535 Len=0"
"8157","573.027062","lga15s46-in-f22.1e100.net","10.8.0.1","TCP","54","[TCP Retransmission] 443  >  33402 [FIN, ACK] Seq=4752 Ack=682 Win=65535 Len=0"
"8158","605.535901","10.8.0.1","ord38s18-in-f2.1e100.net","TCP","54","60806  >  443 [RST, ACK] Seq=674 Ack=4309 Win=67107840 Len=0"
"8159","621.797936","10.8.0.1","185.216.231.84","NTP","90","NTP Version 3, client"
"8160","622.075951","185.216.231.84","10.8.0.1","NTP","90","NTP Version 3, server"
"8161","645.100113","gh-in-f188.1e100.net","10.8.0.1","TLSv1.3","854","Application Data"
"8162","645.151365","10.8.0.1","gh-in-f188.1e100.net","TCP","54","56728  >  5228 [ACK] Seq=1040 Ack=4766 Win=65535 Len=0"
"8163","689.022877","10.8.0.1","ec2-52-10-20-209.us-west-2.compute.amazonaws.com","TCP","74","36554  >  443 [SYN] Seq=0 Win=65535 Len=0 MSS=1460 SACK_PERM=1 TSval=2611257431 TSecr=0 WS=1024"
"8164","689.025693","ec2-52-10-20-209.us-west-2.compute.amazonaws.com","10.8.0.1","TCP","54","443  >  36554 [SYN, ACK] Seq=0 Ack=1 Win=65535 Len=0"
"8165","689.025743","10.8.0.1","ec2-52-10-20-209.us-west-2.compute.amazonaws.com","TCP","54","36554  >  443 [ACK] Seq=1 Ack=1 Win=65535 Len=0"
"8166","689.032650","10.8.0.1","ec2-52-10-20-209.us-west-2.compute.amazonaws.com","TLSv1.2","571","Client Hello"
"8167","689.032860","ec2-52-10-20-209.us-west-2.compute.amazonaws.com","10.8.0.1","TCP","54","443  >  36554 [ACK] Seq=1 Ack=518 Win=65535 Len=0"
"8168","689.426148","ec2-52-10-20-209.us-west-2.compute.amazonaws.com","10.8.0.1","TLSv1.2","4188","Server Hello"
"8169","689.476453","10.8.0.1","ec2-52-10-20-209.us-west-2.compute.amazonaws.com","TCP","54","36554  >  443 [ACK] Seq=518 Ack=4135 Win=65535 Len=0"
"8170","689.500122","ec2-52-10-20-209.us-west-2.compute.amazonaws.com","10.8.0.1","TCP","1432","443  >  36554 [PSH, ACK] Seq=4135 Ack=518 Win=65535 Len=1378 [TCP segment of a reassembled PDU]"
"8171","689.551829","10.8.0.1","ec2-52-10-20-209.us-west-2.compute.amazonaws.com","TCP","54","36554  >  443 [ACK] Seq=518 Ack=5513 Win=65535 Len=0"
"8172","689.572027","ec2-52-10-20-209.us-west-2.compute.amazonaws.com","10.8.0.1","TLSv1.2","844","Certificate, Server Key Exchange, Server Hello Done"
"8173","689.622508","10.8.0.1","ec2-52-10-20-209.us-west-2.compute.amazonaws.com","TCP","54","36554  >  443 [ACK] Seq=518 Ack=6303 Win=65535 Len=0"
"8174","689.622603","10.8.0.1","ec2-52-10-20-209.us-west-2.compute.amazonaws.com","TLSv1.2","180","Client Key Exchange, Change Cipher Spec, Encrypted Handshake Message"
"8175","689.622817","ec2-52-10-20-209.us-west-2.compute.amazonaws.com","10.8.0.1","TCP","54","443  >  36554 [ACK] Seq=6303 Ack=644 Win=65535 Len=0"
"8176","689.773009","ec2-52-10-20-209.us-west-2.compute.amazonaws.com","10.8.0.1","TLSv1.2","328","New Session Ticket, Change Cipher Spec, Encrypted Handshake Message"
"8177","689.823266","10.8.0.1","ec2-52-10-20-209.us-west-2.compute.amazonaws.com","TCP","54","36554  >  443 [ACK] Seq=644 Ack=6577 Win=65535 Len=0"
"8178","689.823371","10.8.0.1","ec2-52-10-20-209.us-west-2.compute.amazonaws.com","TLSv1.2","282","Application Data"
"8179","689.823597","ec2-52-10-20-209.us-west-2.compute.amazonaws.com","10.8.0.1","TCP","54","443  >  36554 [ACK] Seq=6577 Ack=872 Win=65535 Len=0"
"8180","690.015932","ec2-52-10-20-209.us-west-2.compute.amazonaws.com","10.8.0.1","TLSv1.2","272","Application Data"
"8181","690.066284","10.8.0.1","ec2-52-10-20-209.us-west-2.compute.amazonaws.com","TCP","54","36554  >  443 [ACK] Seq=872 Ack=6795 Win=65535 Len=0"
"8182","690.347794","10.8.0.1","ord37s32-in-f10.1e100.net","TCP","590","38502  >  443 [ACK] Seq=7423 Ack=8382 Win=65535 Len=536 [TCP segment of a reassembled PDU]"
"8183","690.348037","ord37s32-in-f10.1e100.net","10.8.0.1","TCP","54","443  >  38502 [ACK] Seq=8382 Ack=7959 Win=65535 Len=0"
"8184","690.348071","10.8.0.1","ord37s32-in-f10.1e100.net","TCP","590","38502  >  443 [ACK] Seq=7959 Ack=8382 Win=65535 Len=536 [TCP segment of a reassembled PDU]"
"8185","690.348131","ord37s32-in-f10.1e100.net","10.8.0.1","TCP","54","443  >  38502 [ACK] Seq=8382 Ack=8495 Win=65535 Len=0"
"8186","690.348158","10.8.0.1","ord37s32-in-f10.1e100.net","TLSv1.3","68","Application Data"
"8187","690.348214","ord37s32-in-f10.1e100.net","10.8.0.1","TCP","54","443  >  38502 [ACK] Seq=8382 Ack=8509 Win=65535 Len=0"
"8188","690.398735","10.8.0.1","ord37s32-in-f10.1e100.net","TCP","74","38514  >  443 [SYN] Seq=0 Win=65535 Len=0 MSS=1460 SACK_PERM=1 TSval=173121180 TSecr=0 WS=1024"
"8189","690.402155","ord37s32-in-f10.1e100.net","10.8.0.1","TCP","54","443  >  38514 [SYN, ACK] Seq=0 Ack=1 Win=65535 Len=0"
"8190","690.402228","10.8.0.1","ord37s32-in-f10.1e100.net","TCP","54","38514  >  443 [ACK] Seq=1 Ack=1 Win=65535 Len=0"
"8191","690.406099","10.8.0.1","ord37s32-in-f10.1e100.net","TCP","590","38514  >  443 [ACK] Seq=1 Ack=1 Win=65535 Len=536 [TCP segment of a reassembled PDU]"
"8192","690.406298","ord37s32-in-f10.1e100.net","10.8.0.1","TCP","54","443  >  38514 [ACK] Seq=1 Ack=537 Win=65535 Len=0"
"8193","690.406335","10.8.0.1","ord37s32-in-f10.1e100.net","TLSv1.3","63","Client Hello"
"8194","690.406403","ord37s32-in-f10.1e100.net","10.8.0.1","TCP","54","443  >  38514 [ACK] Seq=1 Ack=546 Win=65535 Len=0"
"8195","690.542222","10.8.0.1","ord37s32-in-f10.1e100.net","TCP","74","38518  >  443 [SYN] Seq=0 Win=65535 Len=0 MSS=1460 SACK_PERM=1 TSval=173121329 TSecr=0 WS=1024"
"8196","690.545157","ord37s32-in-f10.1e100.net","10.8.0.1","TCP","54","443  >  38518 [SYN, ACK] Seq=0 Ack=1 Win=65535 Len=0"
"8197","690.545327","ord37s32-in-f10.1e100.net","10.8.0.1","TLSv1.3","676","Application Data"
"8198","690.545362","10.8.0.1","ord37s32-in-f10.1e100.net","TCP","54","38518  >  443 [ACK] Seq=1 Ack=1 Win=65535 Len=0"
"8199","690.545388","10.8.0.1","ord37s32-in-f10.1e100.net","TCP","54","38502  >  443 [ACK] Seq=8509 Ack=9004 Win=65535 Len=0"
"8200","690.549932","10.8.0.1","ord37s32-in-f10.1e100.net","TCP","590","38518  >  443 [ACK] Seq=1 Ack=1 Win=65535 Len=536 [TCP segment of a reassembled PDU]"
"8201","690.550027","ord37s32-in-f10.1e100.net","10.8.0.1","TCP","54","443  >  38518 [ACK] Seq=1 Ack=537 Win=65535 Len=0"
"8202","690.550058","10.8.0.1","ord37s32-in-f10.1e100.net","TLSv1.3","63","Client Hello"
"8203","690.550111","ord37s32-in-f10.1e100.net","10.8.0.1","TCP","54","443  >  38518 [ACK] Seq=1 Ack=546 Win=65535 Len=0"
"8204","690.600457","ord37s32-in-f10.1e100.net","10.8.0.1","TLSv1.3","261","Server Hello, Change Cipher Spec, Application Data"
"8205","690.650758","10.8.0.1","ord37s32-in-f10.1e100.net","TCP","54","38514  >  443 [ACK] Seq=546 Ack=208 Win=65535 Len=0"
"8206","690.651212","ord37s32-in-f10.1e100.net","10.8.0.1","TLSv1.3","821","Application Data, Application Data, Application Data"
"8207","690.651469","10.8.0.1","ord37s32-in-f10.1e100.net","TLSv1.3","254","Change Cipher Spec, Application Data"
"8208","690.651597","ord37s32-in-f10.1e100.net","10.8.0.1","TCP","54","443  >  38514 [ACK] Seq=208 Ack=746 Win=65535 Len=0"
"8209","690.651631","10.8.0.1","ord37s32-in-f10.1e100.net","TCP","590","38514  >  443 [ACK] Seq=746 Ack=208 Win=65535 Len=536 [TCP segment of a reassembled PDU]"
"8210","690.651693","ord37s32-in-f10.1e100.net","10.8.0.1","TCP","54","443  >  38514 [ACK] Seq=208 Ack=1282 Win=65535 Len=0"
"8211","690.651729","10.8.0.1","ord37s32-in-f10.1e100.net","TCP","590","38514  >  443 [PSH, ACK] Seq=1282 Ack=208 Win=65535 Len=536 [TCP segment of a reassembled PDU]"
"8212","690.651789","ord37s32-in-f10.1e100.net","10.8.0.1","TCP","54","443  >  38514 [ACK] Seq=208 Ack=1818 Win=65535 Len=0"
"8213","690.651815","10.8.0.1","ord37s32-in-f10.1e100.net","TCP","54","38502  >  443 [ACK] Seq=8509 Ack=9771 Win=65535 Len=0"
"8214","690.651909","10.8.0.1","ord37s32-in-f10.1e100.net","TLSv1.3","69","Application Data"
"8215","690.651970","ord37s32-in-f10.1e100.net","10.8.0.1","TCP","54","443  >  38514 [ACK] Seq=208 Ack=1833 Win=65535 Len=0"
"8216","690.750384","10.8.0.1","ord37s32-in-f10.1e100.net","TCP","590","38502  >  443 [ACK] Seq=8509 Ack=9771 Win=65535 Len=536 [TCP segment of a reassembled PDU]"
"8217","690.750582","ord37s32-in-f10.1e100.net","10.8.0.1","TCP","54","443  >  38502 [ACK] Seq=9771 Ack=9045 Win=65535 Len=0"
"8218","690.750617","10.8.0.1","ord37s32-in-f10.1e100.net","TCP","590","38502  >  443 [ACK] Seq=9045 Ack=9771 Win=65535 Len=536 [TCP segment of a reassembled PDU]"
"8219","690.750676","ord37s32-in-f10.1e100.net","10.8.0.1","TCP","54","443  >  38502 [ACK] Seq=9771 Ack=9581 Win=65535 Len=0"
"8220","690.750703","10.8.0.1","ord37s32-in-f10.1e100.net","TLSv1.3","68","Application Data"
"8221","690.750754","ord37s32-in-f10.1e100.net","10.8.0.1","TCP","54","443  >  38502 [ACK] Seq=9771 Ack=9595 Win=65535 Len=0"
"8222","690.802338","ord37s32-in-f10.1e100.net","10.8.0.1","TLSv1.3","261","Server Hello, Change Cipher Spec, Application Data"
"8223","690.852609","10.8.0.1","ord37s32-in-f10.1e100.net","TCP","54","38518  >  443 [ACK] Seq=546 Ack=208 Win=65535 Len=0"
"8224","690.852698","10.8.0.1","ord37s32-in-f10.1e100.net","TLSv1.3","254","Change Cipher Spec, Application Data"
"8225","690.852887","ord37s32-in-f10.1e100.net","10.8.0.1","TCP","54","443  >  38518 [ACK] Seq=208 Ack=746 Win=65535 Len=0"
"8226","690.852964","10.8.0.1","ord37s32-in-f10.1e100.net","TCP","590","38518  >  443 [ACK] Seq=746 Ack=208 Win=65535 Len=536 [TCP segment of a reassembled PDU]"
"8227","690.853028","ord37s32-in-f10.1e100.net","10.8.0.1","TCP","54","443  >  38518 [ACK] Seq=208 Ack=1282 Win=65535 Len=0"
"8228","690.853072","10.8.0.1","ord37s32-in-f10.1e100.net","TCP","590","38518  >  443 [PSH, ACK] Seq=1282 Ack=208 Win=65535 Len=536 [TCP segment of a reassembled PDU]"
"8229","690.853130","ord37s32-in-f10.1e100.net","10.8.0.1","TCP","54","443  >  38518 [ACK] Seq=208 Ack=1818 Win=65535 Len=0"
"8230","690.853156","10.8.0.1","ord37s32-in-f10.1e100.net","TLSv1.3","68","Application Data"
"8231","690.853211","ord37s32-in-f10.1e100.net","10.8.0.1","TCP","54","443  >  38518 [ACK] Seq=208 Ack=1832 Win=65535 Len=0"
"8232","690.884450","ord37s32-in-f10.1e100.net","10.8.0.1","TLSv1.3","676","Application Data"
"8233","690.934709","10.8.0.1","ord37s32-in-f10.1e100.net","TCP","54","38502  >  443 [ACK] Seq=9595 Ack=10393 Win=65535 Len=0"
"8234","690.952621","ord37s32-in-f10.1e100.net","10.8.0.1","TLSv1.3","1874","Application Data, Application Data, Application Data"
"8235","691.002985","10.8.0.1","ord37s32-in-f10.1e100.net","TCP","54","38514  >  443 [ACK] Seq=1833 Ack=2028 Win=65535 Len=0"
"8236","691.003535","ord37s32-in-f10.1e100.net","10.8.0.1","TLSv1.3","1210","Application Data, Application Data"
"8237","691.003758","ord37s32-in-f10.1e100.net","10.8.0.1","TLSv1.3","838","Application Data, Application Data, Application Data"
"8238","691.003813","10.8.0.1","ord37s32-in-f10.1e100.net","TCP","54","38518  >  443 [ACK] Seq=1832 Ack=1364 Win=65535 Len=0"
"8239","691.003857","10.8.0.1","ord37s32-in-f10.1e100.net","TCP","54","38502  >  443 [ACK] Seq=9595 Ack=11177 Win=65535 Len=0"
"8240","691.030044","ord37s32-in-f10.1e100.net","10.8.0.1","TLSv1.3","233","Application Data, Application Data"
"8241","691.080266","10.8.0.1","ord37s32-in-f10.1e100.net","TCP","54","38514  >  443 [ACK] Seq=1833 Ack=2207 Win=65535 Len=0"
"8242","691.080709","ord37s32-in-f10.1e100.net","10.8.0.1","TLSv1.3","729","Application Data, Application Data, Application Data"
"8243","691.080748","10.8.0.1","ord37s32-in-f10.1e100.net","TCP","54","38518  >  443 [ACK] Seq=1832 Ack=2039 Win=65535 Len=0"
"8244","722.866898","10.8.0.1","dns.google","DNS","80","Standard query 0xda32 A b-graph.facebook.com"
"8245","723.255099","dns.google","10.8.0.1","DNS","125","Standard query response 0xda32 A b-graph.facebook.com CNAME star-mini.c10r.facebook.com A 157.240.2.35"
"8246","724.873590","10.8.0.1","ord38s32-in-f14.1e100.net","TCP","74","37324  >  443 [SYN] Seq=0 Win=65535 Len=0 MSS=1460 SACK_PERM=1 TSval=1903851661 TSecr=0 WS=1024"
"8247","724.880481","ord38s32-in-f14.1e100.net","10.8.0.1","TCP","54","443  >  37324 [SYN, ACK] Seq=0 Ack=1 Win=65535 Len=0"
"8248","724.880701","10.8.0.1","ord38s32-in-f14.1e100.net","TCP","54","37324  >  443 [ACK] Seq=1 Ack=1 Win=65535 Len=0"
"8249","724.883303","10.8.0.1","ord38s32-in-f14.1e100.net","TCP","590","37324  >  443 [ACK] Seq=1 Ack=1 Win=65535 Len=536 [TCP segment of a reassembled PDU]"
"8250","724.883533","ord38s32-in-f14.1e100.net","10.8.0.1","TCP","54","443  >  37324 [ACK] Seq=1 Ack=537 Win=65535 Len=0"
"8251","724.883565","10.8.0.1","ord38s32-in-f14.1e100.net","TLSv1.3","63","Client Hello"
"8252","724.883623","ord38s32-in-f14.1e100.net","10.8.0.1","TCP","54","443  >  37324 [ACK] Seq=1 Ack=546 Win=65535 Len=0"
"8253","725.057295","ord38s32-in-f14.1e100.net","10.8.0.1","TLSv1.3","257","Server Hello, Change Cipher Spec, Application Data"
"8254","725.107501","10.8.0.1","ord38s32-in-f14.1e100.net","TCP","54","37324  >  443 [ACK] Seq=546 Ack=204 Win=65535 Len=0"
"8255","725.107582","10.8.0.1","ord38s32-in-f14.1e100.net","TLSv1.3","118","Change Cipher Spec, Application Data"
"8256","725.107789","ord38s32-in-f14.1e100.net","10.8.0.1","TCP","54","443  >  37324 [ACK] Seq=204 Ack=610 Win=65535 Len=0"
"8257","725.158257","10.8.0.1","ord38s32-in-f14.1e100.net","TCP","590","37324  >  443 [ACK] Seq=610 Ack=204 Win=65535 Len=536 [TCP segment of a reassembled PDU]"
"8258","725.158577","ord38s32-in-f14.1e100.net","10.8.0.1","TCP","54","443  >  37324 [ACK] Seq=204 Ack=1146 Win=65535 Len=0"
"8259","725.158616","10.8.0.1","ord38s32-in-f14.1e100.net","TLSv1.3","270","Application Data"
"8260","725.158689","ord38s32-in-f14.1e100.net","10.8.0.1","TCP","54","443  >  37324 [ACK] Seq=204 Ack=1362 Win=65535 Len=0"
"8261","725.416435","ord38s32-in-f14.1e100.net","10.8.0.1","TLSv1.3","1164","Application Data, Application Data"
"8262","725.466749","10.8.0.1","ord38s32-in-f14.1e100.net","TCP","54","37324  >  443 [ACK] Seq=1362 Ack=1314 Win=65535 Len=0"
"8263","725.482449","ord38s32-in-f14.1e100.net","10.8.0.1","TLSv1.3","368","Application Data, Application Data"
"8264","725.532719","10.8.0.1","ord38s32-in-f14.1e100.net","TCP","54","37324  >  443 [ACK] Seq=1362 Ack=1628 Win=65535 Len=0"
"8265","727.656032","10.8.0.1","ord37s34-in-f10.1e100.net","TCP","210","[TCP Retransmission] 59734  >  443 [PSH, ACK] Seq=518 Ack=4681 Win=67107840 Len=156"
"8266","727.656187","10.8.0.1","ord37s34-in-f10.1e100.net","TCP","118","[TCP Retransmission] 59740  >  443 [PSH, ACK] Seq=518 Ack=4681 Win=67107840 Len=64"
"8267","751.305992","ec2-52-10-20-209.us-west-2.compute.amazonaws.com","10.8.0.1","TLSv1.2","85","Encrypted Alert"
"8268","751.356528","ec2-52-10-20-209.us-west-2.compute.amazonaws.com","10.8.0.1","TCP","54","443  >  36554 [FIN, ACK] Seq=6826 Ack=872 Win=65535 Len=0"
"8269","751.356683","10.8.0.1","ec2-52-10-20-209.us-west-2.compute.amazonaws.com","TCP","54","36554  >  443 [ACK] Seq=872 Ack=6826 Win=65535 Len=0"
"8270","751.357441","10.8.0.1","ec2-52-10-20-209.us-west-2.compute.amazonaws.com","TCP","54","36554  >  443 [FIN, ACK] Seq=872 Ack=6827 Win=65535 Len=0"
"8271","751.357549","ec2-52-10-20-209.us-west-2.compute.amazonaws.com","10.8.0.1","TCP","54","443  >  36554 [ACK] Seq=6827 Ack=873 Win=65535 Len=0"
"8272","751.357682","ec2-52-10-20-209.us-west-2.compute.amazonaws.com","10.8.0.1","TCP","54","443  >  36554 [FIN, ACK] Seq=6827 Ack=873 Win=65535 Len=0"
"8273","751.357710","10.8.0.1","ec2-52-10-20-209.us-west-2.compute.amazonaws.com","TCP","54","36554  >  443 [RST] Seq=873 Win=0 Len=0"
"8274","751.527221","10.8.0.1","ord37s35-in-f14.1e100.net","TCP","68","[TCP Retransmission] 34930  >  443 [FIN, PSH, ACK] Seq=1148 Ack=7204 Win=65535 Len=14"
"8275","751.527451","ord37s35-in-f14.1e100.net","10.8.0.1","TCP","54","[TCP Keep-Alive] 443  >  34930 [ACK] Seq=7204 Ack=1149 Win=65535 Len=0"
"8276","751.527511","ord37s35-in-f14.1e100.net","10.8.0.1","TCP","54","[TCP Retransmission] 443  >  34930 [FIN, ACK] Seq=7204 Ack=1149 Win=65535 Len=0"
"8277","751.928390","10.8.0.1","dns.google","DNS","77","Standard query 0x96a8 A 2.us.pool.ntp.org"
"8278","752.109927","dns.google","10.8.0.1","DNS","141","Standard query response 0x96a8 A 2.us.pool.ntp.org A 50.205.244.38 A 204.93.207.12 A 69.30.240.102 A 69.130.244.141"
"8279","752.935465","10.8.0.1","edge-star-shv-01-ort2.facebook.com","TCP","54","43052  >  443 [RST, ACK] Seq=1 Ack=1 Win=64 Len=0"
"8280","752.935542","10.8.0.1","edge-star-mini-shv-01-msp1.facebook.com","TCP","54","35918  >  443 [RST, ACK] Seq=1 Ack=1 Win=64 Len=0"
"8281","752.935566","10.8.0.1","edge-star-shv-01-ort2.facebook.com","TCP","54","43066  >  443 [RST, ACK] Seq=1 Ack=1 Win=64 Len=0"
"8282","752.935587","10.8.0.1","edge-star-mini-shv-01-msp1.facebook.com","TCP","54","35914  >  443 [RST, ACK] Seq=1 Ack=1 Win=64 Len=0"
"8283","752.935609","10.8.0.1","edge-star-shv-01-ort2.facebook.com","TCP","54","43064  >  443 [RST, ACK] Seq=1 Ack=1 Win=64 Len=0"
"8284","752.935630","10.8.0.1","edge-star-shv-01-ort2.facebook.com","TCP","54","43056  >  443 [RST, ACK] Seq=1 Ack=1 Win=64 Len=0"
"8285","861.410866","gh-in-f188.1e100.net","10.8.0.1","TLSv1.3","2463","Application Data, Application Data"
"8286","861.461402","10.8.0.1","gh-in-f188.1e100.net","TCP","54","56728  >  5228 [ACK] Seq=1040 Ack=7175 Win=65535 Len=0"
"8287","861.461489","10.8.0.1","gh-in-f188.1e100.net","TLSv1.3","92","Application Data"
"8288","861.461671","gh-in-f188.1e100.net","10.8.0.1","TCP","54","5228  >  56728 [ACK] Seq=7175 Ack=1078 Win=65535 Len=0"
"8289","861.461938","gh-in-f188.1e100.net","10.8.0.1","TCP","54","[TCP Dup ACK 8288#1] 5228  >  56728 [PSH, ACK] Seq=7175 Ack=1078 Win=65535 Len=0"
"8290","871.155846","ord37s32-in-f10.1e100.net","10.8.0.1","TCP","54","443  >  38502 [FIN, ACK] Seq=11177 Ack=9595 Win=65535 Len=0"
"8291","871.156089","ord37s32-in-f10.1e100.net","10.8.0.1","TCP","54","443  >  38518 [FIN, ACK] Seq=2039 Ack=1832 Win=65535 Len=0"
"8292","871.156212","ord37s32-in-f10.1e100.net","10.8.0.1","TCP","54","443  >  38514 [FIN, ACK] Seq=2207 Ack=1833 Win=65535 Len=0"
"8293","871.156284","10.8.0.1","ord37s32-in-f10.1e100.net","TCP","54","38502  >  443 [FIN, ACK] Seq=9595 Ack=11178 Win=65535 Len=0"
"8294","871.156411","ord37s32-in-f10.1e100.net","10.8.0.1","TCP","54","443  >  38502 [ACK] Seq=11178 Ack=9596 Win=65535 Len=0"
"8295","871.156564","ord37s32-in-f10.1e100.net","10.8.0.1","TCP","54","443  >  38502 [FIN, ACK] Seq=11178 Ack=9596 Win=65535 Len=0"
"8296","871.156599","10.8.0.1","ord37s32-in-f10.1e100.net","TCP","54","38502  >  443 [RST] Seq=9596 Win=0 Len=0"
"8297","871.193600","10.8.0.1","ord37s32-in-f10.1e100.net","TCP","54","38514  >  443 [ACK] Seq=1833 Ack=2208 Win=65535 Len=0"
"8298","871.193706","10.8.0.1","ord37s32-in-f10.1e100.net","TCP","54","38518  >  443 [ACK] Seq=1832 Ack=2040 Win=65535 Len=0"
"8299","872.156858","10.8.0.1","ord37s32-in-f10.1e100.net","TCP","54","38518  >  443 [FIN, ACK] Seq=1832 Ack=2040 Win=65535 Len=0"
"8300","872.157305","ord37s32-in-f10.1e100.net","10.8.0.1","TCP","54","443  >  38518 [ACK] Seq=2040 Ack=1833 Win=65535 Len=0"
"8301","872.157544","ord37s32-in-f10.1e100.net","10.8.0.1","TCP","54","443  >  38518 [FIN, ACK] Seq=2040 Ack=1833 Win=65535 Len=0"
"8302","872.157596","10.8.0.1","ord37s32-in-f10.1e100.net","TCP","54","38514  >  443 [FIN, ACK] Seq=1833 Ack=2208 Win=65535 Len=0"
"8303","872.157706","ord37s32-in-f10.1e100.net","10.8.0.1","TCP","54","443  >  38514 [ACK] Seq=2208 Ack=1834 Win=65535 Len=0"
"8304","872.157847","ord37s32-in-f10.1e100.net","10.8.0.1","TCP","54","443  >  38514 [FIN, ACK] Seq=2208 Ack=1834 Win=65535 Len=0"
"8305","872.157899","10.8.0.1","ord37s32-in-f10.1e100.net","TCP","54","38518  >  443 [RST] Seq=1833 Win=0 Len=0"
"8306","872.157944","10.8.0.1","ord37s32-in-f10.1e100.net","TCP","54","38514  >  443 [RST] Seq=1834 Win=0 Len=0"
"8307","906.186975","ord38s32-in-f14.1e100.net","10.8.0.1","TCP","54","443  >  37324 [FIN, ACK] Seq=1628 Ack=1362 Win=65535 Len=0"
"8308","906.187613","ord38s32-in-f14.1e100.net","10.8.0.1","TCP","54","[TCP Out-Of-Order] 443  >  37324 [FIN, ACK] Seq=1628 Ack=1362 Win=65535 Len=0"
"8309","906.237914","10.8.0.1","ord38s32-in-f14.1e100.net","TCP","54","37324  >  443 [ACK] Seq=1362 Ack=1629 Win=65535 Len=0"
"8310","906.238008","10.8.0.1","ord38s32-in-f14.1e100.net","TCP","54","37324  >  443 [FIN, ACK] Seq=1362 Ack=1629 Win=65535 Len=0"
"8311","906.238244","ord38s32-in-f14.1e100.net","10.8.0.1","TCP","54","443  >  37324 [ACK] Seq=1629 Ack=1363 Win=65535 Len=0"
"8312","906.238584","ord38s32-in-f14.1e100.net","10.8.0.1","TCP","54","443  >  37324 [FIN, ACK] Seq=1629 Ack=1363 Win=65535 Len=0"
"8313","906.238669","10.8.0.1","ord38s32-in-f14.1e100.net","TCP","54","37324  >  443 [RST] Seq=1363 Win=0 Len=0"
"8314","954.824514","gh-in-f188.1e100.net","10.8.0.1","TLSv1.3","987","Application Data"
"8315","954.874977","10.8.0.1","gh-in-f188.1e100.net","TCP","54","56728  >  5228 [ACK] Seq=1078 Ack=8108 Win=65535 Len=0"
"8316","989.890208","10.8.0.1","ntp1.glypnod.com","NTP","90","NTP Version 3, client"
"8317","990.243062","ntp1.glypnod.com","10.8.0.1","NTP","90","NTP Version 3, server"
"8318","990.243111","10.8.0.1","ec2-52-34-176-190.us-west-2.compute.amazonaws.com","TCP","74","37846  >  443 [SYN] Seq=0 Win=65535 Len=0 MSS=1460 SACK_PERM=1 TSval=3830128776 TSecr=0 WS=1024"
"8319","990.244590","ec2-52-34-176-190.us-west-2.compute.amazonaws.com","10.8.0.1","TCP","54","443  >  37846 [SYN, ACK] Seq=0 Ack=1 Win=65535 Len=0"
"8320","990.244624","10.8.0.1","ec2-52-34-176-190.us-west-2.compute.amazonaws.com","TCP","74","37848  >  443 [SYN] Seq=0 Win=65535 Len=0 MSS=1460 SACK_PERM=1 TSval=3830129030 TSecr=0 WS=1024"
"8321","990.245661","ec2-52-34-176-190.us-west-2.compute.amazonaws.com","10.8.0.1","TCP","54","443  >  37848 [SYN, ACK] Seq=0 Ack=1 Win=65535 Len=0"
"8322","990.245688","10.8.0.1","ord37s33-in-f2.1e100.net","TCP","74","43844  >  443 [SYN] Seq=0 Win=65535 Len=0 MSS=1460 SACK_PERM=1 TSval=204878262 TSecr=0 WS=1024"
"8323","990.246611","ord37s33-in-f2.1e100.net","10.8.0.1","TCP","54","443  >  43844 [SYN, ACK] Seq=0 Ack=1 Win=65535 Len=0"
"8324","990.246632","10.8.0.1","ec2-52-34-176-190.us-west-2.compute.amazonaws.com","TCP","54","37846  >  443 [ACK] Seq=1 Ack=1 Win=65535 Len=0"
"8325","990.246642","10.8.0.1","ec2-52-34-176-190.us-west-2.compute.amazonaws.com","TCP","54","37848  >  443 [ACK] Seq=1 Ack=1 Win=65535 Len=0"
"8326","990.246650","10.8.0.1","ord37s33-in-f2.1e100.net","TCP","54","43844  >  443 [ACK] Seq=1 Ack=1 Win=65535 Len=0"
"8327","990.250041","10.8.0.1","ord37s33-in-f2.1e100.net","TLSv1.3","571","Client Hello"
"8328","990.250119","ord37s33-in-f2.1e100.net","10.8.0.1","TCP","54","443  >  43844 [ACK] Seq=1 Ack=518 Win=65535 Len=0"
"8329","990.253337","10.8.0.1","ec2-52-34-176-190.us-west-2.compute.amazonaws.com","TLSv1.2","571","Client Hello"
"8330","990.253423","ec2-52-34-176-190.us-west-2.compute.amazonaws.com","10.8.0.1","TCP","54","443  >  37846 [ACK] Seq=1 Ack=518 Win=65535 Len=0"
"8331","990.264046","10.8.0.1","ec2-52-34-176-190.us-west-2.compute.amazonaws.com","TLSv1.2","571","Client Hello"
"8332","990.264151","ec2-52-34-176-190.us-west-2.compute.amazonaws.com","10.8.0.1","TCP","54","443  >  37848 [ACK] Seq=1 Ack=518 Win=65535 Len=0"
"8333","990.982390","ord37s33-in-f2.1e100.net","10.8.0.1","TLSv1.3","2850","Server Hello, Change Cipher Spec"
"8334","991.032611","10.8.0.1","ord37s33-in-f2.1e100.net","TCP","54","43844  >  443 [ACK] Seq=518 Ack=2797 Win=65535 Len=0"
"8335","991.032754","ec2-52-34-176-190.us-west-2.compute.amazonaws.com","10.8.0.1","TLSv1.2","3453","Server Hello, Certificate, Server Key Exchange, Server Hello Done"
"8336","991.032812","ec2-52-34-176-190.us-west-2.compute.amazonaws.com","10.8.0.1","TLSv1.2","3453","Server Hello, Certificate, Server Key Exchange, Server Hello Done"
"8337","991.032881","ord37s33-in-f2.1e100.net","10.8.0.1","TCP","1432","443  >  43844 [PSH, ACK] Seq=2797 Ack=518 Win=65535 Len=1378 [TCP segment of a reassembled PDU]"
"8338","991.032896","10.8.0.1","ec2-52-34-176-190.us-west-2.compute.amazonaws.com","TCP","54","37846  >  443 [ACK] Seq=518 Ack=3400 Win=65535 Len=0"
"8339","991.032904","10.8.0.1","ec2-52-34-176-190.us-west-2.compute.amazonaws.com","TCP","54","37848  >  443 [ACK] Seq=518 Ack=3400 Win=65535 Len=0"
"8340","991.032909","10.8.0.1","ord37s33-in-f2.1e100.net","TCP","54","43844  >  443 [ACK] Seq=518 Ack=4175 Win=65535 Len=0"
"8341","991.059385","10.8.0.1","ec2-52-34-176-190.us-west-2.compute.amazonaws.com","TLSv1.2","180","Client Key Exchange, Change Cipher Spec, Encrypted Handshake Message"
"8342","991.059473","ec2-52-34-176-190.us-west-2.compute.amazonaws.com","10.8.0.1","TCP","54","443  >  37846 [ACK] Seq=3400 Ack=644 Win=65535 Len=0"
"8343","991.109826","ord37s33-in-f2.1e100.net","10.8.0.1","TLSv1.3","186","Application Data"
"8344","991.109858","10.8.0.1","ec2-52-34-176-190.us-west-2.compute.amazonaws.com","TLSv1.2","180","Client Key Exchange, Change Cipher Spec, Encrypted Handshake Message"
"8345","991.109892","ec2-52-34-176-190.us-west-2.compute.amazonaws.com","10.8.0.1","TCP","54","443  >  37848 [ACK] Seq=3400 Ack=644 Win=65535 Len=0"
"8346","991.109900","10.8.0.1","ord37s33-in-f2.1e100.net","TCP","54","43844  >  443 [ACK] Seq=518 Ack=4307 Win=65535 Len=0"
"8347","991.111354","10.8.0.1","ord37s33-in-f2.1e100.net","TLSv1.3","118","Change Cipher Spec, Application Data"
"8348","991.111416","ord37s33-in-f2.1e100.net","10.8.0.1","TCP","54","443  >  43844 [ACK] Seq=4307 Ack=582 Win=65535 Len=0"
"8349","991.161573","10.8.0.1","ord37s33-in-f2.1e100.net","TLSv1.3","146","Application Data"
"8350","991.161686","ord37s33-in-f2.1e100.net","10.8.0.1","TCP","54","443  >  43844 [ACK] Seq=4307 Ack=674 Win=65535 Len=0"
"8351","991.161697","10.8.0.1","ord37s19-in-f10.1e100.net","TCP","74","55726  >  443 [SYN] Seq=0 Win=65535 Len=0 MSS=1460 SACK_PERM=1 TSval=2709607387 TSecr=0 WS=1024"
"8352","991.165390","ord37s19-in-f10.1e100.net","10.8.0.1","TCP","54","443  >  55726 [SYN, ACK] Seq=0 Ack=1 Win=65535 Len=0"
"8353","991.165450","10.8.0.1","ord37s33-in-f2.1e100.net","TLSv1.3","433","Application Data"
"8354","991.165479","ord37s33-in-f2.1e100.net","10.8.0.1","TCP","54","443  >  43844 [ACK] Seq=4307 Ack=1053 Win=65535 Len=0"
"8355","991.165485","10.8.0.1","ord37s19-in-f10.1e100.net","TCP","54","55726  >  443 [ACK] Seq=1 Ack=1 Win=65535 Len=0"
"8356","991.172737","10.8.0.1","ord37s19-in-f10.1e100.net","TLSv1.3","571","Client Hello"
"8357","991.172827","ord37s19-in-f10.1e100.net","10.8.0.1","TCP","54","443  >  55726 [ACK] Seq=1 Ack=518 Win=65535 Len=0"
"8358","991.200645","ord37s33-in-f2.1e100.net","10.8.0.1","TLSv1.3","662","Application Data, Application Data"
"8359","991.250797","10.8.0.1","ord37s33-in-f2.1e100.net","TCP","54","43844  >  443 [ACK] Seq=1053 Ack=4915 Win=65535 Len=0"
"8360","991.250929","ec2-52-34-176-190.us-west-2.compute.amazonaws.com","10.8.0.1","TLSv1.2","105","Change Cipher Spec, Encrypted Handshake Message"
"8361","991.251010","ec2-52-34-176-190.us-west-2.compute.amazonaws.com","10.8.0.1","TLSv1.2","105","Change Cipher Spec, Encrypted Handshake Message"
"8362","991.251021","10.8.0.1","ord37s33-in-f2.1e100.net","TLSv1.3","85","Application Data"
"8363","991.251043","ord37s33-in-f2.1e100.net","10.8.0.1","TCP","54","443  >  43844 [ACK] Seq=4915 Ack=1084 Win=65535 Len=0"
"8364","991.251050","10.8.0.1","ec2-44-236-164-51.us-west-2.compute.amazonaws.com","TCP","74","44894  >  443 [SYN] Seq=0 Win=65535 Len=0 MSS=1460 SACK_PERM=1 TSval=2031608251 TSecr=0 WS=1024"
"8365","991.252103","ec2-44-236-164-51.us-west-2.compute.amazonaws.com","10.8.0.1","TCP","54","443  >  44894 [SYN, ACK] Seq=0 Ack=1 Win=65535 Len=0"
"8366","991.252135","10.8.0.1","ec2-52-34-176-190.us-west-2.compute.amazonaws.com","TCP","54","37846  >  443 [ACK] Seq=644 Ack=3451 Win=65535 Len=0"
"8367","991.252143","10.8.0.1","ec2-52-34-176-190.us-west-2.compute.amazonaws.com","TCP","54","37848  >  443 [ACK] Seq=644 Ack=3451 Win=65535 Len=0"
"8368","991.252149","10.8.0.1","ec2-52-34-176-190.us-west-2.compute.amazonaws.com","TLSv1.2","437","Application Data"
"8369","991.252169","ec2-52-34-176-190.us-west-2.compute.amazonaws.com","10.8.0.1","TCP","54","443  >  37846 [ACK] Seq=3451 Ack=1027 Win=65535 Len=0"
"8370","991.252175","10.8.0.1","ec2-44-236-164-51.us-west-2.compute.amazonaws.com","TCP","54","44894  >  443 [ACK] Seq=1 Ack=1 Win=65535 Len=0"
"8371","991.256520","10.8.0.1","ec2-44-236-164-51.us-west-2.compute.amazonaws.com","TLSv1.2","571","Client Hello"
"8372","991.256614","ec2-44-236-164-51.us-west-2.compute.amazonaws.com","10.8.0.1","TCP","54","443  >  44894 [ACK] Seq=1 Ack=518 Win=65535 Len=0"
"8373","991.298909","ord37s33-in-f2.1e100.net","10.8.0.1","TLSv1.3","85","Application Data"
"8374","991.349252","10.8.0.1","ord37s33-in-f2.1e100.net","TCP","54","43844  >  443 [ACK] Seq=1084 Ack=4946 Win=65535 Len=0"
"8375","991.369101","ord37s19-in-f10.1e100.net","10.8.0.1","TLSv1.3","1432","Server Hello, Change Cipher Spec"
"8376","991.419250","10.8.0.1","ord37s19-in-f10.1e100.net","TCP","54","55726  >  443 [ACK] Seq=518 Ack=1379 Win=65535 Len=0"
"8377","991.419420","ord37s33-in-f2.1e100.net","10.8.0.1","TLSv1.3","483","Application Data"
"8378","991.419510","ord37s19-in-f10.1e100.net","10.8.0.1","TLSv1.3","3362","Application Data"
"8379","991.419521","10.8.0.1","edge-star-shv-01-ort2.facebook.com","TCP","74","43088  >  443 [SYN] Seq=0 Win=65535 Len=0 MSS=1460 SACK_PERM=1 TSval=1359670898 TSecr=0 WS=1024"
"8380","991.420813","edge-star-shv-01-ort2.facebook.com","10.8.0.1","TCP","54","443  >  43088 [SYN, ACK] Seq=0 Ack=1 Win=65535 Len=0"
"8381","991.420848","10.8.0.1","ord37s33-in-f2.1e100.net","TCP","54","43844  >  443 [ACK] Seq=1084 Ack=5375 Win=65535 Len=0"
"8382","991.420873","10.8.0.1","ord37s19-in-f10.1e100.net","TCP","54","55726  >  443 [ACK] Seq=518 Ack=4687 Win=65535 Len=0"
"8383","991.420882","10.8.0.1","edge-star-shv-01-ort2.facebook.com","TCP","54","43088  >  443 [ACK] Seq=1 Ack=1 Win=65535 Len=0"
"8384","991.427188","10.8.0.1","edge-star-shv-01-ort2.facebook.com","TLSv1.3","571","Client Hello"
"8385","991.427299","edge-star-shv-01-ort2.facebook.com","10.8.0.1","TCP","54","443  >  43088 [ACK] Seq=1 Ack=518 Win=65535 Len=0"
"8386","991.430555","10.8.0.1","ord37s33-in-f2.1e100.net","TLSv1.3","93","Application Data"
"8387","991.430655","ord37s33-in-f2.1e100.net","10.8.0.1","TCP","54","443  >  43844 [ACK] Seq=5375 Ack=1123 Win=65535 Len=0"
"8388","991.480962","ec2-52-34-176-190.us-west-2.compute.amazonaws.com","10.8.0.1","TLSv1.2","621","Application Data"
"8389","991.481001","10.8.0.1","ord37s19-in-f10.1e100.net","TLSv1.3","118","Change Cipher Spec, Application Data"
"8390","991.481042","ord37s19-in-f10.1e100.net","10.8.0.1","TCP","54","443  >  55726 [ACK] Seq=4687 Ack=582 Win=65535 Len=0"
"8391","991.481098","10.8.0.1","ord37s33-in-f2.1e100.net","QUIC","1292","Initial, DCID=6fb3b6c1769b2b35, PKN: 1, CRYPTO, CRYPTO, CRYPTO, PING, PING, CRYPTO, CRYPTO, CRYPTO, PADDING, CRYPTO, PING, CRYPTO, CRYPTO, PADDING, CRYPTO, CRYPTO"
"8392","991.685275","ord37s33-in-f2.1e100.net","10.8.0.1","QUIC","1292","Initial, SCID=6fb3b6c1769b2b35, PKN: 1, ACK, CRYPTO, PADDING"
"8393","991.685414","10.8.0.1","ord37s33-in-f2.1e100.net","TLSv1.3","315","Application Data"
"8394","991.685460","ord37s33-in-f2.1e100.net","10.8.0.1","TCP","54","443  >  43844 [ACK] Seq=5375 Ack=1384 Win=65535 Len=0"
"8395","991.685549","ec2-44-236-164-51.us-west-2.compute.amazonaws.com","10.8.0.1","TLSv1.2","5569","Server Hello, Certificate, Server Key Exchange, Server Hello Done"
"8396","991.685631","edge-star-shv-01-ort2.facebook.com","10.8.0.1","TLSv1.3","2812","Server Hello, Change Cipher Spec, Application Data, Application Data"
"8397","991.685654","10.8.0.1","ord37s19-in-f10.1e100.net","TCP","590","55726  >  443 [ACK] Seq=582 Ack=4687 Win=65535 Len=536 [TCP segment of a reassembled PDU]"
"8398","991.685684","ord37s19-in-f10.1e100.net","10.8.0.1","TCP","54","443  >  55726 [ACK] Seq=4687 Ack=1118 Win=65535 Len=0"
"8399","991.685727","10.8.0.1","ord37s19-in-f10.1e100.net","TCP","590","55726  >  443 [PSH, ACK] Seq=1118 Ack=4687 Win=65535 Len=536 [TCP segment of a reassembled PDU]"
"8400","991.685754","ord37s19-in-f10.1e100.net","10.8.0.1","TCP","54","443  >  55726 [ACK] Seq=4687 Ack=1654 Win=65535 Len=0"
"8401","991.685765","10.8.0.1","ec2-52-34-176-190.us-west-2.compute.amazonaws.com","TCP","54","37846  >  443 [ACK] Seq=1027 Ack=4018 Win=65535 Len=0"
"8402","991.685785","10.8.0.1","ord37s19-in-f10.1e100.net","TLSv1.3","110","Application Data"
"8403","991.685805","ord37s19-in-f10.1e100.net","10.8.0.1","TCP","54","443  >  55726 [ACK] Seq=4687 Ack=1710 Win=65535 Len=0"
"8404","991.685814","10.8.0.1","ec2-44-236-164-51.us-west-2.compute.amazonaws.com","TCP","54","44894  >  443 [ACK] Seq=518 Ack=5516 Win=65535 Len=0"
"8405","991.685829","10.8.0.1","edge-star-shv-01-ort2.facebook.com","TCP","54","43088  >  443 [ACK] Seq=518 Ack=2759 Win=65535 Len=0"
"8406","991.687861","10.8.0.1","ord37s33-in-f2.1e100.net","QUIC","1292","Initial, DCID=6fb3b6c1769b2b35, PKN: 2, ACK, PADDING"
"8407","992.705250","10.8.0.1","ec2-44-236-164-51.us-west-2.compute.amazonaws.com","TLSv1.2","180","Client Key Exchange, Change Cipher Spec, Encrypted Handshake Message"
"8408","992.705422","ec2-44-236-164-51.us-west-2.compute.amazonaws.com","10.8.0.1","TCP","54","443  >  44894 [ACK] Seq=5516 Ack=644 Win=65535 Len=0"
"8409","992.705579","edge-star-shv-01-ort2.facebook.com","10.8.0.1","TLSv1.3","538","Application Data"
"8410","992.705624","ord37s33-in-f2.1e100.net","10.8.0.1","TLSv1.3","190","Application Data, Application Data, Application Data"
"8411","992.705671","ord37s19-in-f10.1e100.net","10.8.0.1","TLSv1.3","1541","Application Data, Application Data, Application Data"
"8412","992.705681","10.8.0.1","server-52-84-121-98.ord53.r.cloudfront.net","TCP","74","45338  >  443 [SYN] Seq=0 Win=65535 Len=0 MSS=1460 SACK_PERM=1 TSval=1771417686 TSecr=0 WS=1024"
"8413","992.708425","server-52-84-121-98.ord53.r.cloudfront.net","10.8.0.1","TCP","54","443  >  45338 [SYN, ACK] Seq=0 Ack=1 Win=65535 Len=0"
"8414","992.708508","10.8.0.1","server-52-84-121-98.ord53.r.cloudfront.net","TCP","74","45340  >  443 [SYN] Seq=0 Win=65535 Len=0 MSS=1460 SACK_PERM=1 TSval=1771417686 TSecr=0 WS=1024"
"8415","992.710425","server-52-84-121-98.ord53.r.cloudfront.net","10.8.0.1","TCP","54","443  >  45340 [SYN, ACK] Seq=0 Ack=1 Win=65535 Len=0"
"8416","992.710503","10.8.0.1","server-52-84-121-98.ord53.r.cloudfront.net","TCP","74","45342  >  443 [SYN] Seq=0 Win=65535 Len=0 MSS=1460 SACK_PERM=1 TSval=1771417687 TSecr=0 WS=1024"
"8417","992.713869","server-52-84-121-98.ord53.r.cloudfront.net","10.8.0.1","TCP","54","443  >  45342 [SYN, ACK] Seq=0 Ack=1 Win=65535 Len=0"
"8418","992.713911","10.8.0.1","ec2-44-236-164-51.us-west-2.compute.amazonaws.com","TLSv1.2","180","[TCP Spurious Retransmission] , Encrypted Handshake Message, Change Cipher Spec, Encrypted Handshake Message"
"8419","992.713945","ec2-44-236-164-51.us-west-2.compute.amazonaws.com","10.8.0.1","TCP","54","[TCP Dup ACK 8408#1] 443  >  44894 [ACK] Seq=5516 Ack=644 Win=65535 Len=0"
"8420","992.713953","10.8.0.1","ord37s33-in-f2.1e100.net","QUIC","83","Handshake, DCID=6fb3b6c1769b2b35"
"8421","992.812382","ord37s33-in-f2.1e100.net","10.8.0.1","QUIC","136","Initial, SCID=6fb3b6c1769b2b35, PKN: 6, CC"
"8422","992.812488","10.8.0.1","ec2-44-236-164-51.us-west-2.compute.amazonaws.com","TLSv1.2","180","[TCP Spurious Retransmission] , Encrypted Handshake Message, Change Cipher Spec, Encrypted Handshake Message"
"8423","992.812542","ec2-44-236-164-51.us-west-2.compute.amazonaws.com","10.8.0.1","TCP","54","[TCP Dup ACK 8408#2] 443  >  44894 [ACK] Seq=5516 Ack=644 Win=65535 Len=0"
"8424","992.812557","10.8.0.1","ord37s33-in-f2.1e100.net","QUIC","83","Handshake, DCID=6fb3b6c1769b2b35"
"8425","992.898684","ord37s33-in-f2.1e100.net","10.8.0.1","QUIC","136","Initial, SCID=6fb3b6c1769b2b35, PKN: 6, CC"
"8426","992.898745","10.8.0.1","edge-star-shv-01-ort2.facebook.com","TCP","74","43098  >  443 [SYN] Seq=0 Win=65535 Len=0 MSS=1460 SACK_PERM=1 TSval=1359672136 TSecr=0 WS=1024"
"8427","992.902560","edge-star-shv-01-ort2.facebook.com","10.8.0.1","TCP","54","443  >  43098 [SYN, ACK] Seq=0 Ack=1 Win=65535 Len=0"
"8428","992.902638","ec2-44-236-164-51.us-west-2.compute.amazonaws.com","10.8.0.1","TLSv1.2","344","New Session Ticket, Change Cipher Spec, Encrypted Handshake Message"
"8429","992.902647","10.8.0.1","edge-star-shv-01-ort2.facebook.com","TCP","54","43088  >  443 [ACK] Seq=518 Ack=3243 Win=65535 Len=0"
"8430","992.902654","10.8.0.1","ord37s19-in-f10.1e100.net","TCP","54","55726  >  443 [ACK] Seq=1710 Ack=6174 Win=65535 Len=0"
"8431","992.902660","10.8.0.1","ord37s33-in-f2.1e100.net","TLSv1.3","93","Application Data"
"8432","992.902677","ord37s33-in-f2.1e100.net","10.8.0.1","TCP","54","443  >  43844 [ACK] Seq=5511 Ack=1423 Win=65535 Len=0"
"8433","992.902682","10.8.0.1","edge-star-shv-01-ort2.facebook.com","TLSv1.3","118","Change Cipher Spec, Application Data"
"8434","992.902702","edge-star-shv-01-ort2.facebook.com","10.8.0.1","TCP","54","443  >  43088 [ACK] Seq=3243 Ack=582 Win=65535 Len=0"
"8435","992.902731","10.8.0.1","edge-star-shv-01-ort2.facebook.com","TCP","590","43088  >  443 [ACK] Seq=582 Ack=3243 Win=65535 Len=536 [TCP segment of a reassembled PDU]"
"8436","992.902742","edge-star-shv-01-ort2.facebook.com","10.8.0.1","TCP","54","443  >  43088 [ACK] Seq=3243 Ack=1118 Win=65535 Len=0"
"8437","992.902747","10.8.0.1","edge-star-shv-01-ort2.facebook.com","TCP","54","43098  >  443 [ACK] Seq=1 Ack=1 Win=65535 Len=0"
"8438","992.902751","10.8.0.1","ec2-44-236-164-51.us-west-2.compute.amazonaws.com","TCP","54","44894  >  443 [ACK] Seq=644 Ack=5806 Win=65535 Len=0"
"8439","992.902755","10.8.0.1","edge-star-shv-01-ort2.facebook.com","TLSv1.3","364","Application Data, Application Data"
"8440","992.902763","edge-star-shv-01-ort2.facebook.com","10.8.0.1","TCP","54","443  >  43088 [ACK] Seq=3243 Ack=1428 Win=65535 Len=0"
"8441","992.952912","10.8.0.1","ec2-44-236-164-51.us-west-2.compute.amazonaws.com","TLSv1.2","107","Application Data"
"8442","992.953221","ec2-44-236-164-51.us-west-2.compute.amazonaws.com","10.8.0.1","TCP","54","443  >  44894 [ACK] Seq=5806 Ack=697 Win=65535 Len=0"
"8443","992.953360","ec2-44-236-164-51.us-west-2.compute.amazonaws.com","10.8.0.1","TLSv1.2","123","Application Data"
"8444","992.953396","10.8.0.1","ec2-44-236-164-51.us-west-2.compute.amazonaws.com","TLSv1.2","590","Application Data, Application Data"
"8445","992.953484","ec2-44-236-164-51.us-west-2.compute.amazonaws.com","10.8.0.1","TCP","54","443  >  44894 [ACK] Seq=5806 Ack=1233 Win=65535 Len=0"
"8446","992.953522","10.8.0.1","edge-star-shv-01-ort2.facebook.com","TLSv1.2","214","Client Hello"
"8447","992.953595","edge-star-shv-01-ort2.facebook.com","10.8.0.1","TCP","54","443  >  43098 [ACK] Seq=1 Ack=161 Win=65535 Len=0"
"8448","992.953622","10.8.0.1","ec2-44-236-164-51.us-west-2.compute.amazonaws.com","TCP","590","44894  >  443 [ACK] Seq=1233 Ack=5806 Win=65535 Len=536 [TCP segment of a reassembled PDU]"
"8449","992.953710","ec2-44-236-164-51.us-west-2.compute.amazonaws.com","10.8.0.1","TCP","54","443  >  44894 [ACK] Seq=5806 Ack=1769 Win=65535 Len=0"
"8450","992.953766","10.8.0.1","ec2-44-236-164-51.us-west-2.compute.amazonaws.com","TCP","590","44894  >  443 [ACK] Seq=1769 Ack=5806 Win=65535 Len=536 [TCP segment of a reassembled PDU]"
"8451","992.953825","ec2-44-236-164-51.us-west-2.compute.amazonaws.com","10.8.0.1","TCP","54","443  >  44894 [ACK] Seq=5806 Ack=2305 Win=65535 Len=0"
"8452","992.953853","10.8.0.1","ec2-44-236-164-51.us-west-2.compute.amazonaws.com","TCP","54","44894  >  443 [ACK] Seq=2305 Ack=5875 Win=65535 Len=0"
"8453","992.953878","10.8.0.1","ec2-44-236-164-51.us-west-2.compute.amazonaws.com","TCP","54","[TCP Dup ACK 8452#1] 44894  >  443 [ACK] Seq=2305 Ack=5875 Win=65535 Len=0"
"8454","992.992955","ec2-44-236-164-51.us-west-2.compute.amazonaws.com","10.8.0.1","TLSv1.2","85","Encrypted Alert"
"8455","993.043782","10.8.0.1","ec2-44-236-164-51.us-west-2.compute.amazonaws.com","TCP","590","44894  >  443 [ACK] Seq=2305 Ack=5906 Win=65535 Len=536 [TCP segment of a reassembled PDU]"
"8456","993.044288","ec2-44-236-164-51.us-west-2.compute.amazonaws.com","10.8.0.1","TCP","54","443  >  44894 [ACK] Seq=5906 Ack=2841 Win=65535 Len=0"
"8457","993.044584","ec2-44-236-164-51.us-west-2.compute.amazonaws.com","10.8.0.1","TCP","54","443  >  44894 [FIN, ACK] Seq=5906 Ack=2841 Win=65535 Len=0"
"8458","993.044718","10.8.0.1","ec2-44-236-164-51.us-west-2.compute.amazonaws.com","TCP","590","44894  >  443 [PSH, ACK] Seq=2841 Ack=5906 Win=65535 Len=536 [TCP segment of a reassembled PDU]"
"8459","993.044729","10.8.0.1","ec2-44-236-164-51.us-west-2.compute.amazonaws.com","TCP","590","44894  >  443 [ACK] Seq=3377 Ack=5906 Win=65535 Len=536 [TCP segment of a reassembled PDU]"
"8460","993.044735","10.8.0.1","ec2-44-236-164-51.us-west-2.compute.amazonaws.com","TLSv1.2","226","Application Data, Application Data"
"8461","993.044741","10.8.0.1","ec2-44-236-164-51.us-west-2.compute.amazonaws.com","TLSv1.2","85","Encrypted Alert"
"8462","993.044762","ec2-44-236-164-51.us-west-2.compute.amazonaws.com","10.8.0.1","TCP","54","[TCP Keep-Alive] 443  >  44894 [ACK] Seq=5906 Ack=4086 Win=65535 Len=0"
"8463","993.044787","ec2-44-236-164-51.us-west-2.compute.amazonaws.com","10.8.0.1","TCP","54","[TCP Out-Of-Order] 443  >  44894 [FIN, ACK] Seq=5906 Ack=4086 Win=65535 Len=0"
"8464","993.044794","10.8.0.1","ec2-54-148-180-41.us-west-2.compute.amazonaws.com","TCP","74","54896  >  443 [SYN] Seq=0 Win=65535 Len=0 MSS=1460 SACK_PERM=1 TSval=3463397032 TSecr=0 WS=1024"
"8465","993.047489","ec2-54-148-180-41.us-west-2.compute.amazonaws.com","10.8.0.1","TCP","54","443  >  54896 [SYN, ACK] Seq=0 Ack=1 Win=65535 Len=0"
"8466","993.047524","10.8.0.1","ec2-44-236-164-51.us-west-2.compute.amazonaws.com","TCP","54","44894  >  443 [ACK] Seq=4117 Ack=5907 Win=65535 Len=0"
"8467","993.047530","10.8.0.1","ec2-44-236-164-51.us-west-2.compute.amazonaws.com","TCP","54","[TCP Dup ACK 8466#1] 44894  >  443 [ACK] Seq=4117 Ack=5907 Win=65535 Len=0"
"8468","993.047535","10.8.0.1","ec2-54-148-180-41.us-west-2.compute.amazonaws.com","TCP","54","54896  >  443 [ACK] Seq=1 Ack=1 Win=65535 Len=0"
"8469","993.051167","10.8.0.1","ec2-54-148-180-41.us-west-2.compute.amazonaws.com","TLSv1.2","579","Client Hello"
"8470","993.051258","ec2-54-148-180-41.us-west-2.compute.amazonaws.com","10.8.0.1","TCP","54","443  >  54896 [ACK] Seq=1 Ack=526 Win=65535 Len=0"
"8471","993.081200","edge-star-shv-01-ort2.facebook.com","10.8.0.1","TLSv1.3","231","Application Data"
"8472","993.131824","10.8.0.1","edge-star-shv-01-ort2.facebook.com","TCP","54","43088  >  443 [ACK] Seq=1428 Ack=3420 Win=65535 Len=0"
"8473","993.156559","edge-star-shv-01-ort2.facebook.com","10.8.0.1","TLSv1.3","746","Application Data"
"8474","993.206709","10.8.0.1","edge-star-shv-01-ort2.facebook.com","TCP","54","43088  >  443 [ACK] Seq=1428 Ack=4112 Win=65535 Len=0"
"8475","993.206921","edge-star-shv-01-ort2.facebook.com","10.8.0.1","TLSv1.2","3212","Server Hello, Certificate, Server Key Exchange, Server Hello Done"
"8476","993.206950","10.8.0.1","edge-star-shv-01-ort2.facebook.com","TCP","54","43098  >  443 [ACK] Seq=161 Ack=3159 Win=65535 Len=0"
"8477","993.261705","10.8.0.1","edge-star-shv-01-ort2.facebook.com","TLSv1.2","180","Client Key Exchange, Change Cipher Spec, Encrypted Handshake Message"
"8478","993.261805","edge-star-shv-01-ort2.facebook.com","10.8.0.1","TCP","54","443  >  43098 [ACK] Seq=3159 Ack=287 Win=65535 Len=0"
"8479","993.312021","10.8.0.1","ec2-44-236-164-51.us-west-2.compute.amazonaws.com","TCP","84","[TCP Retransmission] 44894  >  443 [FIN, PSH, ACK] Seq=4086 Ack=5907 Win=65535 Len=30"
"8480","993.312121","ec2-44-236-164-51.us-west-2.compute.amazonaws.com","10.8.0.1","TCP","54","443  >  44894 [ACK] Seq=5907 Ack=4087 Win=65535 Len=0"
"8481","993.312137","ec2-44-236-164-51.us-west-2.compute.amazonaws.com","10.8.0.1","TCP","54","443  >  44894 [FIN, ACK] Seq=5907 Ack=4087 Win=65535 Len=0"
"8482","993.375996","10.8.0.1","ord37s33-in-f2.1e100.net","QUIC","83","Handshake, DCID=6fb3b6c1769b2b35"
"8483","994.397937","10.8.0.1","ec2-44-236-164-51.us-west-2.compute.amazonaws.com","TCP","83","[TCP Retransmission] 44894  >  443 [FIN, PSH, ACK] Seq=4087 Ack=5907 Win=65535 Len=29"
"8484","994.398165","ec2-44-236-164-51.us-west-2.compute.amazonaws.com","10.8.0.1","TCP","54","[TCP Keep-Alive] 443  >  44894 [ACK] Seq=5907 Ack=4088 Win=65535 Len=0"
"8485","994.398222","ec2-44-236-164-51.us-west-2.compute.amazonaws.com","10.8.0.1","TCP","54","[TCP Retransmission] 443  >  44894 [FIN, ACK] Seq=5907 Ack=4088 Win=65535 Len=0"
"8486","994.398460","edge-star-shv-01-ort2.facebook.com","10.8.0.1","TLSv1.2","328","New Session Ticket, Change Cipher Spec, Encrypted Handshake Message"
"8487","994.398607","ec2-54-148-180-41.us-west-2.compute.amazonaws.com","10.8.0.1","TLSv1.2","5569","Server Hello, Certificate, Server Key Exchange, Server Hello Done"
"8488","994.398746","10.8.0.1","edge-star-shv-01-ort2.facebook.com","TCP","54","43098  >  443 [ACK] Seq=287 Ack=3433 Win=65535 Len=0"
"8489","994.398792","10.8.0.1","ec2-54-148-180-41.us-west-2.compute.amazonaws.com","TCP","54","54896  >  443 [ACK] Seq=526 Ack=5516 Win=65535 Len=0"
"8490","994.672597","10.8.0.1","ec2-54-148-180-41.us-west-2.compute.amazonaws.com","TLSv1.2","180","Client Key Exchange, Change Cipher Spec, Encrypted Handshake Message"
"8491","994.672705","ec2-54-148-180-41.us-west-2.compute.amazonaws.com","10.8.0.1","TCP","54","443  >  54896 [ACK] Seq=5516 Ack=652 Win=65535 Len=0"
"8492","994.723022","10.8.0.1","edge-star-shv-01-ort2.facebook.com","TCP","590","43098  >  443 [ACK] Seq=287 Ack=3433 Win=65535 Len=536 [TCP segment of a reassembled PDU]"
"8493","994.723615","edge-star-shv-01-ort2.facebook.com","10.8.0.1","TCP","54","443  >  43098 [ACK] Seq=3433 Ack=823 Win=65535 Len=0"
"8494","994.723664","10.8.0.1","edge-star-shv-01-ort2.facebook.com","TLSv1.2","371","Application Data"
"8495","994.723783","edge-star-shv-01-ort2.facebook.com","10.8.0.1","TCP","54","443  >  43098 [ACK] Seq=3433 Ack=1140 Win=65535 Len=0"
"8496","994.723815","10.8.0.1","ec2-44-236-164-51.us-west-2.compute.amazonaws.com","TCP","82","[TCP Retransmission] 44894  >  443 [FIN, PSH, ACK] Seq=4088 Ack=5907 Win=65535 Len=28"
"8497","994.723886","ec2-44-236-164-51.us-west-2.compute.amazonaws.com","10.8.0.1","TCP","54","[TCP Keep-Alive] 443  >  44894 [ACK] Seq=5907 Ack=4089 Win=65535 Len=0"
"8498","994.723940","ec2-44-236-164-51.us-west-2.compute.amazonaws.com","10.8.0.1","TCP","54","[TCP Retransmission] 443  >  44894 [FIN, ACK] Seq=5907 Ack=4089 Win=65535 Len=0"
"8499","994.854950","ec2-54-148-180-41.us-west-2.compute.amazonaws.com","10.8.0.1","TLSv1.2","344","New Session Ticket, Change Cipher Spec, Encrypted Handshake Message"
"8500","994.905178","10.8.0.1","ec2-54-148-180-41.us-west-2.compute.amazonaws.com","TCP","54","54896  >  443 [ACK] Seq=652 Ack=5806 Win=65535 Len=0"
"8501","994.905277","10.8.0.1","ec2-54-148-180-41.us-west-2.compute.amazonaws.com","TLSv1.2","107","Application Data"
"8502","994.905558","ec2-54-148-180-41.us-west-2.compute.amazonaws.com","10.8.0.1","TCP","54","443  >  54896 [ACK] Seq=5806 Ack=705 Win=65535 Len=0"
"8503","994.905598","10.8.0.1","ec2-54-148-180-41.us-west-2.compute.amazonaws.com","TLSv1.2","590","Application Data, Application Data"
"8504","994.905671","ec2-54-148-180-41.us-west-2.compute.amazonaws.com","10.8.0.1","TCP","54","443  >  54896 [ACK] Seq=5806 Ack=1241 Win=65535 Len=0"
"8505","994.905716","10.8.0.1","ec2-54-148-180-41.us-west-2.compute.amazonaws.com","TCP","590","54896  >  443 [PSH, ACK] Seq=1241 Ack=5806 Win=65535 Len=536 [TCP segment of a reassembled PDU]"
"8506","994.905783","ec2-54-148-180-41.us-west-2.compute.amazonaws.com","10.8.0.1","TCP","54","443  >  54896 [ACK] Seq=5806 Ack=1777 Win=65535 Len=0"
"8507","994.905815","10.8.0.1","ec2-54-148-180-41.us-west-2.compute.amazonaws.com","TCP","590","54896  >  443 [ACK] Seq=1777 Ack=5806 Win=65535 Len=536 [TCP segment of a reassembled PDU]"
"8508","994.905878","ec2-54-148-180-41.us-west-2.compute.amazonaws.com","10.8.0.1","TCP","54","443  >  54896 [ACK] Seq=5806 Ack=2313 Win=65535 Len=0"
"8509","994.905916","10.8.0.1","ec2-54-148-180-41.us-west-2.compute.amazonaws.com","TCP","590","54896  >  443 [PSH, ACK] Seq=2313 Ack=5806 Win=65535 Len=536 [TCP segment of a reassembled PDU]"
"8510","994.906025","ec2-54-148-180-41.us-west-2.compute.amazonaws.com","10.8.0.1","TCP","54","443  >  54896 [ACK] Seq=5806 Ack=2849 Win=65535 Len=0"
"8511","994.906057","10.8.0.1","ec2-54-148-180-41.us-west-2.compute.amazonaws.com","TCP","590","54896  >  443 [ACK] Seq=2849 Ack=5806 Win=65535 Len=536 [TCP segment of a reassembled PDU]"
"8512","994.906119","ec2-54-148-180-41.us-west-2.compute.amazonaws.com","10.8.0.1","TCP","54","443  >  54896 [ACK] Seq=5806 Ack=3385 Win=65535 Len=0"
"8513","994.906157","10.8.0.1","ec2-54-148-180-41.us-west-2.compute.amazonaws.com","TCP","590","54896  >  443 [PSH, ACK] Seq=3385 Ack=5806 Win=65535 Len=536 [TCP segment of a reassembled PDU]"
"8514","994.906221","ec2-54-148-180-41.us-west-2.compute.amazonaws.com","10.8.0.1","TCP","54","443  >  54896 [ACK] Seq=5806 Ack=3921 Win=65535 Len=0"
"8515","994.906250","10.8.0.1","ec2-54-148-180-41.us-west-2.compute.amazonaws.com","TLSv1.2","188","Application Data"
"8516","994.906311","ec2-54-148-180-41.us-west-2.compute.amazonaws.com","10.8.0.1","TCP","54","443  >  54896 [ACK] Seq=5806 Ack=4055 Win=65535 Len=0"
"8517","994.934847","ec2-54-148-180-41.us-west-2.compute.amazonaws.com","10.8.0.1","TLSv1.2","123","Application Data"
"8518","994.985074","10.8.0.1","ec2-54-148-180-41.us-west-2.compute.amazonaws.com","TCP","54","54896  >  443 [ACK] Seq=4055 Ack=5875 Win=65535 Len=0"
"8519","994.985165","10.8.0.1","ec2-54-148-180-41.us-west-2.compute.amazonaws.com","TLSv1.2","92","Application Data"
"8520","994.985361","ec2-54-148-180-41.us-west-2.compute.amazonaws.com","10.8.0.1","TCP","54","443  >  54896 [ACK] Seq=5875 Ack=4093 Win=65535 Len=0"
"8521","995.036073","edge-star-shv-01-ort2.facebook.com","10.8.0.1","TLSv1.2","936","Application Data"
"8522","995.086285","10.8.0.1","edge-star-shv-01-ort2.facebook.com","TCP","54","43098  >  443 [ACK] Seq=1140 Ack=4315 Win=65535 Len=0"
"8523","995.086373","10.8.0.1","ord37s33-in-f2.1e100.net","QUIC","83","Handshake, DCID=6fb3b6c1769b2b35"
"8524","995.486134","ord37s33-in-f2.1e100.net","10.8.0.1","QUIC","136","Initial, SCID=6fb3b6c1769b2b35, PKN: 6, CC"
"8525","995.486195","10.8.0.1","ec2-52-34-176-190.us-west-2.compute.amazonaws.com","TLSv1.2","85","Encrypted Alert"
"8526","995.486259","ec2-52-34-176-190.us-west-2.compute.amazonaws.com","10.8.0.1","TCP","54","443  >  37848 [ACK] Seq=3451 Ack=675 Win=65535 Len=0"
"8527","995.486340","ec2-54-148-180-41.us-west-2.compute.amazonaws.com","10.8.0.1","TLSv1.2","92","Application Data"
"8528","995.486350","10.8.0.1","ec2-52-34-176-190.us-west-2.compute.amazonaws.com","TCP","54","37848  >  443 [FIN, ACK] Seq=675 Ack=3451 Win=65535 Len=0"
"8529","995.486384","ec2-52-34-176-190.us-west-2.compute.amazonaws.com","10.8.0.1","TCP","54","443  >  37848 [ACK] Seq=3451 Ack=676 Win=65535 Len=0"
"8530","995.486419","ec2-52-34-176-190.us-west-2.compute.amazonaws.com","10.8.0.1","TCP","54","443  >  37848 [FIN, ACK] Seq=3451 Ack=676 Win=65535 Len=0"
"8531","995.486606","10.8.0.1","ec2-54-148-180-41.us-west-2.compute.amazonaws.com","TCP","54","54896  >  443 [ACK] Seq=4093 Ack=5913 Win=65535 Len=0"
"8532","995.486616","10.8.0.1","ec2-52-34-176-190.us-west-2.compute.amazonaws.com","TCP","54","37848  >  443 [ACK] Seq=676 Ack=3452 Win=65535 Len=0"
"8533","995.530961","ec2-54-148-180-41.us-west-2.compute.amazonaws.com","10.8.0.1","TLSv1.2","191","Application Data"
"8534","995.581682","10.8.0.1","ec2-54-148-180-41.us-west-2.compute.amazonaws.com","TCP","54","54896  >  443 [ACK] Seq=4093 Ack=6050 Win=65535 Len=0"
"8535","996.111394","10.8.0.1","ord37s33-in-f2.1e100.net","QUIC","169","Handshake, DCID=6fb3b6c1769b2b35"
